-6.149621381478541,-6.174913340322836,-6.323190887831531,-6.220140430079877,-6.238031750295487,-6.255560978018097,-6.309560087305002,-6.213896460284222,-6.193424766516806,-6.257303889143963,-6.274843585037781,-6.244690494587484,-6.304393500606139,-6.3022974965458864,-6.288833260480224,-6.34588396548747,-6.337495335093293,-6.355103952556387,-6.398960647931855,-6.298536239294473,-7.0,-7.0,-7.0,-7.0,-7.0,-7.0,-7.0,-7.0,-7.0,-7.0,-7.0,-7.0,-7.0,-7.0,-7.0,-7.0,-7.0,-7.0,-7.0,-7.0
-6.427330433343883,-6.372645167172761,-6.325845001155232,-6.427187485450509,-6.31991808075363,-6.177844550883597,-6.339916436169464,-6.467729254660031,-6.210742988060942,-6.300686227598294,-6.309074771024605,-6.244279422758035,-6.261160399334395,-6.312912329736041,-6.270042558431818,-6.353619197548025,-6.327315817583992,-6.313240847151462,-6.210941691930279,-6.251231502995924,-6.823908740944319,-6.823908740944319,-6.823908740944319,-6.823908740944319,-6.823908740944319,-6.823908740944319,-6.823908740944319,-6.823908740944319,-6.823908740944319,-6.823908740944319,-6.823908740944319,-6.823908740944319,-6.823908740944319,-6.823908740944319,-6.823908740944319,-6.823908740944319,-6.823908740944319,-6.823908740944319,-6.823908740944319,-6.823908740944319
-6.59828270104882,-6.5921521574289565,-6.425690347085201,-6.618968740347147,-6.407454345676629,-6.429462810017756,-6.459094435412967,-6.541730827971519,-6.551354058364791,-6.49253757973477,-6.511874148081111,-6.4934893552707775,-6.4942874743410925,-6.347714091461446,-6.3965910761760485,-6.535799657298145,-6.43699763622006,-6.398741055052147,-6.341183507275425,-6.505115731217872,-6.552841968657781,-6.552841968657781,-6.552841968657781,-6.552841968657781,-6.552841968657781,-6.552841968657781,-6.552841968657781,-6.552841968657781,-6.552841968657781,-6.552841968657781,-6.552841968657781,-6.552841968657781,-6.552841968657781,-6.552841968657781,-6.552841968657781,-6.552841968657781,-6.552841968657781,-6.552841968657781,-6.552841968657781,-6.552841968657781
-5.728893188614254,-5.775739862079051,-5.514709842985353,-5.8156173920820295,-5.576928618575275,-5.704571706234389,-5.561297679670681,-5.705014644428898,-5.804201986790319,-5.676807676143504,-5.753473424926453,-5.63648785192049,-5.812872877064462,-5.473987592142306,-5.555909011603046,-5.753667902969445,-5.601539853481035,-5.539482871380282,-5.506222336858414,-5.712760523546063,-6.619788758288394,-6.619788758288394,-6.619788758288394,-6.619788758288394,-6.619788758288394,-6.619788758288394,-6.619788758288394,-6.619788758288394,-6.619788758288394,-6.619788758288394,-6.619788758288394,-6.619788758288394,-6.619788758288394,-6.619788758288394,-6.619788758288394,-6.619788758288394,-6.619788758288394,-6.619788758288394,-6.619788758288394,-6.619788758288394
-5.936227865838706,-5.887403595051397,-5.811745139174694,-5.894373143188174,-5.853461459112112,-5.833994928214429,-5.847511035129731,-5.8545453334878,-5.783909450478686,-5.865254437231057,-5.872619476273312,-5.80365507181908,-5.897491175351996,-5.801919595464273,-5.8731593315404105,-5.90671705499699,-5.9025942582413045,-5.859881471530821,-5.87899525496913,-5.836235376163049,-6.337242168318426,-6.337242168318426,-6.337242168318426,-6.337242168318426,-6.337242168318426,-6.337242168318426,-6.337242168318426,-6.337242168318426,-6.337242168318426,-6.337242168318426,-6.337242168318426,-6.337242168318426,-6.337242168318426,-6.337242168318426,-6.337242168318426,-6.337242168318426,-6.337242168318426,-6.337242168318426,-6.337242168318426,-6.337242168318426
-5.913515547804867,-6.003566604387315,-5.923063183198746,-5.9754625123240785,-5.971000708246058,-6.0333386194661776,-5.987725272608186,-5.939437255163464,-5.922646254538917,-5.941130260276138,-5.997948111008581,-5.944434715844286,-6.045996994459974,-5.85108337586262,-5.969469358740526,-5.9944719952200005,-6.028844191239337,-5.929468793951356,-6.000372238444506,-5.964430963055441,-6.795880017344075,-6.795880017344075,-6.795880017344075,-6.795880017344075,-6.795880017344075,-6.795880017344075,-6.795880017344075,-6.795880017344075,-6.795880017344075,-6.795880017344075,-6.795880017344075,-6.795880017344075,-6.795880017344075,-6.795880017344075,-6.795880017344075,-6.795880017344075,-6.795880017344075,-6.795880017344075,-6.795880017344075,-6.795880017344075
-5.70837666690066,-5.728595128456925,-5.502580331894565,-5.749971603245851,-5.555654790691528,-5.62166877021587,-5.545709480047912,-5.681692482599912,-5.704448641481912,-5.574699874600362,-5.632123886958941,-5.553302258504932,-5.7040239428513875,-5.494456459700252,-5.538768253534463,-5.676316478852508,-5.562328165362722,-5.531367377235149,-5.458422243397562,-5.615795797064884,-6.136677139879544,-6.136677139879544,-6.136677139879544,-6.136677139879544,-6.136677139879544,-6.136677139879544,-6.136677139879544,-6.136677139879544,-6.136677139879544,-6.136677139879544,-6.136677139879544,-6.136677139879544,-6.136677139879544,-6.136677139879544,-6.136677139879544,-6.136677139879544,-6.136677139879544,-6.136677139879544,-6.136677139879544,-6.136677139879544
-6.064116271747805,-6.151601133191055,-6.261864364435573,-6.139450252106008,-6.1840455271133985,-6.161951387806788,-6.278031181608102,-6.13198515940196,-6.169429389210424,-6.218401420502589,-6.228225125058613,-6.192699898792153,-6.273432997969433,-6.326828599039902,-6.236778935603731,-6.247457088522504,-6.245878135400825,-6.26885353992218,-6.352449134273283,-6.240428515857674,-6.187086643357144,-6.187086643357144,-6.187086643357144,-6.187086643357144,-6.187086643357144,-6.187086643357144,-6.187086643357144,-6.187086643357144,-6.187086643357144,-6.187086643357144,-6.187086643357144,-6.187086643357144,-6.187086643357144,-6.187086643357144,-6.187086643357144,-6.187086643357144,-6.187086643357144,-6.187086643357144,-6.187086643357144,-6.187086643357144
-6.231649487612026,-6.344394937314462,-6.478008925802108,-6.260157819729532,-6.403060688490403,-6.300260007773044,-6.425700626332406,-6.38729266499504,-6.2676909283718425,-6.095335777409644,-6.137945088838127,-6.1796641524491305,-6.253799682210341,-6.556240000343655,-6.469236295533069,-6.240840615282964,-6.504249500636624,-6.486012260941028,-6.528635558508,-6.231407917653182,-6.853871964321762,-6.853871964321762,-6.853871964321762,-6.853871964321762,-6.853871964321762,-6.853871964321762,-6.853871964321762,-6.853871964321762,-6.853871964321762,-6.853871964321762,-6.853871964321762,-6.853871964321762,-6.853871964321762,-6.853871964321762,-6.853871964321762,-6.853871964321762,-6.853871964321762,-6.853871964321762,-6.853871964321762,-6.853871964321762
-5.793749948735138,-5.828347997034343,-5.889229779112948,-5.825582398694309,-5.8310618425290865,-5.8332136009173094,-5.861581878023092,-5.799172526905004,-5.848659539964024,-5.91405868165752,-5.921182457983108,-5.8551030255185506,-5.907900651002487,-5.90363230744417,-5.88790985317874,-5.902725009443085,-5.880184545979974,-5.917990907774532,-5.937577110667699,-5.8832878427810265,-6.455931955649724,-6.455931955649724,-6.455931955649724,-6.455931955649724,-6.455931955649724,-6.455931955649724,-6.455931955649724,-6.455931955649724,-6.455931955649724,-6.455931955649724,-6.455931955649724,-6.455931955649724,-6.455931955649724,-6.455931955649724,-6.455931955649724,-6.455931955649724,-6.455931955649724,-6.455931955649724,-6.455931955649724,-6.455931955649724
-6.218548122344091,-6.277371467920037,-6.504023215698047,-6.249134600556052,-6.417015753077098,-6.291929024755384,-6.4623538298534235,-6.542939361269548,-6.233315519129882,-6.192996596747534,-6.233567692599987,-6.218781088611481,-6.294015666236477,-6.550768419959197,-6.435460945830534,-6.3176986351671385,-6.515498101972273,-6.497478242731347,-6.575178107138051,-6.306220295380268,-6.853871964321762,-6.853871964321762,-6.853871964321762,-6.853871964321762,-6.853871964321762,-6.853871964321762,-6.853871964321762,-6.853871964321762,-6.853871964321762,-6.853871964321762,-6.853871964321762,-6.853871964321762,-6.853871964321762,-6.853871964321762,-6.853871964321762,-6.853871964321762,-6.853871964321762,-6.853871964321762,-6.853871964321762,-6.853871964321762
-5.662421754738091,-5.708039686658988,-5.753355607748482,-5.650792426302894,-5.7129973707946125,-5.6914407311449295,-5.735282730327967,-5.657113112219652,-5.672436452982599,-5.73881088874693,-5.759552410872964,-5.708798050660044,-5.7430665068934665,-5.7923617634637266,-5.805711355730958,-5.699376912982594,-5.765347217577438,-5.764593391855478,-5.807081104554001,-5.691305055899215,-6.337242168318426,-6.337242168318426,-6.337242168318426,-6.337242168318426,-6.337242168318426,-6.337242168318426,-6.337242168318426,-6.337242168318426,-6.337242168318426,-6.337242168318426,-6.337242168318426,-6.337242168318426,-6.337242168318426,-6.337242168318426,-6.337242168318426,-6.337242168318426,-6.337242168318426,-6.337242168318426,-6.337242168318426,-6.337242168318426
-6.169190976268042,-6.151860633250139,-6.07570856535214,-6.191922767554704,-6.069883294070209,-6.065359936553709,-6.083242568589131,-6.125908907745212,-6.073083332191727,-6.14334469557858,-6.132819468339978,-6.0828328878422075,-6.152261619413763,-6.068603457134156,-6.087042084061768,-6.1908245274068125,-6.119910232440526,-6.114544497900567,-6.081936152974369,-6.124973352025751,-5.920818753952375,-5.920818753952375,-5.920818753952375,-5.920818753952375,-5.920818753952375,-5.920818753952375,-5.920818753952375,-5.920818753952375,-5.920818753952375,-5.920818753952375,-5.920818753952375,-5.920818753952375,-5.920818753952375,-5.920818753952375,-5.920818753952375,-5.920818753952375,-5.920818753952375,-5.920818753952375,-5.920818753952375,-5.920818753952375
-5.96509283225422,-6.159256227165656,-6.239302510977514,-6.124905392987558,-6.203986456380078,-6.211093012327913,-6.250685375280878,-6.114792126024029,-6.094060988526586,-6.087744680531155,-6.166874436353695,-6.113647992867188,-5.493412110156079,-6.220206248003044,-6.238786599459367,-6.202601569766082,-6.336577625576495,-6.261015969556509,-5.744550410777042,-6.135770191487721,-6.346787486224656,-6.346787486224656,-6.346787486224656,-6.346787486224656,-6.346787486224656,-6.346787486224656,-6.346787486224656,-6.346787486224656,-6.346787486224656,-6.346787486224656,-6.346787486224656,-6.346787486224656,-6.346787486224656,-6.346787486224656,-6.346787486224656,-6.346787486224656,-6.346787486224656,-6.346787486224656,-6.346787486224656,-6.346787486224656
-5.950094070439036,-5.919154908302175,-5.873617034724333,-5.920424258970595,-5.8605384156813916,-5.90718082934093,-5.854009998439434,-5.894149922448859,-5.919961766411185,-5.971233818419445,-5.974076332208161,-5.925873051350939,-5.30601883372991,-5.825616459382946,-5.894316545579293,-5.93251237090608,-5.871394733793228,-5.893219886605704,-5.504202670718569,-5.917783936763193,-5.769551078621726,-5.769551078621726,-5.769551078621726,-5.769551078621726,-5.769551078621726,-5.769551078621726,-5.769551078621726,-5.769551078621726,-5.769551078621726,-5.769551078621726,-5.769551078621726,-5.769551078621726,-5.769551078621726,-5.769551078621726,-5.769551078621726,-5.769551078621726,-5.769551078621726,-5.769551078621726,-5.769551078621726,-5.769551078621726
-6.0327324329542735,-6.055045946087272,-5.943125499406163,-6.014318038193857,-5.8981593686556275,-6.173593952818897,-5.945252243672713,-5.886970447563305,-6.1070645587405,-6.163872982488726,-6.151286811326595,-6.1592541429853105,-5.243026221848729,-5.801461489139739,-6.008026229279986,-6.079267141336401,-5.916785997333209,-5.96231639050148,-5.526492780567279,-6.121041217538669,-5.214670164989233,-5.214670164989233,-5.214670164989233,-5.214670164989233,-5.214670164989233,-5.214670164989233,-5.214670164989233,-5.214670164989233,-5.214670164989233,-5.214670164989233,-5.214670164989233,-5.214670164989233,-5.214670164989233,-5.214670164989233,-5.214670164989233,-5.214670164989233,-5.214670164989233,-5.214670164989233,-5.214670164989233,-5.214670164989233
-6.324790363024326,-6.317349750757137,-6.255087518169653,-6.3175089169880705,-6.231220208267043,-6.198795938622968,-6.246914143717195,-6.349270831679359,-6.279133115330513,-6.230603450147217,-6.245721135839916,-6.229141364927022,-6.258877235410372,-6.2342480178882225,-6.235776933604035,-6.245260613613215,-6.240268607094322,-6.228222948855847,-6.204658530724049,-6.239660534413997,-6.920818753952375,-6.920818753952375,-6.920818753952375,-6.920818753952375,-6.920818753952375,-6.920818753952375,-6.920818753952375,-6.920818753952375,-6.920818753952375,-6.920818753952375,-6.920818753952375,-6.920818753952375,-6.920818753952375,-6.920818753952375,-6.920818753952375,-6.920818753952375,-6.920818753952375,-6.920818753952375,-6.920818753952375,-6.920818753952375
-6.34554314882986,-6.343711023541614,-6.2734700665708765,-6.338630081043255,-6.241817197960113,-6.213678466157917,-6.264329956831735,-6.365499896981961,-6.297689622277585,-6.259752913565997,-6.2724309610757345,-6.257682350272481,-6.2691480925747385,-6.244967095944816,-6.249461977922944,-6.2618932124351785,-6.245740050521728,-6.246268507264874,-6.2012693307790565,-6.253621800935957,-6.958607314841775,-6.958607314841775,-6.958607314841775,-6.958607314841775,-6.958607314841775,-6.958607314841775,-6.958607314841775,-6.958607314841775,-6.958607314841775,-6.958607314841775,-6.958607314841775,-6.958607314841775,-6.958607314841775,-6.958607314841775,-6.958607314841775,-6.958607314841775,-6.958607314841775,-6.958607314841775,-6.958607314841775,-6.958607314841775
-6.26567359189979,-6.050569866613537,-6.010337025103753,-6.160313733409671,-6.000918499590027,-5.940493818086273,-6.017840417893578,-6.226052377944019,-5.8289734460426645,-6.125949939319318,-6.055418979250721,-5.934709473154946,-6.047091155939727,-6.0666972203211875,-6.044436939679204,-6.231964842338908,-6.095183249971328,-6.140999613313149,-6.047554118999738,-6.032603333401036,-6.481486060122113,-6.481486060122113,-6.481486060122113,-6.481486060122113,-6.481486060122113,-6.481486060122113,-6.481486060122113,-6.481486060122113,-6.481486060122113,-6.481486060122113,-6.481486060122113,-6.481486060122113,-6.481486060122113,-6.481486060122113,-6.481486060122113,-6.481486060122113,-6.481486060122113,-6.481486060122113,-6.481486060122113,-6.481486060122113
-5.666469983745173,-5.679366956541991,-5.69230430306299,-5.698519826354764,-5.7593461007254625,-5.708359678667447,-5.716843538990306,-5.729822516345252,-5.698828397578717,-5.673146842960901,-5.704186820409903,-5.684907845249841,-5.764953801717013,-5.7044810499472645,-5.617590564573386,-5.653179171470265,-5.717551478248462,-5.61104679724575,-5.670703140811478,-5.64635419928539,-6.468521082957745,-6.468521082957745,-6.468521082957745,-6.468521082957745,-6.468521082957745,-6.468521082957745,-6.468521082957745,-6.468521082957745,-6.468521082957745,-6.468521082957745,-6.468521082957745,-6.468521082957745,-6.468521082957745,-6.468521082957745,-6.468521082957745,-6.468521082957745,-6.468521082957745,-6.468521082957745,-6.468521082957745,-6.468521082957745
-5.922787719523911,-5.804428423813951,-5.8245220177237,-5.865507209145812,-5.846938582191824,-5.854670472373028,-5.845937587274553,-5.920377953340916,-5.734936185410682,-5.8849613684479944,-5.865928764155824,-5.77241490817737,-5.884335984664741,-5.862616971316108,-5.837496601476899,-5.910420787905383,-5.906692749376252,-5.8721849321266255,-5.904857312420903,-5.814635390223999,-6.161150909262744,-6.161150909262744,-6.161150909262744,-6.161150909262744,-6.161150909262744,-6.161150909262744,-6.161150909262744,-6.161150909262744,-6.161150909262744,-6.161150909262744,-6.161150909262744,-6.161150909262744,-6.161150909262744,-6.161150909262744,-6.161150909262744,-6.161150909262744,-6.161150909262744,-6.161150909262744,-6.161150909262744,-6.161150909262744
-5.619789980408601,-5.613241520127243,-5.626455030015193,-5.637686819093412,-5.697814388334688,-5.680069082090959,-5.640743088401672,-5.6682347789514695,-5.631804971843798,-5.619966423728722,-5.643267934386118,-5.620458737240137,-5.68425329669295,-5.6324567382687665,-5.551124806531987,-5.593756302840285,-5.644372833652618,-5.557617101362963,-5.597198608633921,-5.584134456906918,-6.4089353929735005,-6.4089353929735005,-6.4089353929735005,-6.4089353929735005,-6.4089353929735005,-6.4089353929735005,-6.4089353929735005,-6.4089353929735005,-6.4089353929735005,-6.4089353929735005,-6.4089353929735005,-6.4089353929735005,-6.4089353929735005,-6.4089353929735005,-6.4089353929735005,-6.4089353929735005,-6.4089353929735005,-6.4089353929735005,-6.4089353929735005,-6.4089353929735005
-5.888143117833111,-6.012721207943974,-6.041233104847901,-5.930810439653451,-6.069398424603542,-5.845347202781037,-6.018606044418034,-5.94380156920463,-5.859258574682965,-5.870037555726282,-5.942641998711085,-5.948942462963057,-5.973624466066016,-6.093093312022549,-6.014451651979781,-5.909842780992227,-6.010466425985106,-6.030690011731442,-6.068110460934854,-5.898489919770648,-6.886056647693163,-6.886056647693163,-6.886056647693163,-6.886056647693163,-6.886056647693163,-6.886056647693163,-6.886056647693163,-6.886056647693163,-6.886056647693163,-6.886056647693163,-6.886056647693163,-6.886056647693163,-6.886056647693163,-6.886056647693163,-6.886056647693163,-6.886056647693163,-6.886056647693163,-6.886056647693163,-6.886056647693163,-6.886056647693163
-5.672058792755017,-5.69206992915029,-5.736505150019419,-5.702733131469587,-5.802925669884817,-5.657422731152045,-5.746700046273201,-5.741745128692893,-5.707234926721397,-5.681454658881997,-5.721382603345731,-5.695302196055111,-5.76725455126039,-5.76103922508897,-5.662765362162051,-5.659428470578894,-5.755823768390956,-5.655712753813665,-5.7339109819987515,-5.664818405511309,-6.3979400086720375,-6.3979400086720375,-6.3979400086720375,-6.3979400086720375,-6.3979400086720375,-6.3979400086720375,-6.3979400086720375,-6.3979400086720375,-6.3979400086720375,-6.3979400086720375,-6.3979400086720375,-6.3979400086720375,-6.3979400086720375,-6.3979400086720375,-6.3979400086720375,-6.3979400086720375,-6.3979400086720375,-6.3979400086720375,-6.3979400086720375,-6.3979400086720375
-5.920317293134906,-6.033574784942333,-6.090556479376558,-6.015998981511865,-6.090881342205845,-5.9900965752137845,-6.068491224804108,-5.992837781631501,-6.0354646724824175,-6.053259660925463,-6.067649131964862,-6.055419950906399,-6.071570904413688,-6.115081219959665,-6.0042238518578195,-6.026913232974775,-6.077976968203078,-6.056713654692135,-6.061181625700136,-6.0316389713913985,-5.657577319177793,-5.657577319177793,-5.657577319177793,-5.657577319177793,-5.657577319177793,-5.657577319177793,-5.657577319177793,-5.657577319177793,-5.657577319177793,-5.657577319177793,-5.657577319177793,-5.657577319177793,-5.657577319177793,-5.657577319177793,-5.657577319177793,-5.657577319177793,-5.657577319177793,-5.657577319177793,-5.657577319177793,-5.657577319177793
-5.563225329803261,-5.582115550801828,-5.654515416416047,-5.575346292679404,-5.673440757899225,-5.618167742635562,-5.623957816672277,-5.576880177215332,-5.660445587816344,-5.66645001251724,-5.682114313690053,-5.646969818962937,-5.679356255577791,-5.653727326340234,-5.616126628896383,-5.583516003146121,-5.660063069615703,-5.5927181507229395,-5.677456764712168,-5.614950970539287,-6.42021640338319,-6.42021640338319,-6.42021640338319,-6.42021640338319,-6.42021640338319,-6.42021640338319,-6.42021640338319,-6.42021640338319,-6.42021640338319,-6.42021640338319,-6.42021640338319,-6.42021640338319,-6.42021640338319,-6.42021640338319,-6.42021640338319,-6.42021640338319,-6.42021640338319,-6.42021640338319,-6.42021640338319,-6.42021640338319
-5.714176200112368,-5.605397065184386,-5.6385552984990515,-5.627968348639982,-5.652094241971945,-5.54478013291944,-5.645233750812043,-5.689196950591636,-5.5214023301170805,-5.705787720022315,-5.7068300276017325,-5.568416932029762,-5.712216355896829,-5.700861637948012,-5.736512844830096,-5.710052851808917,-5.768356000063953,-5.7143817755457675,-5.780949567925124,-5.619997556962849,-6.552841968657781,-6.552841968657781,-6.552841968657781,-6.552841968657781,-6.552841968657781,-6.552841968657781,-6.552841968657781,-6.552841968657781,-6.552841968657781,-6.552841968657781,-6.552841968657781,-6.552841968657781,-6.552841968657781,-6.552841968657781,-6.552841968657781,-6.552841968657781,-6.552841968657781,-6.552841968657781,-6.552841968657781,-6.552841968657781
-5.488672678398298,-5.474408226142046,-5.5735727274592355,-5.474003770907335,-5.587585493072484,-5.521262940099128,-5.541622263255965,-5.496372360937883,-5.549596978344188,-5.557883229973341,-5.574443194022926,-5.541597947790514,-5.5895729796025275,-5.578728853916287,-5.534803639044738,-5.48776515818508,-5.575325158517288,-5.504222035646737,-5.6052193443133795,-5.511703316276968,-6.075720713938118,-6.075720713938118,-6.075720713938118,-6.075720713938118,-6.075720713938118,-6.075720713938118,-6.075720713938118,-6.075720713938118,-6.075720713938118,-6.075720713938118,-6.075720713938118,-6.075720713938118,-6.075720713938118,-6.075720713938118,-6.075720713938118,-6.075720713938118,-6.075720713938118,-6.075720713938118,-6.075720713938118,-6.075720713938118
-5.832521082687459,-5.952126098816274,-6.01937079182762,-5.948611706535172,-6.040921659203952,-5.949217519083061,-6.012426937001079,-5.9040745116153035,-5.984189611195174,-6.0179830723941015,-6.034169409956826,-6.013837976535367,-6.055951443146299,-6.038548399980062,-5.928793783771806,-5.9843387010659095,-6.027759339656604,-5.964712399343724,-6.020520047930524,-6.002141463829558,-6.568636235841013,-6.568636235841013,-6.568636235841013,-6.568636235841013,-6.568636235841013,-6.568636235841013,-6.568636235841013,-6.568636235841013,-6.568636235841013,-6.568636235841013,-6.568636235841013,-6.568636235841013,-6.568636235841013,-6.568636235841013,-6.568636235841013,-6.568636235841013,-6.568636235841013,-6.568636235841013,-6.568636235841013,-6.568636235841013
-5.547308982782607,-5.471923199008125,-5.545514378049413,-5.478336482844873,-5.566307080159358,-5.54342339410305,-5.539189096491965,-5.523799145413876,-5.537545077601324,-5.532962769862372,-5.555267237633069,-5.528517242874616,-5.607412738718616,-5.5347305829750635,-5.543070908277826,-5.483989568321045,-5.557971744091903,-5.4729638268112355,-5.624524646747227,-5.5085755226052395,-6.337242168318426,-6.337242168318426,-6.337242168318426,-6.337242168318426,-6.337242168318426,-6.337242168318426,-6.337242168318426,-6.337242168318426,-6.337242168318426,-6.337242168318426,-6.337242168318426,-6.337242168318426,-6.337242168318426,-6.337242168318426,-6.337242168318426,-6.337242168318426,-6.337242168318426,-6.337242168318426,-6.337242168318426,-6.337242168318426
-5.627625579652032,-5.5277638074345505,-5.5829876220771055,-5.558614814236418,-5.625631329493643,-5.587108174860491,-5.598289379292664,-5.601201280295593,-5.593343012657843,-5.624893298926709,-5.648259150743155,-5.583191132899713,-5.71012805389726,-5.593567855618829,-5.609047454494327,-5.5761651687690215,-5.65126781304542,-5.534415397397906,-5.725267265635285,-5.5853788809813985,-6.494850021680094,-6.494850021680094,-6.494850021680094,-6.494850021680094,-6.494850021680094,-6.494850021680094,-6.494850021680094,-6.494850021680094,-6.494850021680094,-6.494850021680094,-6.494850021680094,-6.494850021680094,-6.494850021680094,-6.494850021680094,-6.494850021680094,-6.494850021680094,-6.494850021680094,-6.494850021680094,-6.494850021680094,-6.494850021680094
-5.756678475785443,-5.639051053695556,-5.654767545546963,-5.632932879909149,-5.693707748419327,-5.645594609145814,-5.714412822719051,-5.759105199780915,-5.625836156447871,-5.657203778911266,-5.6368675396905745,-5.576557163006033,-5.75269027896582,-5.786878152007325,-5.799667997688868,-5.7227224811545305,-5.774079232558881,-5.731600087768021,-5.8902684990210314,-5.696778746914065,-6.221848749616356,-6.221848749616356,-6.221848749616356,-6.221848749616356,-6.221848749616356,-6.221848749616356,-6.221848749616356,-6.221848749616356,-6.221848749616356,-6.221848749616356,-6.221848749616356,-6.221848749616356,-6.221848749616356,-6.221848749616356,-6.221848749616356,-6.221848749616356,-6.221848749616356,-6.221848749616356,-6.221848749616356,-6.221848749616356
-5.983353131261506,-5.9789737193584775,-5.971840397829717,-5.937608980199015,-5.935356123020934,-5.919153749772421,-5.98999345305458,-6.007902961122083,-5.949190783425235,-5.879158424628953,-5.900771819837544,-5.908772961551206,-5.9757151766467125,-6.027765682324085,-5.991456558370893,-5.935543104494635,-5.917221307125606,-5.954399974234591,-6.028386221838568,-5.931288066835817,-5.494850021680094,-5.494850021680094,-5.494850021680094,-5.494850021680094,-5.494850021680094,-5.494850021680094,-5.494850021680094,-5.494850021680094,-5.494850021680094,-5.494850021680094,-5.494850021680094,-5.494850021680094,-5.494850021680094,-5.494850021680094,-5.494850021680094,-5.494850021680094,-5.494850021680094,-5.494850021680094,-5.494850021680094,-5.494850021680094
-5.91404615879007,-5.792898261952041,-5.8535200075679406,-5.828435040497228,-5.840646290964007,-5.784184192970801,-5.864093178663108,-5.888221326346503,-5.763681890674782,-5.875026185738876,-5.845736515823257,-5.789634544683611,-5.890186535437993,-5.9072203018974925,-5.884651567736469,-5.908791789703988,-5.889701116661073,-5.898052721437283,-5.995585285357461,-5.846705060066897,-6.045757490560675,-6.045757490560675,-6.045757490560675,-6.045757490560675,-6.045757490560675,-6.045757490560675,-6.045757490560675,-6.045757490560675,-6.045757490560675,-6.045757490560675,-6.045757490560675,-6.045757490560675,-6.045757490560675,-6.045757490560675,-6.045757490560675,-6.045757490560675,-6.045757490560675,-6.045757490560675,-6.045757490560675,-6.045757490560675
-6.048367261585098,-6.073122240718533,-6.114595246198926,-6.048550573807936,-5.800391955559034,-5.998254652221484,-6.107798405169868,-6.004889867125222,-6.002169153018617,-5.989179188842056,-5.783666264655729,-6.012568303202507,-6.026936834430773,-6.1068261060813,-6.038873781865173,-6.0409720559963045,-6.0488224681856115,-6.086971109577478,-6.068224829212384,-6.026267280454552,-6.769551078621726,-6.769551078621726,-6.769551078621726,-6.769551078621726,-6.769551078621726,-6.769551078621726,-6.769551078621726,-6.769551078621726,-6.769551078621726,-6.769551078621726,-6.769551078621726,-6.769551078621726,-6.769551078621726,-6.769551078621726,-6.769551078621726,-6.769551078621726,-6.769551078621726,-6.769551078621726,-6.769551078621726,-6.769551078621726
-5.142912432297559,-5.856906558324401,-5.88337533552066,-5.932007188258243,-5.392499508365557,-5.820585415421165,-5.940873766481646,-5.183060609346875,-5.864324034884593,-5.9577738877953434,-5.479992054953085,-5.8104564462173025,-5.969541873096801,-5.979210272383558,-5.9227386900858345,-6.04304632666803,-5.983126612986202,-5.961842211604029,-6.031017435623272,-5.997130663222367,-6.187086643357144,-6.187086643357144,-6.187086643357144,-6.187086643357144,-6.187086643357144,-6.187086643357144,-6.187086643357144,-6.187086643357144,-6.187086643357144,-6.187086643357144,-6.187086643357144,-6.187086643357144,-6.187086643357144,-6.187086643357144,-6.187086643357144,-6.187086643357144,-6.187086643357144,-6.187086643357144,-6.187086643357144,-6.187086643357144
-4.999013451970752,-5.771356774839601,-5.69898722984451,-5.829330808836161,-5.297771141515042,-5.7945572957004705,-5.772794130912232,-5.024140678548961,-5.760670172139004,-5.874703672569129,-5.4857999115436895,-5.746006238231678,-5.909126128998532,-5.72562010043097,-5.788953571304055,-5.94344495876801,-5.842114676297164,-5.8000689234094525,-5.879578069536553,-5.880443071558852,-6.309803919971486,-6.309803919971486,-6.309803919971486,-6.309803919971486,-6.309803919971486,-6.309803919971486,-6.309803919971486,-6.309803919971486,-6.309803919971486,-6.309803919971486,-6.309803919971486,-6.309803919971486,-6.309803919971486,-6.309803919971486,-6.309803919971486,-6.309803919971486,-6.309803919971486,-6.309803919971486,-6.309803919971486,-6.309803919971486
-6.089400705473329,-6.112657396171802,-6.083015054088417,-6.115255082199402,-6.056652860709737,-6.145200221073265,-6.106001423990408,-6.0541273845828725,-6.126796223532737,-6.183668461249716,-6.202415451999316,-6.156537754907968,-6.223831835801477,-6.034102142920167,-6.1099712630653995,-6.170554716553669,-6.122889470610944,-6.092241960528252,-6.166129410839426,-6.166230966889167,-6.2441251443275085,-6.2441251443275085,-6.2441251443275085,-6.2441251443275085,-6.2441251443275085,-6.2441251443275085,-6.2441251443275085,-6.2441251443275085,-6.2441251443275085,-6.2441251443275085,-6.2441251443275085,-6.2441251443275085,-6.2441251443275085,-6.2441251443275085,-6.2441251443275085,-6.2441251443275085,-6.2441251443275085,-6.2441251443275085,-6.2441251443275085,-6.2441251443275085
-6.033669945967889,-6.067235671639448,-6.025563229951506,-6.072485655616628,-5.9958185464471745,-6.233143109152521,-6.0515937259771055,-5.9951370370323085,-6.102147429406046,-6.193508550583856,-6.188154317139305,-6.154456967616446,-6.299560681316999,-5.959572057496732,-6.089944441220647,-6.261109699259451,-6.134706048347542,-6.1276836620231405,-6.239486768934341,-6.223455551909994,-6.721246399047171,-6.721246399047171,-6.721246399047171,-6.721246399047171,-6.721246399047171,-6.721246399047171,-6.721246399047171,-6.721246399047171,-6.721246399047171,-6.721246399047171,-6.721246399047171,-6.721246399047171,-6.721246399047171,-6.721246399047171,-6.721246399047171,-6.721246399047171,-6.721246399047171,-6.721246399047171,-6.721246399047171,-6.721246399047171
-6.296793650259243,-6.438499523389673,-6.557743022699942,-6.2900328215377845,-6.443250281168354,-6.332792265674407,-6.493444528149061,-6.419938249620339,-6.260546407453873,-6.168614538871468,-6.226543957989055,-6.275137115213079,-6.2844476032227305,-6.605045334664197,-6.533148894659869,-6.273924396787922,-6.51816525734301,-6.550881687365834,-6.5325083405411135,-6.223095915462392,-6.455931955649724,-6.455931955649724,-6.455931955649724,-6.455931955649724,-6.455931955649724,-6.455931955649724,-6.455931955649724,-6.455931955649724,-6.455931955649724,-6.455931955649724,-6.455931955649724,-6.455931955649724,-6.455931955649724,-6.455931955649724,-6.455931955649724,-6.455931955649724,-6.455931955649724,-6.455931955649724,-6.455931955649724,-6.455931955649724
-6.032138305717616,-5.927078125816652,-5.872964052083623,-5.928658835046378,-5.869955871950356,-5.883341973264742,-5.87270502137907,-5.965932395011739,-5.857143884747764,-5.944846808099592,-5.905685098493173,-5.875949883710899,-5.941820787700878,-5.896340831152879,-5.963682399672409,-5.970710236725473,-5.933245345136703,-5.953508290521817,-5.95461348676437,-5.915289629560483,-6.795880017344075,-6.795880017344075,-6.795880017344075,-6.795880017344075,-6.795880017344075,-6.795880017344075,-6.795880017344075,-6.795880017344075,-6.795880017344075,-6.795880017344075,-6.795880017344075,-6.795880017344075,-6.795880017344075,-6.795880017344075,-6.795880017344075,-6.795880017344075,-6.795880017344075,-6.795880017344075,-6.795880017344075,-6.795880017344075
-6.073721235859908,-6.016699728226013,-6.081901597687136,-6.039415743711043,-6.080649817238717,-6.007247587385649,-6.125160674804387,-6.110693181639673,-5.989585827190258,-6.060790411711945,-6.049538511705909,-5.9946629160669325,-6.130431612485394,-6.159583860300361,-6.122749695716589,-6.120272358559528,-6.160208235178692,-6.110157706702717,-6.243855827001255,-6.086013107270087,-6.455931955649724,-6.455931955649724,-6.455931955649724,-6.455931955649724,-6.455931955649724,-6.455931955649724,-6.455931955649724,-6.455931955649724,-6.455931955649724,-6.455931955649724,-6.455931955649724,-6.455931955649724,-6.455931955649724,-6.455931955649724,-6.455931955649724,-6.455931955649724,-6.455931955649724,-6.455931955649724,-6.455931955649724,-6.455931955649724
-6.112356200779452,-6.168797953111875,-6.190942768442207,-6.166601665392304,-6.151313495248655,-6.211378396862789,-6.194418074916526,-6.123643484521816,-6.191020874585659,-6.246142683632815,-6.236858815691742,-6.216963120371868,-6.268886168314951,-6.175988469649987,-6.182895069670361,-6.267103726893951,-6.197053238764162,-6.2111611094149834,-6.263077104342943,-6.266559347412412,-6.7447274948966935,-6.7447274948966935,-6.7447274948966935,-6.7447274948966935,-6.7447274948966935,-6.7447274948966935,-6.7447274948966935,-6.7447274948966935,-6.7447274948966935,-6.7447274948966935,-6.7447274948966935,-6.7447274948966935,-6.7447274948966935,-6.7447274948966935,-6.7447274948966935,-6.7447274948966935,-6.7447274948966935,-6.7447274948966935,-6.7447274948966935,-6.7447274948966935
-5.90219792633464,-6.070615796636774,-6.181223235638813,-6.085244737005212,-6.150452911912895,-6.236623462565524,-6.229775049776723,-6.619621654820472,-6.0547003363902165,-6.182333102214763,-6.217232778913961,-6.152923563140005,-6.299463564110925,-6.126291894370346,-6.154343638144627,-6.288454134541962,-6.279704701939341,-6.226626357481531,-6.3680105286300925,-6.237507342875619,-6.552841968657781,-6.552841968657781,-6.552841968657781,-6.552841968657781,-6.552841968657781,-6.552841968657781,-6.552841968657781,-6.552841968657781,-6.552841968657781,-6.552841968657781,-6.552841968657781,-6.552841968657781,-6.552841968657781,-6.552841968657781,-6.552841968657781,-6.552841968657781,-6.552841968657781,-6.552841968657781,-6.552841968657781,-6.552841968657781
-5.861393473765768,-5.870796154745582,-5.879085992273798,-5.881108499806155,-5.872954587275549,-5.84527962560046,-5.864757803061377,-5.630373044539225,-5.887946938392469,-5.909938094038355,-5.901035659031533,-5.864272465340695,-5.915832561621155,-5.887444702200615,-5.857101759843659,-5.898219890161125,-5.906490964021147,-5.895031567925924,-5.884518587103541,-5.87003831667261,-5.6020599913279625,-5.6020599913279625,-5.6020599913279625,-5.6020599913279625,-5.6020599913279625,-5.6020599913279625,-5.6020599913279625,-5.6020599913279625,-5.6020599913279625,-5.6020599913279625,-5.6020599913279625,-5.6020599913279625,-5.6020599913279625,-5.6020599913279625,-5.6020599913279625,-5.6020599913279625,-5.6020599913279625,-5.6020599913279625,-5.6020599913279625,-5.6020599913279625
-6.022656059304979,-6.1380272631869515,-6.150063796773918,-6.139546180119272,-6.094728573794577,-6.233477232275033,-6.170446750005342,-6.313900251081528,-6.1714175367385815,-6.2180720139702155,-6.238189301197493,-6.19486033720491,-6.331422552813482,-6.124427723844903,-6.1656387102328,-6.275400504498462,-6.214808469941538,-6.201143087605774,-6.306630046490239,-6.246783375953315,-6.6020599913279625,-6.6020599913279625,-6.6020599913279625,-6.6020599913279625,-6.6020599913279625,-6.6020599913279625,-6.6020599913279625,-6.6020599913279625,-6.6020599913279625,-6.6020599913279625,-6.6020599913279625,-6.6020599913279625,-6.6020599913279625,-6.6020599913279625,-6.6020599913279625,-6.6020599913279625,-6.6020599913279625,-6.6020599913279625,-6.6020599913279625,-6.6020599913279625
-5.992343178347782,-5.905427255564435,-5.9843787809653755,-5.9865980293605014,-5.980541585843781,-5.83255821520036,-5.978338646048521,-6.0041818710363986,-5.944506038931105,-6.035033198298637,-6.034989371032695,-5.948981837379541,-6.0188932670262965,-6.011709074867299,-5.893582232735374,-5.992890160029964,-5.975609445705967,-5.954652138326709,-6.0078598788722175,-5.955935442948918,-6.568636235841013,-6.568636235841013,-6.568636235841013,-6.568636235841013,-6.568636235841013,-6.568636235841013,-6.568636235841013,-6.568636235841013,-6.568636235841013,-6.568636235841013,-6.568636235841013,-6.568636235841013,-6.568636235841013,-6.568636235841013,-6.568636235841013,-6.568636235841013,-6.568636235841013,-6.568636235841013,-6.568636235841013,-6.568636235841013
-5.939079991624128,-5.711761779207413,-5.7037655787595245,-5.835924691871908,-5.665671769010686,-5.627134157433996,-5.721899161017777,-5.782058804500659,-5.456520814053291,-6.0191061091287965,-5.944035533605806,-5.750645749090943,-5.886892346189115,-5.699251342279792,-5.783123103324265,-6.059991897446,-5.826222577245578,-5.889152089033221,-5.8428353204412815,-5.797024282116021,-6.508638306165727,-6.508638306165727,-6.508638306165727,-6.508638306165727,-6.508638306165727,-6.508638306165727,-6.508638306165727,-6.508638306165727,-6.508638306165727,-6.508638306165727,-6.508638306165727,-6.508638306165727,-6.508638306165727,-6.508638306165727,-6.508638306165727,-6.508638306165727,-6.508638306165727,-6.508638306165727,-6.508638306165727,-6.508638306165727
-5.796741077969429,-5.874551423157133,-5.881977838718007,-5.8458499812116465,-5.943864693098873,-5.839917937030564,-5.864645006267498,-5.84081561681463,-5.898159242192804,-5.849606612949949,-5.887126331950204,-5.883513949506911,-5.949679846638761,-5.936315198698855,-5.848767825863213,-5.8096675997956435,-5.910429950596019,-5.825808977255479,-5.914518774423928,-5.851929860277544,-6.6020599913279625,-6.6020599913279625,-6.6020599913279625,-6.6020599913279625,-6.6020599913279625,-6.6020599913279625,-6.6020599913279625,-6.6020599913279625,-6.6020599913279625,-6.6020599913279625,-6.6020599913279625,-6.6020599913279625,-6.6020599913279625,-6.6020599913279625,-6.6020599913279625,-6.6020599913279625,-6.6020599913279625,-6.6020599913279625,-6.6020599913279625,-6.6020599913279625
-5.86188625185882,-5.965615763144227,-5.98327777838883,-5.927632368156991,-6.037221754918902,-5.913222291821273,-5.96653026797894,-5.914656046518219,-5.976987472190359,-5.924211429714732,-5.988084229865344,-5.977894868459798,-6.031906402159972,-6.025252571247946,-5.9306896133983455,-5.873708887726775,-5.984511637499065,-5.9006274234176725,-6.008640802365515,-5.925681341825587,-6.376750709602099,-6.376750709602099,-6.376750709602099,-6.376750709602099,-6.376750709602099,-6.376750709602099,-6.376750709602099,-6.376750709602099,-6.376750709602099,-6.376750709602099,-6.376750709602099,-6.376750709602099,-6.376750709602099,-6.376750709602099,-6.376750709602099,-6.376750709602099,-6.376750709602099,-6.376750709602099,-6.376750709602099,-6.376750709602099
-6.110220456161316,-6.031196374642601,-6.143884791511939,-6.03119067918456,-6.087226808838095,-6.029228370235656,-6.167060301044574,-6.107235884167697,-5.991658144026144,-6.079651153205244,-6.0581110740458,-6.046118926835103,-6.044206611973571,-6.200772325861791,-6.1517196911171474,-6.113795941626287,-6.120239370732724,-6.141622431145304,-6.276438856260645,-6.085158245890518,-6.638272163982407,-6.638272163982407,-6.638272163982407,-6.638272163982407,-6.638272163982407,-6.638272163982407,-6.638272163982407,-6.638272163982407,-6.638272163982407,-6.638272163982407,-6.638272163982407,-6.638272163982407,-6.638272163982407,-6.638272163982407,-6.638272163982407,-6.638272163982407,-6.638272163982407,-6.638272163982407,-6.638272163982407,-6.638272163982407
-5.9649509476812765,-5.832841729536895,-6.061040132020212,-5.894775006642069,-6.058430422923704,-5.850704089761131,-6.106786779705017,-6.029173373690209,-5.784112317155625,-5.99432636117024,-5.929076162884069,-5.854986857115802,-5.918552027812845,-6.225281221169026,-6.081129903074711,-6.082790993525741,-6.1462122000343875,-6.128046228218078,-6.281409967867874,-6.021961010851541,-6.431798275933005,-6.431798275933005,-6.431798275933005,-6.431798275933005,-6.431798275933005,-6.431798275933005,-6.431798275933005,-6.431798275933005,-6.431798275933005,-6.431798275933005,-6.431798275933005,-6.431798275933005,-6.431798275933005,-6.431798275933005,-6.431798275933005,-6.431798275933005,-6.431798275933005,-6.431798275933005,-6.431798275933005,-6.431798275933005
-5.857770971023089,-5.811260639672715,-5.867592318765597,-5.845186172212393,-5.886430954800705,-5.845358606188128,-5.910758246799939,-5.88242721248978,-5.828360633071505,-5.861336215582661,-5.86302234782866,-5.826608319082966,-5.954821803291427,-5.880011469696506,-5.8528884401112835,-5.904901516901231,-5.918263835700762,-5.834078260505192,-5.990297561887529,-5.878824036069857,-6.721246399047171,-6.721246399047171,-6.721246399047171,-6.721246399047171,-6.721246399047171,-6.721246399047171,-6.721246399047171,-6.721246399047171,-6.721246399047171,-6.721246399047171,-6.721246399047171,-6.721246399047171,-6.721246399047171,-6.721246399047171,-6.721246399047171,-6.721246399047171,-6.721246399047171,-6.721246399047171,-6.721246399047171,-6.721246399047171
-5.771772955971784,-5.819977880405795,-5.948344288071872,-5.7529361815002735,-5.869220551488911,-5.913463322231124,-5.943098353083061,-5.75348527550174,-5.835455071393099,-5.904268611272291,-5.910532570193434,-5.924247457744519,-5.975219024371721,-5.991479745696416,-5.9769921636953285,-5.872537490423918,-5.909358693302713,-5.921738693987473,-6.08205892905344,-5.897508227750539,-6.552841968657781,-6.552841968657781,-6.552841968657781,-6.552841968657781,-6.552841968657781,-6.552841968657781,-6.552841968657781,-6.552841968657781,-6.552841968657781,-6.552841968657781,-6.552841968657781,-6.552841968657781,-6.552841968657781,-6.552841968657781,-6.552841968657781,-6.552841968657781,-6.552841968657781,-6.552841968657781,-6.552841968657781,-6.552841968657781
-5.638537551080468,-5.582233420884525,-5.567701686515578,-5.512861188813565,-5.623239380329845,-5.608309592390256,-5.615557272770496,-5.610009491067886,-5.5696238434752665,-5.616387530926235,-5.620848570764394,-5.55209580705199,-5.640022853656612,-5.629197396173196,-5.742019016123032,-5.568402661867415,-5.67962794294453,-5.619171400523815,-5.742187326473028,-5.603089923094719,-6.568636235841013,-6.568636235841013,-6.568636235841013,-6.568636235841013,-6.568636235841013,-6.568636235841013,-6.568636235841013,-6.568636235841013,-6.568636235841013,-6.568636235841013,-6.568636235841013,-6.568636235841013,-6.568636235841013,-6.568636235841013,-6.568636235841013,-6.568636235841013,-6.568636235841013,-6.568636235841013,-6.568636235841013,-6.568636235841013
-5.901621655389878,-5.933120344554503,-6.07652294773093,-5.931749421971841,-6.032450899885666,-5.991193417846314,-6.070838306011418,-5.92415050524185,-5.953324393377931,-6.031299615314188,-6.041608014926341,-6.007016300004334,-6.074476441087984,-6.099230872606203,-6.042554005558901,-6.041432756583257,-6.059203145494425,-6.0488853714848885,-6.205880823757111,-6.046194841278045,-6.275724130399211,-6.275724130399211,-6.275724130399211,-6.275724130399211,-6.275724130399211,-6.275724130399211,-6.275724130399211,-6.275724130399211,-6.275724130399211,-6.275724130399211,-6.275724130399211,-6.275724130399211,-6.275724130399211,-6.275724130399211,-6.275724130399211,-6.275724130399211,-6.275724130399211,-6.275724130399211,-6.275724130399211,-6.275724130399211
-5.7899998093726985,-5.820242238108672,-5.951346779382409,-5.784035430048971,-5.925169181119029,-5.94360246272658,-5.99779921401447,-5.7941357802488636,-5.858145987220453,-5.939303754636501,-5.943013608832533,-5.931872391616418,-6.094372799187347,-6.04539296257893,-6.01656715564504,-5.94861755237831,-6.013670462262083,-5.925156366704216,-6.223111445837759,-5.966021317898816,-6.214670164989233,-6.214670164989233,-6.214670164989233,-6.214670164989233,-6.214670164989233,-6.214670164989233,-6.214670164989233,-6.214670164989233,-6.214670164989233,-6.214670164989233,-6.214670164989233,-6.214670164989233,-6.214670164989233,-6.214670164989233,-6.214670164989233,-6.214670164989233,-6.214670164989233,-6.214670164989233,-6.214670164989233,-6.214670164989233
-5.840362469258715,-5.870735896672711,-5.987862574322174,-5.849015512940891,-5.929835316569813,-5.902849601925114,-5.981282120105202,-5.853034050823427,-5.8886291172678,-5.961325660324701,-5.9684812896111135,-5.9354953482168415,-5.996300649370898,-6.038380917640327,-5.982808500020122,-5.950154192736957,-5.9605661512379005,-5.977518248194453,-6.099526412788916,-5.951848876501913,-6.657577319177793,-6.657577319177793,-6.657577319177793,-6.657577319177793,-6.657577319177793,-6.657577319177793,-6.657577319177793,-6.657577319177793,-6.657577319177793,-6.657577319177793,-6.657577319177793,-6.657577319177793,-6.657577319177793,-6.657577319177793,-6.657577319177793,-6.657577319177793,-6.657577319177793,-6.657577319177793,-6.657577319177793,-6.657577319177793
-5.8649460044788535,-5.859402812484836,-6.008945478756379,-5.865262151052634,-5.970230376297123,-5.912301306326491,-6.000229866939635,-5.8919865801120315,-5.884564119846954,-5.939042470050913,-5.954811862565799,-5.9137951118861745,-5.993990969022273,-6.039961983740502,-5.985754844157258,-5.950630578084608,-6.000374079350476,-5.974015593012007,-6.143649672471162,-5.954835827419562,-6.552841968657781,-6.552841968657781,-6.552841968657781,-6.552841968657781,-6.552841968657781,-6.552841968657781,-6.552841968657781,-6.552841968657781,-6.552841968657781,-6.552841968657781,-6.552841968657781,-6.552841968657781,-6.552841968657781,-6.552841968657781,-6.552841968657781,-6.552841968657781,-6.552841968657781,-6.552841968657781,-6.552841968657781,-6.552841968657781
-6.307210597786465,-6.369427455205189,-6.256275758433739,-6.370211596453084,-6.266528730503593,-6.240506758523537,-6.291913130713689,-6.368442322972512,-6.261685663493947,-6.291684464909685,-6.3042022069240184,-6.266423221958762,-6.310026918388098,-6.201731306476039,-6.239211287987184,-6.3216677317643235,-6.276005670845441,-6.243088934100862,-6.199407357791002,-6.265208377311963,-6.275724130399211,-6.275724130399211,-6.275724130399211,-6.275724130399211,-6.275724130399211,-6.275724130399211,-6.275724130399211,-6.275724130399211,-6.275724130399211,-6.275724130399211,-6.275724130399211,-6.275724130399211,-6.275724130399211,-6.275724130399211,-6.275724130399211,-6.275724130399211,-6.275724130399211,-6.275724130399211,-6.275724130399211,-6.275724130399211
-6.04575652000627,-6.184450079266914,-6.131561946419954,-6.0639524926628114,-6.144984528424822,-6.260619128508778,-6.164705128650526,-6.05014980072508,-6.00083645047983,-6.052261685254463,-6.087238468092799,-6.116943310327955,-6.185089552650335,-6.062474607406366,-6.2273765900631135,-6.124472186915843,-6.247554827504472,-6.192774994839515,-6.263596200373453,-6.072349307143125,-6.481486060122113,-6.481486060122113,-6.481486060122113,-6.481486060122113,-6.481486060122113,-6.481486060122113,-6.481486060122113,-6.481486060122113,-6.481486060122113,-6.481486060122113,-6.481486060122113,-6.481486060122113,-6.481486060122113,-6.481486060122113,-6.481486060122113,-6.481486060122113,-6.481486060122113,-6.481486060122113,-6.481486060122113,-6.481486060122113
-6.3426522191512875,-6.450240028465289,-6.500465025321546,-6.394354294323141,-6.4341647797570545,-6.391105793480282,-6.464837951327678,-6.4294348201272715,-6.3589209592912574,-6.2850759228985895,-6.337831003293996,-6.3577071614565,-6.389286755371269,-6.496613907017149,-6.473586445926512,-6.37221041762174,-6.48001551530104,-6.492046102312738,-6.5140170323204805,-6.3550261521500575,-6.657577319177793,-6.657577319177793,-6.657577319177793,-6.657577319177793,-6.657577319177793,-6.657577319177793,-6.657577319177793,-6.657577319177793,-6.657577319177793,-6.657577319177793,-6.657577319177793,-6.657577319177793,-6.657577319177793,-6.657577319177793,-6.657577319177793,-6.657577319177793,-6.657577319177793,-6.657577319177793,-6.657577319177793,-6.657577319177793
-5.901947778704729,-6.00929052067313,-6.077000116082029,-5.854172454558799,-6.016907441345854,-6.020874883973057,-5.9906608784076125,-5.911362303140605,-5.9491058964761425,-5.92879713754466,-5.961153036462382,-5.986301568486706,-6.032063628527162,-6.120247974622523,-6.183328889434759,-5.885901870583768,-6.05639993997968,-6.111307215118908,-6.184789756630243,-5.88599394307668,-6.769551078621726,-6.769551078621726,-6.769551078621726,-6.769551078621726,-6.769551078621726,-6.769551078621726,-6.769551078621726,-6.769551078621726,-6.769551078621726,-6.769551078621726,-6.769551078621726,-6.769551078621726,-6.769551078621726,-6.769551078621726,-6.769551078621726,-6.769551078621726,-6.769551078621726,-6.769551078621726,-6.769551078621726,-6.769551078621726
-6.0327482559914385,-5.917695835722001,-5.886475299900469,-5.971072091340018,-5.8979739249225895,-5.841204960156384,-5.898046759685159,-5.98432586997639,-5.9075587931874285,-6.004636709625034,-5.971656788329772,-5.912920021103929,-6.00236877036586,-5.897650927771378,-5.903049304040167,-6.003423337180294,-5.940195808719004,-5.926643448029823,-5.95507730519953,-5.9499305091881,-6.638272163982407,-6.638272163982407,-6.638272163982407,-6.638272163982407,-6.638272163982407,-6.638272163982407,-6.638272163982407,-6.638272163982407,-6.638272163982407,-6.638272163982407,-6.638272163982407,-6.638272163982407,-6.638272163982407,-6.638272163982407,-6.638272163982407,-6.638272163982407,-6.638272163982407,-6.638272163982407,-6.638272163982407,-6.638272163982407
-5.910562608431927,-5.9286820950999015,-5.891158938280874,-5.8882784998253666,-5.92203929872378,-5.73104709625535,-5.852864972962632,-5.90775114024338,-5.915393580464239,-5.804124982140732,-5.8938518000877735,-5.87328421361869,-5.87629730929333,-5.851887040766378,-5.868326610852628,-5.770497490373683,-5.816316996422222,-5.799865872509261,-5.852232244008847,-5.84967120431827,-6.113509274827519,-6.113509274827519,-6.113509274827519,-6.113509274827519,-6.113509274827519,-6.113509274827519,-6.113509274827519,-6.113509274827519,-6.113509274827519,-6.113509274827519,-6.113509274827519,-6.113509274827519,-6.113509274827519,-6.113509274827519,-6.113509274827519,-6.113509274827519,-6.113509274827519,-6.113509274827519,-6.113509274827519,-6.113509274827519
-6.000422730780074,-6.0468607391274745,-6.045780057036365,-5.984811438275974,-6.079259513106858,-5.88733551478364,-6.0081842477748415,-6.020391898501331,-5.974083638447013,-5.878164685102201,-5.972186363646707,-5.962070698398381,-6.021600173613798,-6.074687942438505,-6.060182508741422,-5.906816144567307,-6.025296659652232,-5.999316411464847,-6.121870279278704,-5.954966341583173,-6.920818753952375,-6.920818753952375,-6.920818753952375,-6.920818753952375,-6.920818753952375,-6.920818753952375,-6.920818753952375,-6.920818753952375,-6.920818753952375,-6.920818753952375,-6.920818753952375,-6.920818753952375,-6.920818753952375,-6.920818753952375,-6.920818753952375,-6.920818753952375,-6.920818753952375,-6.920818753952375,-6.920818753952375,-6.920818753952375
-5.938922954414468,-5.946657350243435,-5.894299199547747,-5.9180502509254245,-5.934298054337556,-5.755823327515516,-5.870988302423162,-5.9231625366187775,-5.940441987478806,-5.843317958971688,-5.928025830448569,-5.906219407513543,-5.928087956682665,-5.848510643180704,-5.878838813138947,-5.814657256102578,-5.835010886996649,-5.805107862001907,-5.883028217861459,-5.891604843808042,-5.769551078621726,-5.769551078621726,-5.769551078621726,-5.769551078621726,-5.769551078621726,-5.769551078621726,-5.769551078621726,-5.769551078621726,-5.769551078621726,-5.769551078621726,-5.769551078621726,-5.769551078621726,-5.769551078621726,-5.769551078621726,-5.769551078621726,-5.769551078621726,-5.769551078621726,-5.769551078621726,-5.769551078621726,-5.769551078621726
-5.843852779082719,-5.724068533500884,-5.751820499052503,-5.800714372915699,-5.790194095900457,-5.729620374785659,-5.778694163411955,-5.809440031076163,-5.734482771688969,-5.882840944222367,-5.873295068737679,-5.762487106939297,-5.887046936378331,-5.7582602418868865,-5.764743138068515,-5.865693777070243,-5.8419149131667085,-5.7764520891712445,-5.887334222698776,-5.811013618923365,-6.6777807052660805,-6.6777807052660805,-6.6777807052660805,-6.6777807052660805,-6.6777807052660805,-6.6777807052660805,-6.6777807052660805,-6.6777807052660805,-6.6777807052660805,-6.6777807052660805,-6.6777807052660805,-6.6777807052660805,-6.6777807052660805,-6.6777807052660805,-6.6777807052660805,-6.6777807052660805,-6.6777807052660805,-6.6777807052660805,-6.6777807052660805,-6.6777807052660805
-5.9188235469086505,-5.889633256466416,-5.827047284572811,-5.884636278157129,-5.8658434120737,-5.667619181710081,-5.78859246668628,-5.907671429078922,-5.9045302694114215,-5.784523421945171,-5.84152121075591,-5.824563805303882,-5.834776893391898,-5.795205009326881,-5.790450588277192,-5.767919592285183,-5.754946328498731,-5.753394565167647,-5.759959861707262,-5.834653252783907,-5.795880017344075,-5.795880017344075,-5.795880017344075,-5.795880017344075,-5.795880017344075,-5.795880017344075,-5.795880017344075,-5.795880017344075,-5.795880017344075,-5.795880017344075,-5.795880017344075,-5.795880017344075,-5.795880017344075,-5.795880017344075,-5.795880017344075,-5.795880017344075,-5.795880017344075,-5.795880017344075,-5.795880017344075,-5.795880017344075
-5.919277958795229,-5.867448294352336,-5.876161212205558,-5.896102232672957,-5.880409514186097,-5.76945167941171,-5.860875510858549,-5.902730274928466,-5.888519781335359,-5.925665150778632,-5.929056829463516,-5.880395358384289,-5.913530649618195,-5.856601311583698,-5.84566835295759,-5.8855733265273225,-5.871037269852494,-5.861755256214145,-5.884950902817704,-5.878860831296086,-6.494850021680094,-6.494850021680094,-6.494850021680094,-6.494850021680094,-6.494850021680094,-6.494850021680094,-6.494850021680094,-6.494850021680094,-6.494850021680094,-6.494850021680094,-6.494850021680094,-6.494850021680094,-6.494850021680094,-6.494850021680094,-6.494850021680094,-6.494850021680094,-6.494850021680094,-6.494850021680094,-6.494850021680094,-6.494850021680094
-5.932977483546662,-6.004985092325241,-6.145162695023396,-6.008181192298777,-6.08415375436878,-5.997858778239965,-6.170603434394751,-6.039618126404677,-6.042932260630235,-6.045168175738039,-6.0830684925000496,-6.015554328321772,-6.141970216132618,-6.274338597082576,-6.124441977797292,-6.125033086279036,-6.109854204884609,-6.160293816373835,-6.288877193986114,-6.133524188779313,-6.292429823902063,-6.292429823902063,-6.292429823902063,-6.292429823902063,-6.292429823902063,-6.292429823902063,-6.292429823902063,-6.292429823902063,-6.292429823902063,-6.292429823902063,-6.292429823902063,-6.292429823902063,-6.292429823902063,-6.292429823902063,-6.292429823902063,-6.292429823902063,-6.292429823902063,-6.292429823902063,-6.292429823902063,-6.292429823902063
-6.096972289537699,-6.0471847340046825,-6.101911896295889,-5.997683773091099,-6.042527839929447,-6.104898946400451,-6.200601964394878,-6.076749708105383,-6.085888151862052,-6.170887667465211,-6.1383308012455835,-6.132005701690187,-6.246599713778704,-6.253876438592207,-6.236676443710661,-6.135799008932141,-6.111905956458711,-6.134556405785612,-6.352238124455556,-6.169448472826568,-6.200659450546418,-6.200659450546418,-6.200659450546418,-6.200659450546418,-6.200659450546418,-6.200659450546418,-6.200659450546418,-6.200659450546418,-6.200659450546418,-6.200659450546418,-6.200659450546418,-6.200659450546418,-6.200659450546418,-6.200659450546418,-6.200659450546418,-6.200659450546418,-6.200659450546418,-6.200659450546418,-6.200659450546418,-6.200659450546418
-5.849018699319733,-5.871800085489001,-6.180788954168528,-5.6938304951139385,-5.994441058332062,-6.00784787573748,-6.200940045576246,-5.840773831845977,-5.821498466859673,-5.976231828791038,-5.938572957509998,-6.020349279343169,-6.01451148055089,-6.382139923184884,-6.30873859893784,-5.916948468657281,-6.073867484257352,-6.217394162844473,-6.413174226705809,-5.963691818051007,-6.585026652029182,-6.585026652029182,-6.585026652029182,-6.585026652029182,-6.585026652029182,-6.585026652029182,-6.585026652029182,-6.585026652029182,-6.585026652029182,-6.585026652029182,-6.585026652029182,-6.585026652029182,-6.585026652029182,-6.585026652029182,-6.585026652029182,-6.585026652029182,-6.585026652029182,-6.585026652029182,-6.585026652029182,-6.585026652029182
-5.7257204131992125,-5.620915922867671,-5.703322239034527,-5.666514800440549,-5.694764384582217,-5.6871191516443815,-5.746757436372288,-5.718342791601427,-5.658792676826686,-5.7158811093443065,-5.696978885534705,-5.649666791617077,-5.8111697418348225,-5.7314836426412095,-5.719652907325172,-5.776158657832653,-5.7642118321759765,-5.699321197606056,-5.879635149272279,-5.722715355727339,-6.769551078621726,-6.769551078621726,-6.769551078621726,-6.769551078621726,-6.769551078621726,-6.769551078621726,-6.769551078621726,-6.769551078621726,-6.769551078621726,-6.769551078621726,-6.769551078621726,-6.769551078621726,-6.769551078621726,-6.769551078621726,-6.769551078621726,-6.769551078621726,-6.769551078621726,-6.769551078621726,-6.769551078621726,-6.769551078621726
-5.809299988168673,-5.86287191499144,-6.020469813578202,-5.819550018758558,-5.941105870417167,-5.963768340902778,-5.995494953344388,-5.799144328596433,-5.8803892660256825,-5.954147348211352,-5.994552700278488,-5.970149306186293,-6.020127385908273,-6.038864251898513,-6.027248492157902,-5.9340784637185875,-5.963383881601969,-5.992782121549007,-6.149985081898155,-5.9802325899483755,-6.721246399047171,-6.721246399047171,-6.721246399047171,-6.721246399047171,-6.721246399047171,-6.721246399047171,-6.721246399047171,-6.721246399047171,-6.721246399047171,-6.721246399047171,-6.721246399047171,-6.721246399047171,-6.721246399047171,-6.721246399047171,-6.721246399047171,-6.721246399047171,-6.721246399047171,-6.721246399047171,-6.721246399047171,-6.721246399047171
-5.568358243555659,-5.606296298641248,-5.741448270333955,-5.579974106127702,-5.6844237227832615,-5.705745731506094,-5.689046059791457,-5.530189249130001,-5.625668383787981,-5.753523030866028,-5.771093107896156,-5.711135571395678,-5.7370031914660915,-5.749718512691332,-5.757794611924202,-5.7255237156684675,-5.694677906012255,-5.762466491003193,-5.845082169182995,-5.754333407189321,-5.638272163982407,-5.638272163982407,-5.638272163982407,-5.638272163982407,-5.638272163982407,-5.638272163982407,-5.638272163982407,-5.638272163982407,-5.638272163982407,-5.638272163982407,-5.638272163982407,-5.638272163982407,-5.638272163982407,-5.638272163982407,-5.638272163982407,-5.638272163982407,-5.638272163982407,-5.638272163982407,-5.638272163982407,-5.638272163982407
-5.601965824557155,-5.65776018873229,-5.828313212153051,-5.6474505960815415,-5.777336703210323,-5.761495317467044,-5.8095946511081555,-5.6120794069136295,-5.68761241747576,-5.8250652307734745,-5.821097350198177,-5.768512692129393,-5.835495669521507,-5.846526959964876,-5.812033220133734,-5.824070615068992,-5.828686731332797,-5.818886568919642,-5.958706019004597,-5.819794054190747,-6.154901959985743,-6.154901959985743,-6.154901959985743,-6.154901959985743,-6.154901959985743,-6.154901959985743,-6.154901959985743,-6.154901959985743,-6.154901959985743,-6.154901959985743,-6.154901959985743,-6.154901959985743,-6.154901959985743,-6.154901959985743,-6.154901959985743,-6.154901959985743,-6.154901959985743,-6.154901959985743,-6.154901959985743,-6.154901959985743
-5.625304863329718,-5.671835440762852,-5.823938090937506,-5.6455190415275744,-5.741636426136519,-5.7713282875103555,-5.772543276556615,-5.596731123615659,-5.699581087052359,-5.830136672241939,-5.803121281716648,-5.790056018766793,-5.791213455552785,-5.834551698957454,-5.800506444866359,-5.8145829722398,-5.7582169484972425,-5.846972809130526,-5.866855528914671,-5.8291776891743,-6.481486060122113,-6.481486060122113,-6.481486060122113,-6.481486060122113,-6.481486060122113,-6.481486060122113,-6.481486060122113,-6.481486060122113,-6.481486060122113,-6.481486060122113,-6.481486060122113,-6.481486060122113,-6.481486060122113,-6.481486060122113,-6.481486060122113,-6.481486060122113,-6.481486060122113,-6.481486060122113,-6.481486060122113,-6.481486060122113
-5.690182428989644,-5.61379928424536,-5.700854855089232,-5.646617835721335,-5.6738541061401175,-5.671130948736589,-5.731065453256879,-5.697417065296833,-5.663295330044735,-5.679412864406997,-5.672650397649672,-5.643243543440743,-5.790269210424625,-5.715855917842996,-5.691404903340604,-5.727444142571651,-5.7330638216010295,-5.655077806363652,-5.830056702515999,-5.6819625065408825,-5.2441251443275085,-5.2441251443275085,-5.2441251443275085,-5.2441251443275085,-5.2441251443275085,-5.2441251443275085,-5.2441251443275085,-5.2441251443275085,-5.2441251443275085,-5.2441251443275085,-5.2441251443275085,-5.2441251443275085,-5.2441251443275085,-5.2441251443275085,-5.2441251443275085,-5.2441251443275085,-5.2441251443275085,-5.2441251443275085,-5.2441251443275085,-5.2441251443275085
-5.704288754741815,-5.642240612747528,-5.7363628784540195,-5.670544264182345,-5.705720548876962,-5.702060436235877,-5.765093129064278,-5.715594412630116,-5.6795789258180465,-5.715933547281222,-5.698327209194066,-5.673057813468364,-5.81443659889203,-5.757436220748798,-5.727953390889292,-5.77155053501547,-5.7748579415426295,-5.707188072181779,-5.86573236970225,-5.719121878343183,-6.292429823902063,-6.292429823902063,-6.292429823902063,-6.292429823902063,-6.292429823902063,-6.292429823902063,-6.292429823902063,-6.292429823902063,-6.292429823902063,-6.292429823902063,-6.292429823902063,-6.292429823902063,-6.292429823902063,-6.292429823902063,-6.292429823902063,-6.292429823902063,-6.292429823902063,-6.292429823902063,-6.292429823902063,-6.292429823902063
-5.622773247003689,-5.658948833887357,-5.690421831502881,-5.637229748887941,-5.570908098309423,-5.6195783701520465,-5.655861546775428,-5.6480770416318435,-5.665138300693628,-5.634030934290752,-5.611294255348826,-5.624582423244937,-5.6372523997157815,-5.672954468870808,-5.6232684365702665,-5.697584797428067,-5.5767720470662026,-5.667849676208581,-5.577659288504369,-5.634612220999064,-6.853871964321762,-6.853871964321762,-6.853871964321762,-6.853871964321762,-6.853871964321762,-6.853871964321762,-6.853871964321762,-6.853871964321762,-6.853871964321762,-6.853871964321762,-6.853871964321762,-6.853871964321762,-6.853871964321762,-6.853871964321762,-6.853871964321762,-6.853871964321762,-6.853871964321762,-6.853871964321762,-6.853871964321762,-6.853871964321762
-5.6359119896786565,-5.545725818793412,-5.621513059969369,-5.584120222095989,-5.59422430549925,-5.586218390554676,-5.632508398459659,-5.632234854906361,-5.58582768016669,-5.605103862129551,-5.6024201321231,-5.563292735334386,-5.681026349915686,-5.615382940813332,-5.600736040598061,-5.6434541100842495,-5.62945383030422,-5.577961386985225,-5.706176325025077,-5.59493752665647,-6.721246399047171,-6.721246399047171,-6.721246399047171,-6.721246399047171,-6.721246399047171,-6.721246399047171,-6.721246399047171,-6.721246399047171,-6.721246399047171,-6.721246399047171,-6.721246399047171,-6.721246399047171,-6.721246399047171,-6.721246399047171,-6.721246399047171,-6.721246399047171,-6.721246399047171,-6.721246399047171,-6.721246399047171,-6.721246399047171
-5.5789997136001315,-5.611184439333492,-5.751970291814325,-5.599054031650761,-5.719385309675905,-5.719485495250494,-5.715186885417758,-5.555454264421931,-5.634171892664753,-5.759774859423763,-5.788291341886301,-5.711968488194666,-5.769586818627795,-5.762451643389629,-5.771276019522679,-5.745410585382504,-5.735978483921588,-5.763289810401912,-5.894619936326516,-5.776180500590966,-6.161150909262744,-6.161150909262744,-6.161150909262744,-6.161150909262744,-6.161150909262744,-6.161150909262744,-6.161150909262744,-6.161150909262744,-6.161150909262744,-6.161150909262744,-6.161150909262744,-6.161150909262744,-6.161150909262744,-6.161150909262744,-6.161150909262744,-6.161150909262744,-6.161150909262744,-6.161150909262744,-6.161150909262744,-6.161150909262744
-5.685651045339038,-5.605621218724792,-5.680910513557856,-5.640078688639741,-5.664320797259493,-5.658712393300717,-5.719224093717377,-5.7046175213437955,-5.654894990282698,-5.63995688805538,-5.643469558820657,-5.616562821974204,-5.781210764382945,-5.698942879780945,-5.675238758419683,-5.703994910404061,-5.718606900398348,-5.622021894042153,-5.810261544353229,-5.664067754876484,-6.552841968657781,-6.552841968657781,-6.552841968657781,-6.552841968657781,-6.552841968657781,-6.552841968657781,-6.552841968657781,-6.552841968657781,-6.552841968657781,-6.552841968657781,-6.552841968657781,-6.552841968657781,-6.552841968657781,-6.552841968657781,-6.552841968657781,-6.552841968657781,-6.552841968657781,-6.552841968657781,-6.552841968657781,-6.552841968657781
-5.801915542918481,-5.691359229517618,-5.818322070870159,-5.72561593126234,-5.791340114981695,-5.761226296425508,-5.83804576791317,-5.781776356439385,-5.713021261174586,-5.817758983641753,-5.781940351420938,-5.732062108507444,-5.8479823477116675,-5.854048031467374,-5.839336666623857,-5.85994830286331,-5.861107463059646,-5.841252850562233,-6.012832910731223,-5.810296109255475,-5.958607314841775,-5.958607314841775,-5.958607314841775,-5.958607314841775,-5.958607314841775,-5.958607314841775,-5.958607314841775,-5.958607314841775,-5.958607314841775,-5.958607314841775,-5.958607314841775,-5.958607314841775,-5.958607314841775,-5.958607314841775,-5.958607314841775,-5.958607314841775,-5.958607314841775,-5.958607314841775,-5.958607314841775,-5.958607314841775
-6.266369714052732,-6.375707516379657,-6.304341474831624,-6.318729539678195,-6.2896084883537435,-6.285988688012429,-6.311888129096753,-6.301456660630633,-6.231410228170367,-6.199757852525482,-6.235524184437532,-6.253340254079994,-6.260983165869675,-6.248375980461039,-6.299023994094116,-6.260389027943064,-6.295380929461022,-6.290814233611456,-6.2751885617667895,-6.223665219364387,-6.795880017344075,-6.795880017344075,-6.795880017344075,-6.795880017344075,-6.795880017344075,-6.795880017344075,-6.795880017344075,-6.795880017344075,-6.795880017344075,-6.795880017344075,-6.795880017344075,-6.795880017344075,-6.795880017344075,-6.795880017344075,-6.795880017344075,-6.795880017344075,-6.795880017344075,-6.795880017344075,-6.795880017344075,-6.795880017344075
-4.821561923317896,-4.932834676658695,-5.838581122533549,-4.694244610827117,-5.716007096422741,-4.7193320894269375,-5.530662574837075,-5.389439652568031,-4.886625303265254,-4.611132210756588,-4.835416835459752,-4.659816798940893,-4.776649031669326,-6.3248102892935405,-5.811702776435912,-4.644368877774108,-5.770528944809586,-5.720151348337591,-5.845876213991955,-4.719566814078898,-6.6777807052660805,-6.6777807052660805,-6.6777807052660805,-6.6777807052660805,-6.6777807052660805,-6.6777807052660805,-6.6777807052660805,-6.6777807052660805,-6.6777807052660805,-6.6777807052660805,-6.6777807052660805,-6.6777807052660805,-6.6777807052660805,-6.6777807052660805,-6.6777807052660805,-6.6777807052660805,-6.6777807052660805,-6.6777807052660805,-6.6777807052660805,-6.6777807052660805
-5.9463218145343095,-5.820220933527681,-5.939195950045158,-5.754330761397389,-5.910211903459959,-5.80594217816325,-5.924749852886952,-5.917196451445801,-5.678949810143591,-5.288252263453211,-5.750949579614605,-5.76434203996256,-5.815148337583917,-6.0819459424361515,-6.080810777039439,-5.872303745566651,-6.007072653417532,-6.062788134541525,-6.101227996936342,-5.827463770375795,-6.187086643357144,-6.187086643357144,-6.187086643357144,-6.187086643357144,-6.187086643357144,-6.187086643357144,-6.187086643357144,-6.187086643357144,-6.187086643357144,-6.187086643357144,-6.187086643357144,-6.187086643357144,-6.187086643357144,-6.187086643357144,-6.187086643357144,-6.187086643357144,-6.187086643357144,-6.187086643357144,-6.187086643357144,-6.187086643357144
-5.774162499875507,-5.7082839339979925,-5.759917207393153,-5.744976385686096,-5.761174549750787,-5.636152207332153,-5.727664416317497,-5.78820156240673,-5.7083104512115055,-5.344442017267804,-5.771807331040686,-5.695554015170901,-5.722538091355789,-5.77761892529211,-5.71227133007266,-5.729558018794071,-5.750237944636543,-5.762147298821937,-5.743547978749377,-5.6894357628604455,-6.167491087293763,-6.167491087293763,-6.167491087293763,-6.167491087293763,-6.167491087293763,-6.167491087293763,-6.167491087293763,-6.167491087293763,-6.167491087293763,-6.167491087293763,-6.167491087293763,-6.167491087293763,-6.167491087293763,-6.167491087293763,-6.167491087293763,-6.167491087293763,-6.167491087293763,-6.167491087293763,-6.167491087293763,-6.167491087293763
-5.989525874558319,-6.0481511418453335,-6.012572976117896,-6.034875510323911,-6.0595349549871775,-5.926611615212145,-5.980631363901816,-6.030394171789242,-6.0579384225143835,-5.832670611944481,-6.024266852468932,-6.0148935149102165,-6.008405098436638,-6.026465655018929,-5.928529619505109,-5.936806456491876,-5.9674657341589326,-5.950390670204368,-5.9333704873078394,-5.976493576914131,-6.823908740944319,-6.823908740944319,-6.823908740944319,-6.823908740944319,-6.823908740944319,-6.823908740944319,-6.823908740944319,-6.823908740944319,-6.823908740944319,-6.823908740944319,-6.823908740944319,-6.823908740944319,-6.823908740944319,-6.823908740944319,-6.823908740944319,-6.823908740944319,-6.823908740944319,-6.823908740944319,-6.823908740944319,-6.823908740944319
-6.017627186912971,-6.078470086528148,-5.978686462962723,-6.058088211415189,-6.057116216799382,-5.947556868530142,-5.9505044788427695,-6.027033634489929,-6.063650145607105,-5.895199751355757,-6.033555863818139,-6.0247065074936295,-6.020555307768937,-5.979672978516482,-5.920506930911279,-5.953221620692523,-5.938637849527335,-5.931952671363283,-5.914113897313973,-6.004040782134822,-6.187086643357144,-6.187086643357144,-6.187086643357144,-6.187086643357144,-6.187086643357144,-6.187086643357144,-6.187086643357144,-6.187086643357144,-6.187086643357144,-6.187086643357144,-6.187086643357144,-6.187086643357144,-6.187086643357144,-6.187086643357144,-6.187086643357144,-6.187086643357144,-6.187086643357144,-6.187086643357144,-6.187086643357144,-6.187086643357144
-5.642352584067627,-5.533026328052028,-5.574673750128476,-5.545025240808064,-5.5933201302390945,-5.527139028238464,-5.581842842745567,-5.598214063919188,-5.52001492203099,-5.2633019684708655,-5.6519830281340395,-5.54683823588256,-5.6591141024723,-5.619938235248579,-5.657089566514134,-5.6107411855414275,-5.671078197962673,-5.617689942472293,-5.71035303014557,-5.567812817222764,-6.508638306165727,-6.508638306165727,-6.508638306165727,-6.508638306165727,-6.508638306165727,-6.508638306165727,-6.508638306165727,-6.508638306165727,-6.508638306165727,-6.508638306165727,-6.508638306165727,-6.508638306165727,-6.508638306165727,-6.508638306165727,-6.508638306165727,-6.508638306165727,-6.508638306165727,-6.508638306165727,-6.508638306165727,-6.508638306165727
-5.931797945260043,-5.979580392410551,-5.86314139912399,-5.956141940373443,-5.941807215268646,-5.836107614274207,-5.821552254025235,-5.929686753202863,-5.977731548088048,-5.865939734137077,-5.929285123737404,-5.9131301420893285,-5.902700541324383,-5.863877970166306,-5.8155371223514525,-5.836351863229811,-5.812642621645836,-5.817625832490475,-5.772857284546256,-5.897901287465969,-6.6777807052660805,-6.6777807052660805,-6.6777807052660805,-6.6777807052660805,-6.6777807052660805,-6.6777807052660805,-6.6777807052660805,-6.6777807052660805,-6.6777807052660805,-6.6777807052660805,-6.6777807052660805,-6.6777807052660805,-6.6777807052660805,-6.6777807052660805,-6.6777807052660805,-6.6777807052660805,-6.6777807052660805,-6.6777807052660805,-6.6777807052660805,-6.6777807052660805
-5.965245848442329,-6.016893539879441,-5.911070975763526,-5.997233201359039,-5.998198894410702,-5.88554663185878,-5.879564539883313,-5.968299763906114,-6.000279836572588,-5.853722245257958,-5.975887872053066,-5.957614089068778,-5.951163081214363,-5.90891951435489,-5.861068848044207,-5.889719004546434,-5.8742501369186355,-5.869164978421197,-5.845245302011434,-5.942299973504294,-6.823908740944319,-6.823908740944319,-6.823908740944319,-6.823908740944319,-6.823908740944319,-6.823908740944319,-6.823908740944319,-6.823908740944319,-6.823908740944319,-6.823908740944319,-6.823908740944319,-6.823908740944319,-6.823908740944319,-6.823908740944319,-6.823908740944319,-6.823908740944319,-6.823908740944319,-6.823908740944319,-6.823908740944319,-6.823908740944319
-5.685516850492897,-5.821876536806218,-5.867314192446943,-5.87286633844589,-5.910131565522244,-5.848350343163656,-5.92741203370777,-5.061617027230002,-5.796957959476871,-5.959607741971848,-5.911907457200497,-5.824774962223823,-5.984037939284567,-5.9382714644083014,-5.944099051176933,-6.015595704406646,-6.005940427485607,-5.950890613362913,-6.0892668870860085,-5.9577768808404565,-6.7447274948966935,-6.7447274948966935,-6.7447274948966935,-6.7447274948966935,-6.7447274948966935,-6.7447274948966935,-6.7447274948966935,-6.7447274948966935,-6.7447274948966935,-6.7447274948966935,-6.7447274948966935,-6.7447274948966935,-6.7447274948966935,-6.7447274948966935,-6.7447274948966935,-6.7447274948966935,-6.7447274948966935,-6.7447274948966935,-6.7447274948966935,-6.7447274948966935
-6.066480249494468,-6.1723470624260885,-6.147012377356422,-6.109909890788894,-6.081973254361034,-6.198002229203487,-6.123824971783672,-6.009034695898925,-6.1405434782717885,-6.106453852457722,-6.119447512605034,-6.131248470994943,-6.218799230137647,-6.153062095549072,-6.2327852568075786,-6.150088491016976,-6.193429562037238,-6.205992471707602,-6.273737635528888,-6.135429465351088,-6.026872146400302,-6.026872146400302,-6.026872146400302,-6.026872146400302,-6.026872146400302,-6.026872146400302,-6.026872146400302,-6.026872146400302,-6.026872146400302,-6.026872146400302,-6.026872146400302,-6.026872146400302,-6.026872146400302,-6.026872146400302,-6.026872146400302,-6.026872146400302,-6.026872146400302,-6.026872146400302,-6.026872146400302,-6.026872146400302
-5.705532254921007,-5.833184766968943,-5.9711582473205445,-5.828345442587617,-5.925027873338697,-5.908822761739606,-5.9870719370941075,-5.398547481199275,-5.858827155058483,-5.959855445668559,-5.958309110354866,-5.9164889360261785,-6.007298560687006,-5.9998896922305365,-5.983592685124851,-5.951827608607522,-5.982377763653408,-5.950409329861248,-6.147031443764315,-5.9463974120408505,-6.3979400086720375,-6.3979400086720375,-6.3979400086720375,-6.3979400086720375,-6.3979400086720375,-6.3979400086720375,-6.3979400086720375,-6.3979400086720375,-6.3979400086720375,-6.3979400086720375,-6.3979400086720375,-6.3979400086720375,-6.3979400086720375,-6.3979400086720375,-6.3979400086720375,-6.3979400086720375,-6.3979400086720375,-6.3979400086720375,-6.3979400086720375,-6.3979400086720375
-5.673381516218274,-5.774585758802802,-5.90294076417936,-5.786094301779341,-5.863568605611835,-5.831702427444116,-5.91071800888389,-5.379954794782873,-5.797464435199063,-5.885897157016482,-5.88834299511265,-5.832796726193081,-5.923930483285402,-5.920660834497084,-5.899491577802342,-5.896147947252339,-5.910093313926965,-5.885160829631475,-6.049982371948881,-5.878817759547173,-6.481486060122113,-6.481486060122113,-6.481486060122113,-6.481486060122113,-6.481486060122113,-6.481486060122113,-6.481486060122113,-6.481486060122113,-6.481486060122113,-6.481486060122113,-6.481486060122113,-6.481486060122113,-6.481486060122113,-6.481486060122113,-6.481486060122113,-6.481486060122113,-6.481486060122113,-6.481486060122113,-6.481486060122113,-6.481486060122113
-6.048823949919052,-6.118237258098188,-6.220229613616567,-6.060019736409429,-6.130719736141174,-6.153116203895372,-6.1836815020705025,-6.089442057843045,-6.132293942607963,-6.105711606907381,-6.118135695464334,-6.15524677171236,-6.159852127252191,-6.243753419326141,-6.218470644603034,-6.108405559478305,-6.164374996133559,-6.206464870536174,-6.252675886985076,-6.144149874397626,-6.619788758288394,-6.619788758288394,-6.619788758288394,-6.619788758288394,-6.619788758288394,-6.619788758288394,-6.619788758288394,-6.619788758288394,-6.619788758288394,-6.619788758288394,-6.619788758288394,-6.619788758288394,-6.619788758288394,-6.619788758288394,-6.619788758288394,-6.619788758288394,-6.619788758288394,-6.619788758288394,-6.619788758288394,-6.619788758288394
-5.861219067716381,-5.915367802002505,-5.979942634458927,-5.791329964037531,-5.881939919535232,-5.957893665441794,-5.925246269915826,-5.83287767211163,-5.866384385086467,-5.874439098938246,-5.87990007822383,-5.93955668514466,-5.9071416421225225,-5.9844650427530715,-6.049612074633233,-5.8205674906808635,-5.920633779612837,-5.989118104451444,-6.000467618746465,-5.8462382129436135,-6.080921907623926,-6.080921907623926,-6.080921907623926,-6.080921907623926,-6.080921907623926,-6.080921907623926,-6.080921907623926,-6.080921907623926,-6.080921907623926,-6.080921907623926,-6.080921907623926,-6.080921907623926,-6.080921907623926,-6.080921907623926,-6.080921907623926,-6.080921907623926,-6.080921907623926,-6.080921907623926,-6.080921907623926,-6.080921907623926
-6.205675518615931,-6.313188349024079,-6.240476947397375,-6.2776838010966864,-6.23559145381837,-6.1760567342705555,-6.251249824806776,-6.275088471660084,-6.206980382843985,-6.161807767848828,-6.213085929939495,-6.19938749441044,-6.171469382370662,-6.195701243908116,-6.179654003273632,-6.1961322821424,-6.183673886132668,-6.210940690661291,-6.131343586543494,-6.177954325837864,-6.698970004336019,-6.698970004336019,-6.698970004336019,-6.698970004336019,-6.698970004336019,-6.698970004336019,-6.698970004336019,-6.698970004336019,-6.698970004336019,-6.698970004336019,-6.698970004336019,-6.698970004336019,-6.698970004336019,-6.698970004336019,-6.698970004336019,-6.698970004336019,-6.698970004336019,-6.698970004336019,-6.698970004336019,-6.698970004336019
-6.077556746230625,-5.950081543435989,-5.88235496565234,-6.011343828615649,-5.929487324863339,-5.909526086901856,-5.941481906240755,-6.037821946971424,-5.8895520283143075,-6.04064738396601,-5.991457482781234,-5.901974942116718,-6.051022168603689,-5.936764279256449,-5.979407207852284,-6.1118016231123775,-6.0178022760484,-5.990767014865646,-6.034358840027174,-6.029129741384552,-6.958607314841775,-6.958607314841775,-6.958607314841775,-6.958607314841775,-6.958607314841775,-6.958607314841775,-6.958607314841775,-6.958607314841775,-6.958607314841775,-6.958607314841775,-6.958607314841775,-6.958607314841775,-6.958607314841775,-6.958607314841775,-6.958607314841775,-6.958607314841775,-6.958607314841775,-6.958607314841775,-6.958607314841775,-6.958607314841775
-6.055683432207122,-6.110053231236075,-6.089860461020711,-6.052053362587868,-6.008390750683833,-6.150681890319354,-6.063696212392051,-6.000232908705462,-6.070789535536668,-6.137888147295898,-6.128939993802698,-6.13226440403599,-6.152430399054201,-6.05382135575582,-6.1455345880693235,-6.129200633491956,-6.111426088380066,-6.143540879256532,-6.1570268329709155,-6.101094438708277,-6.886056647693163,-6.886056647693163,-6.886056647693163,-6.886056647693163,-6.886056647693163,-6.886056647693163,-6.886056647693163,-6.886056647693163,-6.886056647693163,-6.886056647693163,-6.886056647693163,-6.886056647693163,-6.886056647693163,-6.886056647693163,-6.886056647693163,-6.886056647693163,-6.886056647693163,-6.886056647693163,-6.886056647693163,-6.886056647693163
-5.892206200372566,-5.682424914340037,-5.777033893746761,-5.697439923796812,-5.717275657681971,-5.739237949122886,-5.786739182671495,-5.7918965143882755,-5.756136870461132,-5.8109187203422215,-5.826987769969916,-5.7555596873273025,-5.86893762864033,-5.806205641920076,-5.743890307505289,-5.835328171751668,-5.779526442720353,-5.777624380765493,-5.836445391039476,-5.81732549874816,-6.431798275933005,-6.431798275933005,-6.431798275933005,-6.431798275933005,-6.431798275933005,-6.431798275933005,-6.431798275933005,-6.431798275933005,-6.431798275933005,-6.431798275933005,-6.431798275933005,-6.431798275933005,-6.431798275933005,-6.431798275933005,-6.431798275933005,-6.431798275933005,-6.431798275933005,-6.431798275933005,-6.431798275933005,-6.431798275933005
-5.085521074378979,-5.8823707311127515,-5.892920885729796,-5.9459399640961115,-5.929670891041413,-5.857627846387979,-5.9448193397523905,-5.124558009442495,-5.816126134199077,-5.972176813555007,-5.9332332748163505,-5.850232504822531,-5.982448762732631,-5.931317776798135,-5.926069461744911,-6.042650125752689,-6.001894358827301,-5.96632966851112,-6.024044642588729,-5.954388983631064,-6.522878745280337,-6.522878745280337,-6.522878745280337,-6.522878745280337,-6.522878745280337,-6.522878745280337,-6.522878745280337,-6.522878745280337,-6.522878745280337,-6.522878745280337,-6.522878745280337,-6.522878745280337,-6.522878745280337,-6.522878745280337,-6.522878745280337,-6.522878745280337,-6.522878745280337,-6.522878745280337,-6.522878745280337,-6.522878745280337
-6.072237178738827,-5.796358043869683,-5.921187634435491,-5.81940338382957,-5.860849541592538,-5.867713323056786,-5.93546493591168,-6.015936157553825,-5.851114709544996,-5.952363591987345,-5.952757838704936,-5.883289126692702,-5.9916622797599715,-5.956070745711324,-5.874845946970781,-5.994589199219819,-5.935263694239228,-5.9463897595137665,-6.00203220917707,-5.9651913704324695,-6.091514981121351,-6.091514981121351,-6.091514981121351,-6.091514981121351,-6.091514981121351,-6.091514981121351,-6.091514981121351,-6.091514981121351,-6.091514981121351,-6.091514981121351,-6.091514981121351,-6.091514981121351,-6.091514981121351,-6.091514981121351,-6.091514981121351,-6.091514981121351,-6.091514981121351,-6.091514981121351,-6.091514981121351,-6.091514981121351
-6.965800936791987,-6.093339260029994,-6.360280846886825,-6.026058084054458,-6.2247016414726355,-6.23393368420268,-6.290408891108982,-7.082325475341499,-6.0588667047624085,-6.057263463278146,-6.096367224817136,-6.101905555498882,-6.218975791700533,-6.421080926426732,-6.354204407932765,-6.204489398449111,-6.4035565759563235,-6.4348406656367505,-6.5608697235127185,-6.167321759064544,-6.6020599913279625,-6.6020599913279625,-6.6020599913279625,-6.6020599913279625,-6.6020599913279625,-6.6020599913279625,-6.6020599913279625,-6.6020599913279625,-6.6020599913279625,-6.6020599913279625,-6.6020599913279625,-6.6020599913279625,-6.6020599913279625,-6.6020599913279625,-6.6020599913279625,-6.6020599913279625,-6.6020599913279625,-6.6020599913279625,-6.6020599913279625,-6.6020599913279625
-6.372945997536207,-5.965924600054053,-6.085042620943067,-5.971649598934069,-6.053023190588032,-6.106316767235868,-6.092646754834329,-6.4643930229795465,-5.970494602767017,-6.0899003852985425,-6.078218683864637,-6.036865426835369,-6.144578009136358,-6.089488621779144,-6.086606230022479,-6.174252313687625,-6.158686159032513,-6.168036764016358,-6.26321174243989,-6.145808600345359,-6.585026652029182,-6.585026652029182,-6.585026652029182,-6.585026652029182,-6.585026652029182,-6.585026652029182,-6.585026652029182,-6.585026652029182,-6.585026652029182,-6.585026652029182,-6.585026652029182,-6.585026652029182,-6.585026652029182,-6.585026652029182,-6.585026652029182,-6.585026652029182,-6.585026652029182,-6.585026652029182,-6.585026652029182,-6.585026652029182
-5.840086141892415,-5.757676581718749,-5.88336648788231,-5.763281198504524,-5.830156024653048,-5.820451702025826,-5.892934412127996,-5.82366213063751,-5.816782335024581,-5.89829944857249,-5.905979378165264,-5.839952613765648,-5.934368340276356,-5.91655919768071,-5.853434720329577,-5.907152834762264,-5.893806712583384,-5.882687010496693,-5.9662599952546955,-5.897866930834538,-6.214670164989233,-6.214670164989233,-6.214670164989233,-6.214670164989233,-6.214670164989233,-6.214670164989233,-6.214670164989233,-6.214670164989233,-6.214670164989233,-6.214670164989233,-6.214670164989233,-6.214670164989233,-6.214670164989233,-6.214670164989233,-6.214670164989233,-6.214670164989233,-6.214670164989233,-6.214670164989233,-6.214670164989233,-6.214670164989233
-6.117080548223909,-6.065145325821769,-6.011299658628493,-6.034321226639504,-5.989457814741393,-6.093705847395543,-6.083933147771213,-6.068494071709018,-6.056733775859338,-6.039845960459618,-6.056788057424969,-6.066160834565777,-6.150639178696134,-5.987871931918457,-6.07519923116481,-6.06043284118812,-5.977977425333228,-5.943203473573825,-6.157653777153022,-6.083559767730104,-6.3979400086720375,-6.3979400086720375,-6.3979400086720375,-6.3979400086720375,-6.3979400086720375,-6.3979400086720375,-6.3979400086720375,-6.3979400086720375,-6.3979400086720375,-6.3979400086720375,-6.3979400086720375,-6.3979400086720375,-6.3979400086720375,-6.3979400086720375,-6.3979400086720375,-6.3979400086720375,-6.3979400086720375,-6.3979400086720375,-6.3979400086720375,-6.3979400086720375
-6.056858511195848,-5.898265154425293,-5.954264796152433,-5.890197494562939,-5.917634229174033,-5.972118829023211,-6.0126862759971775,-5.985299220691158,-5.848648229362909,-5.958142879790566,-5.903470695055568,-5.910549020306674,-6.0227569202783995,-6.006185267697106,-6.063913519779528,-6.023893961718481,-5.9829444773094105,-5.989948121657665,-6.20290964583708,-5.985605851156781,-6.275724130399211,-6.275724130399211,-6.275724130399211,-6.275724130399211,-6.275724130399211,-6.275724130399211,-6.275724130399211,-6.275724130399211,-6.275724130399211,-6.275724130399211,-6.275724130399211,-6.275724130399211,-6.275724130399211,-6.275724130399211,-6.275724130399211,-6.275724130399211,-6.275724130399211,-6.275724130399211,-6.275724130399211,-6.275724130399211
-6.291041308535423,-6.194717563323873,-6.149208196809247,-6.405791984716977,-6.14749072528765,-6.369127736020895,-6.174537796394125,-6.177861865101378,-6.533925866796815,-6.53739654528622,-6.490870775395247,-6.386934840573913,-6.603493095776412,-6.126309676705476,-6.158133381700655,-6.610985975730577,-6.248509519782253,-6.230006637451789,-6.392033781541962,-6.670671172294902,-6.6020599913279625,-6.6020599913279625,-6.6020599913279625,-6.6020599913279625,-6.6020599913279625,-6.6020599913279625,-6.6020599913279625,-6.6020599913279625,-6.6020599913279625,-6.6020599913279625,-6.6020599913279625,-6.6020599913279625,-6.6020599913279625,-6.6020599913279625,-6.6020599913279625,-6.6020599913279625,-6.6020599913279625,-6.6020599913279625,-6.6020599913279625,-6.6020599913279625
-6.012294717678808,-6.094336227720834,-6.040400158262807,-6.064240876362889,-6.020084352397369,-5.998322236295085,-6.059888354739168,-5.9979399178048896,-6.073383459008431,-6.041980726190749,-6.042449728688715,-6.038676561878054,-6.063770900118716,-6.086770757637768,-6.059932791139311,-6.0712240828153705,-6.007676898711321,-6.046675176905925,-6.046921882682032,-6.062763698114421,-6.721246399047171,-6.721246399047171,-6.721246399047171,-6.721246399047171,-6.721246399047171,-6.721246399047171,-6.721246399047171,-6.721246399047171,-6.721246399047171,-6.721246399047171,-6.721246399047171,-6.721246399047171,-6.721246399047171,-6.721246399047171,-6.721246399047171,-6.721246399047171,-6.721246399047171,-6.721246399047171,-6.721246399047171,-6.721246399047171
-6.074375806522664,-5.884527082686525,-5.854176471149511,-5.968120788347123,-5.897063438659478,-5.816546715143713,-5.890400574344585,-6.025743224034347,-5.771462334535401,-5.109907880131859,-5.918207145081553,-5.8225587635012195,-5.977464770803386,-5.921972999651765,-5.934133103807673,-6.068235989832793,-5.996339190787778,-5.9764372794676905,-6.014741899116249,-5.938796009068591,-6.229147988357856,-6.229147988357856,-6.229147988357856,-6.229147988357856,-6.229147988357856,-6.229147988357856,-6.229147988357856,-6.229147988357856,-6.229147988357856,-6.229147988357856,-6.229147988357856,-6.229147988357856,-6.229147988357856,-6.229147988357856,-6.229147988357856,-6.229147988357856,-6.229147988357856,-6.229147988357856,-6.229147988357856,-6.229147988357856
-6.240214056682054,-6.305270360248377,-6.33713120655082,-6.243526038632339,-6.320783086194808,-6.156645361532544,-6.299779637860305,-6.350950885429731,-6.183992102822653,-6.105545706012108,-6.138832007516351,-6.142005724102262,-6.1693054447615125,-6.37082511692272,-6.311450584431999,-6.131632957598619,-6.308773101846512,-6.284569208083671,-6.310569360048375,-6.135344485473358,-6.6777807052660805,-6.6777807052660805,-6.6777807052660805,-6.6777807052660805,-6.6777807052660805,-6.6777807052660805,-6.6777807052660805,-6.6777807052660805,-6.6777807052660805,-6.6777807052660805,-6.6777807052660805,-6.6777807052660805,-6.6777807052660805,-6.6777807052660805,-6.6777807052660805,-6.6777807052660805,-6.6777807052660805,-6.6777807052660805,-6.6777807052660805,-6.6777807052660805
-6.335004126881079,-6.286881055720244,-6.2298241494164355,-6.3266018090431535,-6.244659294369029,-6.134938513888033,-6.232707389975866,-6.370709236836545,-6.224711512139059,-5.580182770733305,-6.227830660197813,-6.185280860150647,-6.216082299098243,-6.221183193673678,-6.184405410598865,-6.26170372873304,-6.230341211941607,-6.222015407549017,-6.182404372451574,-6.225412039756621,-6.301029995663981,-6.301029995663981,-6.301029995663981,-6.301029995663981,-6.301029995663981,-6.301029995663981,-6.301029995663981,-6.301029995663981,-6.301029995663981,-6.301029995663981,-6.301029995663981,-6.301029995663981,-6.301029995663981,-6.301029995663981,-6.301029995663981,-6.301029995663981,-6.301029995663981,-6.301029995663981,-6.301029995663981,-6.301029995663981
-6.05874565955354,-6.352620274067959,-6.253841317940797,-6.34982334271559,-6.206354752698074,-6.280434670544065,-6.272857927124975,-6.10421431443938,-6.29979976500931,-6.233141881336064,-6.301139103886,-6.263304344247562,-6.339440067926917,-6.194552338858266,-6.2461800908857095,-6.276031148251624,-6.277338265653687,-6.252433697132973,-6.244076916083754,-6.2519235316465025,-5.886056647693163,-5.886056647693163,-5.886056647693163,-5.886056647693163,-5.886056647693163,-5.886056647693163,-5.886056647693163,-5.886056647693163,-5.886056647693163,-5.886056647693163,-5.886056647693163,-5.886056647693163,-5.886056647693163,-5.886056647693163,-5.886056647693163,-5.886056647693163,-5.886056647693163,-5.886056647693163,-5.886056647693163,-5.886056647693163
-6.536058760945767,-6.604039419656448,-6.447272041687375,-6.603648629668405,-6.414336003456762,-6.494846156949487,-6.475428168932116,-6.5477835152202175,-6.552035141734118,-6.507599663661666,-6.545656252802566,-6.526700911770504,-6.543636513208928,-6.340956429137434,-6.4116951778195945,-6.506482524019905,-6.444200600947378,-6.398964115378817,-6.34375017730906,-6.48120424072895,-6.920818753952375,-6.920818753952375,-6.920818753952375,-6.920818753952375,-6.920818753952375,-6.920818753952375,-6.920818753952375,-6.920818753952375,-6.920818753952375,-6.920818753952375,-6.920818753952375,-6.920818753952375,-6.920818753952375,-6.920818753952375,-6.920818753952375,-6.920818753952375,-6.920818753952375,-6.920818753952375,-6.920818753952375,-6.920818753952375
-5.913154932431877,-5.802841468310198,-5.833962475371849,-5.8291076997858955,-5.858319314771409,-5.811358766126956,-5.899938529745446,-5.929426303283104,-5.784645918174818,-5.850553379495678,-5.815633702470341,-5.758536738256993,-5.908104780712483,-5.934424862675632,-5.920302647730039,-5.938153304545564,-5.915786270006676,-5.901298093831387,-6.029532608544649,-5.903568184408442,-6.036212172654444,-6.036212172654444,-6.036212172654444,-6.036212172654444,-6.036212172654444,-6.036212172654444,-6.036212172654444,-6.036212172654444,-6.036212172654444,-6.036212172654444,-6.036212172654444,-6.036212172654444,-6.036212172654444,-6.036212172654444,-6.036212172654444,-6.036212172654444,-6.036212172654444,-6.036212172654444,-6.036212172654444,-6.036212172654444
-6.027269369805021,-6.0128539616719285,-6.033045882608721,-6.014355615872426,-6.004501678676783,-5.933209772431151,-6.046751900196859,-6.067122897935557,-5.9741381815870955,-6.024178325698291,-6.0242544635214745,-5.966646027109192,-6.015637688728071,-6.073008933066752,-6.033549942463876,-6.040136974473464,-6.02798953078271,-6.052498901343219,-6.054527779476868,-6.006991315406658,-6.6020599913279625,-6.6020599913279625,-6.6020599913279625,-6.6020599913279625,-6.6020599913279625,-6.6020599913279625,-6.6020599913279625,-6.6020599913279625,-6.6020599913279625,-6.6020599913279625,-6.6020599913279625,-6.6020599913279625,-6.6020599913279625,-6.6020599913279625,-6.6020599913279625,-6.6020599913279625,-6.6020599913279625,-6.6020599913279625,-6.6020599913279625,-6.6020599913279625
-6.00081636681779,-6.013658659430977,-6.0484520318277415,-6.014756657137687,-6.010304327882186,-5.945323104874344,-6.0591057656289635,-6.035444938127049,-5.989643573480718,-6.04674308780789,-6.071625692162326,-6.00113820827292,-6.037044743642225,-6.067168194195723,-6.025655009941746,-6.043745094888094,-6.004424774012507,-6.040378505562631,-6.064001701163445,-6.031349769528132,-6.886056647693163,-6.886056647693163,-6.886056647693163,-6.886056647693163,-6.886056647693163,-6.886056647693163,-6.886056647693163,-6.886056647693163,-6.886056647693163,-6.886056647693163,-6.886056647693163,-6.886056647693163,-6.886056647693163,-6.886056647693163,-6.886056647693163,-6.886056647693163,-6.886056647693163,-6.886056647693163,-6.886056647693163,-6.886056647693163
-6.059300433902721,-6.0240558019644475,-6.052113638434446,-6.03834101116858,-6.038603299467577,-5.971184801193408,-6.0876974620555915,-6.090033519773085,-5.992278021229578,-6.069647748933554,-6.064791252983948,-6.000982348879299,-6.079723580628645,-6.097963675404728,-6.0668329853808896,-6.088853908827233,-6.074055723244488,-6.068401950263723,-6.127190884144207,-6.059055978504175,-6.769551078621726,-6.769551078621726,-6.769551078621726,-6.769551078621726,-6.769551078621726,-6.769551078621726,-6.769551078621726,-6.769551078621726,-6.769551078621726,-6.769551078621726,-6.769551078621726,-6.769551078621726,-6.769551078621726,-6.769551078621726,-6.769551078621726,-6.769551078621726,-6.769551078621726,-6.769551078621726,-6.769551078621726,-6.769551078621726
-6.174346309328877,-6.0803332245506345,-6.032065897697622,-6.143322069545241,-6.025058084013515,-5.94433885058838,-6.051213448872369,-6.1668404405710335,-5.978934097900621,-6.1297453014294625,-6.120242811662227,-6.020536965986553,-6.098430143248797,-6.032888464828122,-6.030068008432851,-6.149930662254483,-6.075405678412816,-6.0665305249939445,-6.035475145300221,-6.0442414211620825,-6.3979400086720375,-6.3979400086720375,-6.3979400086720375,-6.3979400086720375,-6.3979400086720375,-6.3979400086720375,-6.3979400086720375,-6.3979400086720375,-6.3979400086720375,-6.3979400086720375,-6.3979400086720375,-6.3979400086720375,-6.3979400086720375,-6.3979400086720375,-6.3979400086720375,-6.3979400086720375,-6.3979400086720375,-6.3979400086720375,-6.3979400086720375,-6.3979400086720375
-6.274819116189243,-6.296726094096137,-6.137171344197292,-6.317073445545058,-6.166963832125954,-6.2536423874302205,-6.201486819955763,-6.261360321714176,-6.274857269447981,-6.284305278982895,-6.307467417774909,-6.261085148867112,-6.341655643764849,-6.048037201275488,-6.14954567286279,-6.295170329455261,-6.189938030958947,-6.126170253282855,-6.16386292271841,-6.277549173567253,-6.376750709602099,-6.376750709602099,-6.376750709602099,-6.376750709602099,-6.376750709602099,-6.376750709602099,-6.376750709602099,-6.376750709602099,-6.376750709602099,-6.376750709602099,-6.376750709602099,-6.376750709602099,-6.376750709602099,-6.376750709602099,-6.376750709602099,-6.376750709602099,-6.376750709602099,-6.376750709602099,-6.376750709602099,-6.376750709602099
-5.99709800224395,-6.071808492155277,-6.165484397198694,-6.0349559747063735,-6.115705019131878,-6.10413654565908,-6.138289163399113,-6.0681047903704535,-6.05834626690826,-6.043575282526601,-6.045137544365807,-6.061505498001818,-6.135472164178502,-6.225035011193311,-6.170900833040801,-6.132365408079516,-6.192436367020366,-6.205718202694362,-6.244203826891205,-6.101653280292759,-6.443697499232713,-6.443697499232713,-6.443697499232713,-6.443697499232713,-6.443697499232713,-6.443697499232713,-6.443697499232713,-6.443697499232713,-6.443697499232713,-6.443697499232713,-6.443697499232713,-6.443697499232713,-6.443697499232713,-6.443697499232713,-6.443697499232713,-6.443697499232713,-6.443697499232713,-6.443697499232713,-6.443697499232713,-6.443697499232713
-6.338138233156267,-6.475741116817333,-6.54558271315336,-6.379857258122705,-6.468712419571781,-6.3780105152574595,-6.490305597609602,-6.461825354967097,-6.371016570365049,-6.238553472459531,-6.29004152067024,-6.330161747014343,-6.339119137288285,-6.520416599670788,-6.510139406805578,-6.306716089857903,-6.500528910783821,-6.511555835907922,-6.494127987630871,-6.296544822767734,-7.0,-7.0,-7.0,-7.0,-7.0,-7.0,-7.0,-7.0,-7.0,-7.0,-7.0,-7.0,-7.0,-7.0,-7.0,-7.0,-7.0,-7.0,-7.0,-7.0
-6.3264960374345645,-6.380579374662988,-6.19570664626565,-6.34683384558928,-6.136540382221875,-6.427595850977862,-6.2164230900707,-6.185928893663564,-6.3881327463026505,-6.4291995604748555,-6.392879713023599,-6.4277348460937205,-6.404997550343624,-6.068707871963815,-6.255065359547619,-6.373438453981395,-6.206617310649781,-6.237162018204988,-6.209447982764086,-6.385613142143608,-6.853871964321762,-6.853871964321762,-6.853871964321762,-6.853871964321762,-6.853871964321762,-6.853871964321762,-6.853871964321762,-6.853871964321762,-6.853871964321762,-6.853871964321762,-6.853871964321762,-6.853871964321762,-6.853871964321762,-6.853871964321762,-6.853871964321762,-6.853871964321762,-6.853871964321762,-6.853871964321762,-6.853871964321762,-6.853871964321762
-5.985822669026798,-6.042564948768862,-6.084526037112231,-6.019812780209178,-6.087919668696742,-6.032875401351053,-6.077698795867814,-6.005615286736325,-6.025750739887196,-6.044673884564113,-6.083122017261263,-6.05698012299941,-6.084684919432766,-6.08536486350011,-6.052566435321029,-6.040668305597913,-6.047899845017893,-6.048917974264358,-6.144012670428021,-6.072235189120155,-5.958607314841775,-5.958607314841775,-5.958607314841775,-5.958607314841775,-5.958607314841775,-5.958607314841775,-5.958607314841775,-5.958607314841775,-5.958607314841775,-5.958607314841775,-5.958607314841775,-5.958607314841775,-5.958607314841775,-5.958607314841775,-5.958607314841775,-5.958607314841775,-5.958607314841775,-5.958607314841775,-5.958607314841775,-5.958607314841775
-5.939047106585019,-5.830109926734336,-5.966347061098127,-5.896623491168307,-5.97679273902414,-5.820496106283295,-6.011827043657005,-5.986080077462906,-5.798064034121397,-5.99443166672541,-5.949353250954481,-5.834590733545295,-5.981722776321477,-6.098797808064337,-6.010227778032003,-6.062090467565165,-6.060972583470085,-6.049070623605214,-6.155350261509295,-6.00923698183998,-6.568636235841013,-6.568636235841013,-6.568636235841013,-6.568636235841013,-6.568636235841013,-6.568636235841013,-6.568636235841013,-6.568636235841013,-6.568636235841013,-6.568636235841013,-6.568636235841013,-6.568636235841013,-6.568636235841013,-6.568636235841013,-6.568636235841013,-6.568636235841013,-6.568636235841013,-6.568636235841013,-6.568636235841013,-6.568636235841013
-5.881266347008784,-5.773920798928471,-5.816741173386241,-5.834646324285859,-5.822820174850139,-5.792154563375372,-5.822869032272342,-5.834988953782573,-5.795577801724198,-5.924531236498167,-5.896951115126859,-5.8287728528259235,-5.9125782917492335,-5.822085679297287,-5.810617531687106,-5.907080578569363,-5.852704509124104,-5.838077909706806,-5.923612075805932,-5.866119600028675,-6.236572006437063,-6.236572006437063,-6.236572006437063,-6.236572006437063,-6.236572006437063,-6.236572006437063,-6.236572006437063,-6.236572006437063,-6.236572006437063,-6.236572006437063,-6.236572006437063,-6.236572006437063,-6.236572006437063,-6.236572006437063,-6.236572006437063,-6.236572006437063,-6.236572006437063,-6.236572006437063,-6.236572006437063,-6.236572006437063
-5.960060399722358,-5.917142949197622,-5.924263577734688,-5.927137857742119,-5.92387794502709,-5.897205910663396,-5.914279920856897,-5.935299898351205,-5.910556606393712,-5.966818993783084,-5.96328553513501,-5.9223324012158045,-5.960195670480197,-5.926908178550963,-5.92554170253244,-5.946808446771814,-5.9230437616162,-5.933644121140526,-5.984364402212706,-5.935170442065195,-6.958607314841775,-6.958607314841775,-6.958607314841775,-6.958607314841775,-6.958607314841775,-6.958607314841775,-6.958607314841775,-6.958607314841775,-6.958607314841775,-6.958607314841775,-6.958607314841775,-6.958607314841775,-6.958607314841775,-6.958607314841775,-6.958607314841775,-6.958607314841775,-6.958607314841775,-6.958607314841775,-6.958607314841775,-6.958607314841775
-5.865684284919509,-5.770215521644363,-5.821412136650898,-5.805877617566854,-5.8050902307058445,-5.773043277591295,-5.80856567877913,-5.8201649356309835,-5.775906294418816,-5.892590895341972,-5.860149525262204,-5.807861763991225,-5.856772828911682,-5.834281806342989,-5.8183354942736365,-5.872411965776507,-5.828318439529708,-5.856036832789477,-5.895291042995438,-5.832451170661252,-6.657577319177793,-6.657577319177793,-6.657577319177793,-6.657577319177793,-6.657577319177793,-6.657577319177793,-6.657577319177793,-6.657577319177793,-6.657577319177793,-6.657577319177793,-6.657577319177793,-6.657577319177793,-6.657577319177793,-6.657577319177793,-6.657577319177793,-6.657577319177793,-6.657577319177793,-6.657577319177793,-6.657577319177793,-6.657577319177793
-5.727274326110188,-5.61162972365913,-5.700452692641024,-5.653618995760575,-5.7183415888757745,-5.668325500741534,-5.721315812161406,-5.682596743981952,-5.6305347842648565,-5.792104093565969,-5.76629185709046,-5.670146605720585,-5.797101309296903,-5.74304224583369,-5.756019541891739,-5.782611837680752,-5.79563092742801,-5.753120670039478,-5.907222248590807,-5.741022536276184,-6.795880017344075,-6.795880017344075,-6.795880017344075,-6.795880017344075,-6.795880017344075,-6.795880017344075,-6.795880017344075,-6.795880017344075,-6.795880017344075,-6.795880017344075,-6.795880017344075,-6.795880017344075,-6.795880017344075,-6.795880017344075,-6.795880017344075,-6.795880017344075,-6.795880017344075,-6.795880017344075,-6.795880017344075,-6.795880017344075
-6.008194650912927,-6.071053305143625,-6.134442422788793,-6.058364074792371,-6.064354707723781,-6.122158977266504,-6.102013654626471,-5.996867755262801,-6.115882050862908,-6.162068614282045,-6.151633227611375,-6.143544242004513,-6.20213178592342,-6.145542032599087,-6.1231943175761625,-6.16014762791359,-6.1281483080291945,-6.155562218068806,-6.204329826786836,-6.173221707938811,-6.346787486224656,-6.346787486224656,-6.346787486224656,-6.346787486224656,-6.346787486224656,-6.346787486224656,-6.346787486224656,-6.346787486224656,-6.346787486224656,-6.346787486224656,-6.346787486224656,-6.346787486224656,-6.346787486224656,-6.346787486224656,-6.346787486224656,-6.346787486224656,-6.346787486224656,-6.346787486224656,-6.346787486224656,-6.346787486224656
-5.987264087446844,-6.047215981636971,-6.090201173366737,-6.006518847490101,-6.028117241631065,-6.097942948338503,-6.052856773886624,-5.9642611759318855,-6.082359132760341,-6.09125687004605,-6.078955115233209,-6.094307480319919,-6.157845967526769,-6.12182614406674,-6.115557866714941,-6.09513489308388,-6.0980637635985016,-6.126339252783675,-6.180945861963016,-6.115694515439633,-6.698970004336019,-6.698970004336019,-6.698970004336019,-6.698970004336019,-6.698970004336019,-6.698970004336019,-6.698970004336019,-6.698970004336019,-6.698970004336019,-6.698970004336019,-6.698970004336019,-6.698970004336019,-6.698970004336019,-6.698970004336019,-6.698970004336019,-6.698970004336019,-6.698970004336019,-6.698970004336019,-6.698970004336019,-6.698970004336019
-6.192743073120974,-6.158079385739366,-6.10907164712719,-6.160916632293305,-6.087389951896807,-6.0643877402846655,-6.100139398477412,-6.185693741864994,-6.096171581987896,-6.120903527660272,-6.121446839334498,-6.085735667695828,-6.129337281926172,-6.101066790858354,-6.120629158791756,-6.132696661415152,-6.125744591544264,-6.128347098768717,-6.110615823544876,-6.090730706609577,-6.552841968657781,-6.552841968657781,-6.552841968657781,-6.552841968657781,-6.552841968657781,-6.552841968657781,-6.552841968657781,-6.552841968657781,-6.552841968657781,-6.552841968657781,-6.552841968657781,-6.552841968657781,-6.552841968657781,-6.552841968657781,-6.552841968657781,-6.552841968657781,-6.552841968657781,-6.552841968657781,-6.552841968657781,-6.552841968657781
-5.973459679219845,-6.074997018652855,-6.210252657823403,-6.03270341919797,-6.099623575494803,-6.113026501598828,-6.156249717446771,-6.003706551314139,-6.093733833893996,-6.130136334813078,-6.143047542044392,-6.139165294729048,-6.174755337170743,-6.242647058369846,-6.181578599682478,-6.123512468194094,-6.16978870133508,-6.216749452133045,-6.267924714157545,-6.128997954254662,-6.853871964321762,-6.853871964321762,-6.853871964321762,-6.853871964321762,-6.853871964321762,-6.853871964321762,-6.853871964321762,-6.853871964321762,-6.853871964321762,-6.853871964321762,-6.853871964321762,-6.853871964321762,-6.853871964321762,-6.853871964321762,-6.853871964321762,-6.853871964321762,-6.853871964321762,-6.853871964321762,-6.853871964321762,-6.853871964321762
-6.0126947843678025,-6.06179253337307,-6.091329424453892,-6.052312696734907,-6.030354941762683,-6.128623797102113,-6.06768529683439,-5.976424943555365,-6.127923304617844,-6.1570354076369505,-6.147201112107397,-6.144414037931104,-6.221239105197596,-6.090449902490578,-6.096542145976637,-6.148967138328363,-6.096198609110776,-6.105002031512036,-6.175889813291271,-6.17382247857175,-6.958607314841775,-6.958607314841775,-6.958607314841775,-6.958607314841775,-6.958607314841775,-6.958607314841775,-6.958607314841775,-6.958607314841775,-6.958607314841775,-6.958607314841775,-6.958607314841775,-6.958607314841775,-6.958607314841775,-6.958607314841775,-6.958607314841775,-6.958607314841775,-6.958607314841775,-6.958607314841775,-6.958607314841775,-6.958607314841775
-5.9373067357975335,-5.967438801628186,-6.056230821495242,-5.892613941880657,-5.947069497085962,-6.1647772988850384,-6.003115001613475,-6.16476325251669,-5.9855048876286,-6.0240964546964015,-6.004933151565766,-6.061769848224796,-6.130464638686852,-6.08012820236034,-6.194744588861586,-6.031190267880002,-6.088830588343825,-6.163989599020587,-6.295058663970655,-6.055359080492683,-6.161150909262744,-6.161150909262744,-6.161150909262744,-6.161150909262744,-6.161150909262744,-6.161150909262744,-6.161150909262744,-6.161150909262744,-6.161150909262744,-6.161150909262744,-6.161150909262744,-6.161150909262744,-6.161150909262744,-6.161150909262744,-6.161150909262744,-6.161150909262744,-6.161150909262744,-6.161150909262744,-6.161150909262744,-6.161150909262744
-6.133635755114215,-6.160533459132568,-6.300939746935225,-6.100331353997257,-6.2097372021194275,-6.2551861511735645,-6.236152390512711,-6.397677534052288,-6.12489321101227,-6.067595473233515,-6.072457561114632,-6.114660247415159,-6.233550760280175,-6.37738329798493,-6.368671676146062,-6.198942652689331,-6.3620832448656515,-6.392734207851309,-6.502510614578866,-6.1709466743091115,-6.698970004336019,-6.698970004336019,-6.698970004336019,-6.698970004336019,-6.698970004336019,-6.698970004336019,-6.698970004336019,-6.698970004336019,-6.698970004336019,-6.698970004336019,-6.698970004336019,-6.698970004336019,-6.698970004336019,-6.698970004336019,-6.698970004336019,-6.698970004336019,-6.698970004336019,-6.698970004336019,-6.698970004336019,-6.698970004336019
-5.43255027158613,-5.311416945232779,-5.267845719687364,-5.304446560485858,-5.310288287511744,-5.333518176821081,-5.269843096377792,-5.3657934980459,-5.342418888668596,-5.3526917195777575,-5.354887618170198,-5.277277426330714,-5.375064124537156,-5.304607778425559,-5.379660091155146,-5.3268507206120255,-5.334352464468066,-5.3024400493263615,-5.379918277578124,-5.317525501786075,-6.0655015487564325,-6.0655015487564325,-6.0655015487564325,-6.0655015487564325,-6.0655015487564325,-6.0655015487564325,-6.0655015487564325,-6.0655015487564325,-6.0655015487564325,-6.0655015487564325,-6.0655015487564325,-6.0655015487564325,-6.0655015487564325,-6.0655015487564325,-6.0655015487564325,-6.0655015487564325,-6.0655015487564325,-6.0655015487564325,-6.0655015487564325,-6.0655015487564325
-5.250039246276926,-5.1521296777398105,-5.112361684147176,-5.062081556148022,-5.162106953909842,-5.198696509147791,-5.088697581021835,-5.151828242124748,-5.159768178825765,-5.165783414074819,-5.186684065032901,-5.115544797023808,-5.133728213601084,-5.289993222653422,-5.289701547438401,-5.058232007813298,-5.161716261437796,-5.138014883250271,-5.21028691887562,-5.107529103590985,-6.481486060122113,-6.481486060122113,-6.481486060122113,-6.481486060122113,-6.481486060122113,-6.481486060122113,-6.481486060122113,-6.481486060122113,-6.481486060122113,-6.481486060122113,-6.481486060122113,-6.481486060122113,-6.481486060122113,-6.481486060122113,-6.481486060122113,-6.481486060122113,-6.481486060122113,-6.481486060122113,-6.481486060122113,-6.481486060122113
-6.337516654910871,-6.384769108826028,-6.2825272348875245,-6.377184615382747,-6.2650357033675474,-6.329632541504682,-6.30884231263052,-6.339846146943367,-6.347028858121278,-6.3392676074225065,-6.368516648464475,-6.3405558445575805,-6.386683598588268,-6.104726535205512,-6.289899537077484,-6.345437467606156,-6.308153001832034,-6.273840251099908,-6.29075133741714,-6.331000498148545,-7.0,-7.0,-7.0,-7.0,-7.0,-7.0,-7.0,-7.0,-7.0,-7.0,-7.0,-7.0,-7.0,-7.0,-7.0,-7.0,-7.0,-7.0,-7.0,-7.0
-5.2102040296042045,-5.146220372276607,-5.072014611904334,-5.119274159976162,-5.132771570265907,-5.127387911452251,-5.074697626599189,-5.183923365984712,-5.20091971400708,-5.15914960081224,-5.202678200463792,-5.077082650148787,-5.209965748444407,-5.297979889080002,-5.20530980080763,-5.1109706732177065,-5.174860890264315,-5.097566553837679,-5.148160429671302,-5.117183623070885,-6.200659450546418,-6.200659450546418,-6.200659450546418,-6.200659450546418,-6.200659450546418,-6.200659450546418,-6.200659450546418,-6.200659450546418,-6.200659450546418,-6.200659450546418,-6.200659450546418,-6.200659450546418,-6.200659450546418,-6.200659450546418,-6.200659450546418,-6.200659450546418,-6.200659450546418,-6.200659450546418,-6.200659450546418,-6.200659450546418
-5.317643269390758,-5.205919904135939,-5.207820572104378,-5.1824148128811665,-5.265650793992339,-5.2587211866604795,-5.223235628241791,-5.266327433697771,-5.25101733655141,-5.2585030474352665,-5.291130427481799,-5.190331124421675,-5.320170970209694,-5.25759605412968,-5.350813591112027,-5.212891584475295,-5.307485166939401,-5.217360698689482,-5.385324275280239,-5.22995184294877,-6.585026652029182,-6.585026652029182,-6.585026652029182,-6.585026652029182,-6.585026652029182,-6.585026652029182,-6.585026652029182,-6.585026652029182,-6.585026652029182,-6.585026652029182,-6.585026652029182,-6.585026652029182,-6.585026652029182,-6.585026652029182,-6.585026652029182,-6.585026652029182,-6.585026652029182,-6.585026652029182,-6.585026652029182,-6.585026652029182
-6.042133351538316,-6.010450369560664,-5.93292288445603,-6.020731410328986,-5.958809864441344,-5.956683964460204,-5.959470926828015,-6.033759244828875,-5.974555475083872,-6.012964184190349,-6.0074874902376365,-5.956747607189957,-6.021794983274479,-5.717051011575213,-5.977926125377124,-6.02582693136102,-5.996919367202106,-5.983429776516441,-5.984835927748108,-5.988789109079252,-6.795880017344075,-6.795880017344075,-6.795880017344075,-6.795880017344075,-6.795880017344075,-6.795880017344075,-6.795880017344075,-6.795880017344075,-6.795880017344075,-6.795880017344075,-6.795880017344075,-6.795880017344075,-6.795880017344075,-6.795880017344075,-6.795880017344075,-6.795880017344075,-6.795880017344075,-6.795880017344075,-6.795880017344075,-6.795880017344075
-6.1112203874510795,-6.159701453380988,-6.1878455912213886,-6.131672235457434,-6.097941733854166,-6.268690776139244,-6.150539657073799,-6.069288930318413,-6.204120386985551,-6.2366553457601235,-6.2305029785851636,-6.249881878057182,-6.284011244549225,-6.141030559868694,-6.220199925708606,-6.238249407452246,-6.187260581216328,-6.234861002601911,-6.284382796768181,-6.250493625570071,-6.173925197299174,-6.173925197299174,-6.173925197299174,-6.173925197299174,-6.173925197299174,-6.173925197299174,-6.173925197299174,-6.173925197299174,-6.173925197299174,-6.173925197299174,-6.173925197299174,-6.173925197299174,-6.173925197299174,-6.173925197299174,-6.173925197299174,-6.173925197299174,-6.173925197299174,-6.173925197299174,-6.173925197299174,-6.173925197299174
-6.235401834663085,-6.28121704409201,-6.254247747598283,-6.266789208329113,-6.224262554580031,-6.188181956539776,-6.244319942477074,-6.275999783599928,-6.203125923579078,-6.176251896506447,-6.195074420283074,-6.185632677785205,-6.209226550587075,-6.243242110245112,-6.243803173926948,-6.2293546146019265,-6.257059193200331,-6.253502385201206,-6.219008748715638,-6.191249283198183,-6.366531544420414,-6.366531544420414,-6.366531544420414,-6.366531544420414,-6.366531544420414,-6.366531544420414,-6.366531544420414,-6.366531544420414,-6.366531544420414,-6.366531544420414,-6.366531544420414,-6.366531544420414,-6.366531544420414,-6.366531544420414,-6.366531544420414,-6.366531544420414,-6.366531544420414,-6.366531544420414,-6.366531544420414,-6.366531544420414
-5.17194493914847,-5.141168495549291,-5.144445578262913,-4.9499486643752615,-4.975258738050817,-5.102833982998357,-4.9873430095469695,-5.070752107858917,-5.0129457362528225,-4.905065807933508,-4.850753479639299,-5.0655978051372434,-5.034529625247742,-5.049537871828572,-5.098789468850274,-4.895588916711514,-4.806943925771485,-5.115125785854124,-4.984146469514741,-4.8590182363418215,-5.886056647693163,-5.886056647693163,-5.886056647693163,-5.886056647693163,-5.886056647693163,-5.886056647693163,-5.886056647693163,-5.886056647693163,-5.886056647693163,-5.886056647693163,-5.886056647693163,-5.886056647693163,-5.886056647693163,-5.886056647693163,-5.886056647693163,-5.886056647693163,-5.886056647693163,-5.886056647693163,-5.886056647693163,-5.886056647693163
-5.106302185254457,-5.213364270418372,-5.209187704645139,-4.92557820280641,-4.925522339868599,-5.120184950737215,-4.956660778005358,-4.989724762002842,-5.021945930187473,-4.985401911252194,-4.863755487474636,-5.122271125340193,-4.916860710878089,-5.1441641106544544,-5.198344145644135,-4.908256530517244,-4.777592950257315,-5.292362743444828,-4.866838183645222,-4.870658457029851,-5.180456064458132,-5.180456064458132,-5.180456064458132,-5.180456064458132,-5.180456064458132,-5.180456064458132,-5.180456064458132,-5.180456064458132,-5.180456064458132,-5.180456064458132,-5.180456064458132,-5.180456064458132,-5.180456064458132,-5.180456064458132,-5.180456064458132,-5.180456064458132,-5.180456064458132,-5.180456064458132,-5.180456064458132,-5.180456064458132
-5.734598180244049,-5.6033266743491,-5.583047312921776,-5.610210134291629,-5.6022659332693365,-5.571421424354141,-5.599596694690177,-5.654891934818159,-5.518455969718852,-5.724507993529755,-5.703078045993486,-5.575906939902585,-5.199908538370737,-5.640556903209915,-5.721743196042869,-5.632400695595006,-5.731499107067115,-5.701484546836115,-5.47540397194656,-5.623901229231967,-5.107905397309519,-5.107905397309519,-5.107905397309519,-5.107905397309519,-5.107905397309519,-5.107905397309519,-5.107905397309519,-5.107905397309519,-5.107905397309519,-5.107905397309519,-5.107905397309519,-5.107905397309519,-5.107905397309519,-5.107905397309519,-5.107905397309519,-5.107905397309519,-5.107905397309519,-5.107905397309519,-5.107905397309519,-5.107905397309519
-5.008202980110283,-5.062349291762109,-5.183803741178824,-4.841808309322143,-4.9605881896631,-5.0704749339314805,-5.019358325244494,-4.949161430376166,-4.919297446082348,-4.883116206769876,-4.850205997551251,-5.047178417494927,-4.937151193134307,-5.132989664143264,-5.159129416444166,-4.878123861454982,-4.857191451579967,-5.125814850740391,-4.872537535622802,-4.831681919233408,-5.376750709602099,-5.376750709602099,-5.376750709602099,-5.376750709602099,-5.376750709602099,-5.376750709602099,-5.376750709602099,-5.376750709602099,-5.376750709602099,-5.376750709602099,-5.376750709602099,-5.376750709602099,-5.376750709602099,-5.376750709602099,-5.376750709602099,-5.376750709602099,-5.376750709602099,-5.376750709602099,-5.376750709602099,-5.376750709602099
-4.898248939913829,-4.98608676781861,-5.070496916996294,-4.6613778230986265,-4.766714479502177,-4.922267354762339,-4.817690633140747,-4.800121176910644,-4.737599168967077,-4.671945889049129,-4.601493248030299,-4.894187497168951,-4.939977840207793,-5.004925038203945,-5.0542389606569165,-4.710078512548052,-4.598352747604244,-5.074747903303911,-4.8282410336885855,-4.599060079239411,-5.494850021680094,-5.494850021680094,-5.494850021680094,-5.494850021680094,-5.494850021680094,-5.494850021680094,-5.494850021680094,-5.494850021680094,-5.494850021680094,-5.494850021680094,-5.494850021680094,-5.494850021680094,-5.494850021680094,-5.494850021680094,-5.494850021680094,-5.494850021680094,-5.494850021680094,-5.494850021680094,-5.494850021680094,-5.494850021680094
-5.596848479880934,-5.492509540397203,-5.550010947196381,-5.469345820952102,-5.529325844925238,-5.4852884598575065,-5.527845583645277,-5.532905065290076,-5.468166054473236,-5.604575378791974,-5.580942045943159,-5.509712325696545,-5.1815038831550675,-5.588947104389158,-5.620285205335998,-5.439110194942186,-5.577393027850357,-5.6066516528404255,-5.291385800000607,-5.49693202243366,-5.7447274948966935,-5.7447274948966935,-5.7447274948966935,-5.7447274948966935,-5.7447274948966935,-5.7447274948966935,-5.7447274948966935,-5.7447274948966935,-5.7447274948966935,-5.7447274948966935,-5.7447274948966935,-5.7447274948966935,-5.7447274948966935,-5.7447274948966935,-5.7447274948966935,-5.7447274948966935,-5.7447274948966935,-5.7447274948966935,-5.7447274948966935,-5.7447274948966935
-5.16270858103203,-5.220505329346795,-5.343252577161713,-5.056782170722823,-5.12384607056993,-5.227561304710696,-5.19186658328507,-5.110751912227727,-5.133764393663562,-5.132939439685058,-5.07690289220521,-5.243050019886348,-4.910521241557159,-5.296240886954757,-5.275267760177178,-5.0688904536865085,-5.040517794613992,-5.306472231549944,-4.918787911056017,-5.06246778891296,-5.214670164989233,-5.214670164989233,-5.214670164989233,-5.214670164989233,-5.214670164989233,-5.214670164989233,-5.214670164989233,-5.214670164989233,-5.214670164989233,-5.214670164989233,-5.214670164989233,-5.214670164989233,-5.214670164989233,-5.214670164989233,-5.214670164989233,-5.214670164989233,-5.214670164989233,-5.214670164989233,-5.214670164989233,-5.214670164989233
-5.189634618610286,-5.1683581491784425,-5.1595146651047425,-4.9949740453338665,-5.004484014301605,-5.101239038062625,-4.968797334797825,-5.091918059788263,-5.038263482194666,-4.94128307833738,-4.899317451893696,-5.062873039489626,-5.060530624024611,-5.04883529172265,-5.116029444081349,-4.9365162845954575,-4.831979288926954,-5.150433972939093,-5.022682840633875,-4.886806198624518,-5.301029995663981,-5.301029995663981,-5.301029995663981,-5.301029995663981,-5.301029995663981,-5.301029995663981,-5.301029995663981,-5.301029995663981,-5.301029995663981,-5.301029995663981,-5.301029995663981,-5.301029995663981,-5.301029995663981,-5.301029995663981,-5.301029995663981,-5.301029995663981,-5.301029995663981,-5.301029995663981,-5.301029995663981,-5.301029995663981
-4.996940412925839,-5.078130824536366,-5.165826047185718,-4.802723104708734,-4.86930958599945,-4.997583746038624,-4.922135167752327,-4.922089843976416,-4.862730738548796,-4.802352451375186,-4.729638063041799,-4.993326447551731,-4.908063777105624,-5.09380356065121,-5.104880700426319,-4.809212312710423,-4.701919700290751,-5.154241412130661,-4.811040076716271,-4.728674802104665,-5.00436480540245,-5.00436480540245,-5.00436480540245,-5.00436480540245,-5.00436480540245,-5.00436480540245,-5.00436480540245,-5.00436480540245,-5.00436480540245,-5.00436480540245,-5.00436480540245,-5.00436480540245,-5.00436480540245,-5.00436480540245,-5.00436480540245,-5.00436480540245,-5.00436480540245,-5.00436480540245,-5.00436480540245,-5.00436480540245
-5.591682895774489,-5.515329554515566,-5.615267199584829,-5.501438784742669,-5.636491574289125,-5.413013422002988,-5.6021612841374635,-5.628743927720531,-5.379061465063188,-5.551701270876614,-5.585420701239643,-5.416115632317417,-5.307807829022137,-5.692773709581943,-5.70961712015183,-5.477505045858658,-5.7378846393264675,-5.675202178011519,-5.276120778140892,-5.483496637768885,-5.823908740944319,-5.823908740944319,-5.823908740944319,-5.823908740944319,-5.823908740944319,-5.823908740944319,-5.823908740944319,-5.823908740944319,-5.823908740944319,-5.823908740944319,-5.823908740944319,-5.823908740944319,-5.823908740944319,-5.823908740944319,-5.823908740944319,-5.823908740944319,-5.823908740944319,-5.823908740944319,-5.823908740944319,-5.823908740944319
-5.051434810184514,-5.095130269580777,-5.19701338265239,-4.8967076893454,-4.975597192189381,-5.0891307162709305,-5.031583545290512,-4.993766026305395,-4.9625554720293,-4.913379346613571,-4.869220992023281,-5.066989577211107,-4.905685893819649,-5.133419195273451,-5.148138267436556,-4.910144538143671,-4.863375598927619,-5.141489024587464,-4.835061137833886,-4.872762992712487,-5.958607314841775,-5.958607314841775,-5.958607314841775,-5.958607314841775,-5.958607314841775,-5.958607314841775,-5.958607314841775,-5.958607314841775,-5.958607314841775,-5.958607314841775,-5.958607314841775,-5.958607314841775,-5.958607314841775,-5.958607314841775,-5.958607314841775,-5.958607314841775,-5.958607314841775,-5.958607314841775,-5.958607314841775,-5.958607314841775
-5.578840471162361,-5.486981965296662,-5.5375943855284815,-5.472729155106173,-5.522140093229253,-5.475068459311143,-5.5113006219711265,-5.517097777532496,-5.471556729986736,-5.621222900154145,-5.597793927053065,-5.5090498016706615,-5.161305258542326,-5.561534791857521,-5.596121310184928,-5.42957878380449,-5.561212757933151,-5.599708003889464,-5.279359882576978,-5.498818624188217,-5.337242168318426,-5.337242168318426,-5.337242168318426,-5.337242168318426,-5.337242168318426,-5.337242168318426,-5.337242168318426,-5.337242168318426,-5.337242168318426,-5.337242168318426,-5.337242168318426,-5.337242168318426,-5.337242168318426,-5.337242168318426,-5.337242168318426,-5.337242168318426,-5.337242168318426,-5.337242168318426,-5.337242168318426,-5.337242168318426
-5.09610681232139,-5.217343215029969,-5.224403491234082,-4.892095931466286,-4.922597849025956,-5.1458309859589555,-4.959525225465353,-4.957693495702752,-5.01035463260571,-4.981256487222452,-4.8646479544831855,-5.143100422658016,-4.966997806913127,-5.167406868080186,-5.244553696510619,-4.9095655569524395,-4.771939598646469,-5.325509959338781,-4.951348404127692,-4.857431746478015,-5.769551078621726,-5.769551078621726,-5.769551078621726,-5.769551078621726,-5.769551078621726,-5.769551078621726,-5.769551078621726,-5.769551078621726,-5.769551078621726,-5.769551078621726,-5.769551078621726,-5.769551078621726,-5.769551078621726,-5.769551078621726,-5.769551078621726,-5.769551078621726,-5.769551078621726,-5.769551078621726,-5.769551078621726,-5.769551078621726
-6.3141116102874815,-6.512676454466016,-6.296388954278009,-6.473369037644421,-6.304401368131229,-6.329631303753819,-6.302491005013236,-6.394551757573401,-6.759939758851436,-6.312056427457384,-6.495893531338173,-6.357807445553829,-6.484833442519746,-6.240544692848054,-6.1881740237108644,-6.207197132876837,-6.290635871826622,-6.148341456869987,-6.146080496850604,-6.3140260384504465,-5.853871964321762,-5.853871964321762,-5.853871964321762,-5.853871964321762,-5.853871964321762,-5.853871964321762,-5.853871964321762,-5.853871964321762,-5.853871964321762,-5.853871964321762,-5.853871964321762,-5.853871964321762,-5.853871964321762,-5.853871964321762,-5.853871964321762,-5.853871964321762,-5.853871964321762,-5.853871964321762,-5.853871964321762,-5.853871964321762
-5.887677593648778,-5.694303352123885,-5.492719930293455,-5.600881307265192,-5.711348154105294,-5.844974398287631,-5.6228716951214635,-5.744489085768491,-5.248518667626323,-5.6142524517677055,-5.454892590254853,-5.498914366225008,-5.625569956901737,-5.539350189438263,-5.839941141073712,-5.794016412540164,-5.872441393879493,-5.813993586446304,-5.844431598509892,-5.597017159743856,-6.070581074285707,-6.070581074285707,-6.070581074285707,-6.070581074285707,-6.070581074285707,-6.070581074285707,-6.070581074285707,-6.070581074285707,-6.070581074285707,-6.070581074285707,-6.070581074285707,-6.070581074285707,-6.070581074285707,-6.070581074285707,-6.070581074285707,-6.070581074285707,-6.070581074285707,-6.070581074285707,-6.070581074285707,-6.070581074285707
-6.1069565319739025,-6.040227048465588,-6.0193576486099225,-6.093177680010939,-6.035827835372868,-5.972756870305904,-6.041750319639587,-6.125012033668273,-5.967935862351846,-6.052551077874111,-6.038893308734951,-5.986172105669975,-6.07455857219641,-6.022226729792444,-6.009738562170784,-6.106014537098325,-6.077883819941997,-6.052122824925729,-6.043911489325664,-6.023870951367082,-6.366531544420414,-6.366531544420414,-6.366531544420414,-6.366531544420414,-6.366531544420414,-6.366531544420414,-6.366531544420414,-6.366531544420414,-6.366531544420414,-6.366531544420414,-6.366531544420414,-6.366531544420414,-6.366531544420414,-6.366531544420414,-6.366531544420414,-6.366531544420414,-6.366531544420414,-6.366531544420414,-6.366531544420414,-6.366531544420414
-5.651796051888464,-5.558030667464127,-5.602795726587781,-5.648171501097946,-5.699808755113817,-5.596970992637596,-5.706916263416612,-5.653824272357067,-5.4898125350387526,-5.809371611213058,-5.798011138579455,-5.596185256389055,-5.791863190556629,-5.627654943460359,-5.698114664651477,-5.848404367137388,-5.815981832161853,-5.698526735682398,-5.821528951144005,-5.753547151559592,-6.036212172654444,-6.036212172654444,-6.036212172654444,-6.036212172654444,-6.036212172654444,-6.036212172654444,-6.036212172654444,-6.036212172654444,-6.036212172654444,-6.036212172654444,-6.036212172654444,-6.036212172654444,-6.036212172654444,-6.036212172654444,-6.036212172654444,-6.036212172654444,-6.036212172654444,-6.036212172654444,-6.036212172654444,-6.036212172654444
-5.124791030157913,-5.1130652763741615,-5.193272052460923,-5.036636223056687,-5.166925486456328,-5.190228919903789,-5.148334106191331,-5.103096804256498,-5.0728241737376845,-5.007181578387162,-5.053963066196875,-5.141385535199641,-5.14693507373236,-5.095236016533136,-5.1345858536167235,-4.993319023181825,-5.085517568991171,-4.981483486430967,-5.063112954328562,-5.009540702616514,-5.769551078621726,-5.769551078621726,-5.769551078621726,-5.769551078621726,-5.769551078621726,-5.769551078621726,-5.769551078621726,-5.769551078621726,-5.769551078621726,-5.769551078621726,-5.769551078621726,-5.769551078621726,-5.769551078621726,-5.769551078621726,-5.769551078621726,-5.769551078621726,-5.769551078621726,-5.769551078621726,-5.769551078621726,-5.769551078621726
-5.5699419551744525,-5.411861851377583,-5.409068684671276,-5.4003963086960916,-5.370880707597186,-5.415751128754201,-5.3759789931518664,-5.475352061635449,-5.416140077720123,-5.408143205683023,-5.370605354237965,-5.417479196606603,-5.425021328125314,-5.4047104687072185,-5.4165228543026585,-5.387716118707008,-5.324000492012829,-5.39597599471942,-5.326105473049923,-5.378929482597854,-6.214670164989233,-6.214670164989233,-6.214670164989233,-6.214670164989233,-6.214670164989233,-6.214670164989233,-6.214670164989233,-6.214670164989233,-6.214670164989233,-6.214670164989233,-6.214670164989233,-6.214670164989233,-6.214670164989233,-6.214670164989233,-6.214670164989233,-6.214670164989233,-6.214670164989233,-6.214670164989233,-6.214670164989233,-6.214670164989233
-5.073462860760391,-5.014558427148082,-5.08221996677173,-4.966901489631893,-5.0937644984649255,-5.122643341987274,-5.059118572404697,-5.052049157318275,-4.976999591143284,-4.857256634187939,-4.94334738059661,-5.02541839126685,-5.07167528110267,-4.9284617451354675,-5.009854360318757,-4.880621521435666,-4.976223619288383,-4.803089957975788,-4.959252715359408,-4.916149965939603,-5.508638306165727,-5.508638306165727,-5.508638306165727,-5.508638306165727,-5.508638306165727,-5.508638306165727,-5.508638306165727,-5.508638306165727,-5.508638306165727,-5.508638306165727,-5.508638306165727,-5.508638306165727,-5.508638306165727,-5.508638306165727,-5.508638306165727,-5.508638306165727,-5.508638306165727,-5.508638306165727,-5.508638306165727,-5.508638306165727
-5.598296967012067,-5.499061658135669,-5.512435820526505,-5.5029345601721875,-5.491306992670361,-5.489614610356827,-5.483946668508651,-5.554588639344398,-5.54614049202268,-5.50183048415389,-5.494208562265525,-5.520940248254767,-5.535630069382787,-5.498429037452408,-5.464957162501338,-5.462909159751469,-5.424612916551894,-5.4445206433604385,-5.407816059358875,-5.480078429891527,-6.0,-6.0,-6.0,-6.0,-6.0,-6.0,-6.0,-6.0,-6.0,-6.0,-6.0,-6.0,-6.0,-6.0,-6.0,-6.0,-6.0,-6.0,-6.0,-6.0
-5.661518374137753,-5.546825376282111,-5.549644105960098,-5.535136500187634,-5.5130388451026695,-5.551306732587128,-5.530734607635795,-5.591539059408559,-5.566230083738357,-5.542534801687424,-5.531507451235722,-5.57128759847226,-5.5932759901177125,-5.534485628550915,-5.537835823517091,-5.510501792790067,-5.464208794255451,-5.491988068170085,-5.471604594087013,-5.524849820689219,-5.698970004336019,-5.698970004336019,-5.698970004336019,-5.698970004336019,-5.698970004336019,-5.698970004336019,-5.698970004336019,-5.698970004336019,-5.698970004336019,-5.698970004336019,-5.698970004336019,-5.698970004336019,-5.698970004336019,-5.698970004336019,-5.698970004336019,-5.698970004336019,-5.698970004336019,-5.698970004336019,-5.698970004336019,-5.698970004336019
-4.973381316622297,-4.894995245936701,-4.966526275679584,-4.877083397823104,-4.994974296742629,-5.0099771763120255,-4.941504658082929,-4.956564792924333,-4.910466202455293,-4.789687212647795,-4.848212749222336,-4.926072428838124,-4.996195277066314,-4.832318953533038,-4.876060885465839,-4.7991695101804055,-4.89933359125027,-4.69897217340896,-4.845452866377467,-4.816535861940463,-5.638272163982407,-5.638272163982407,-5.638272163982407,-5.638272163982407,-5.638272163982407,-5.638272163982407,-5.638272163982407,-5.638272163982407,-5.638272163982407,-5.638272163982407,-5.638272163982407,-5.638272163982407,-5.638272163982407,-5.638272163982407,-5.638272163982407,-5.638272163982407,-5.638272163982407,-5.638272163982407,-5.638272163982407,-5.638272163982407
-5.515737767300766,-5.431159970342974,-5.434746589835311,-5.433360135373286,-5.417351202185882,-5.4399846243794086,-5.407907853489445,-5.4760432607108696,-5.493583582422468,-5.41435751908925,-5.408644346265302,-5.456545606498986,-5.475676427057915,-5.404522031097595,-5.371755363639491,-5.390363592152118,-5.334435604670383,-5.340062780820631,-5.299783101010914,-5.419699936482102,-5.221848749616356,-5.221848749616356,-5.221848749616356,-5.221848749616356,-5.221848749616356,-5.221848749616356,-5.221848749616356,-5.221848749616356,-5.221848749616356,-5.221848749616356,-5.221848749616356,-5.221848749616356,-5.221848749616356,-5.221848749616356,-5.221848749616356,-5.221848749616356,-5.221848749616356,-5.221848749616356,-5.221848749616356,-5.221848749616356
-5.169279597352167,-5.139163518801032,-5.247708702197402,-5.119900494446755,-5.263420896118591,-5.2588849967139835,-5.243851061634519,-5.1750161397805865,-5.152212134121834,-5.098377560731697,-5.1510196382643025,-5.203100124053686,-5.319938548453236,-5.170822593811741,-5.183463988411078,-5.11277049802106,-5.231509306474938,-5.011606912783137,-5.231552546161029,-5.124430010262785,-5.7447274948966935,-5.7447274948966935,-5.7447274948966935,-5.7447274948966935,-5.7447274948966935,-5.7447274948966935,-5.7447274948966935,-5.7447274948966935,-5.7447274948966935,-5.7447274948966935,-5.7447274948966935,-5.7447274948966935,-5.7447274948966935,-5.7447274948966935,-5.7447274948966935,-5.7447274948966935,-5.7447274948966935,-5.7447274948966935,-5.7447274948966935,-5.7447274948966935
-5.685707645057009,-5.5687167051790825,-5.573803492967393,-5.570307283796315,-5.543805459162038,-5.563045397171308,-5.5520256909824885,-5.627286689439068,-5.598145501277747,-5.568872199257969,-5.551798388499967,-5.584582882122875,-5.614256787966516,-5.5699674020263235,-5.552837136800322,-5.546148589493495,-5.498974618284701,-5.525717382373044,-5.500904300387609,-5.554459727143745,-5.958607314841775,-5.958607314841775,-5.958607314841775,-5.958607314841775,-5.958607314841775,-5.958607314841775,-5.958607314841775,-5.958607314841775,-5.958607314841775,-5.958607314841775,-5.958607314841775,-5.958607314841775,-5.958607314841775,-5.958607314841775,-5.958607314841775,-5.958607314841775,-5.958607314841775,-5.958607314841775,-5.958607314841775,-5.958607314841775
-5.164837764903965,-5.024809691715086,-5.24563271046246,-5.072356064297351,-5.232471458322869,-5.186464697929583,-5.177730243441047,-5.120256677055055,-5.141397981233726,-5.133494051199584,-5.143962406567555,-5.13738074991166,-5.166689104135086,-5.153933841074453,-5.126503781737005,-5.103548432492382,-5.170377110450965,-5.115413319282709,-5.278454165608491,-5.106127332063065,-5.251811972993799,-5.251811972993799,-5.251811972993799,-5.251811972993799,-5.251811972993799,-5.251811972993799,-5.251811972993799,-5.251811972993799,-5.251811972993799,-5.251811972993799,-5.251811972993799,-5.251811972993799,-5.251811972993799,-5.251811972993799,-5.251811972993799,-5.251811972993799,-5.251811972993799,-5.251811972993799,-5.251811972993799,-5.251811972993799
-5.639866289135952,-5.539053885352203,-5.543884834903908,-5.529845892837718,-5.507454273659409,-5.527892109701096,-5.513832783285621,-5.582127332174122,-5.568353437441132,-5.53075488891308,-5.519740261908955,-5.558754416079683,-5.5610469376189275,-5.526008043091384,-5.508028524412149,-5.491488600090215,-5.442651337693294,-5.48295960799902,-5.43233586566552,-5.506952941173462,-4.958607314841775,-4.958607314841775,-4.958607314841775,-4.958607314841775,-4.958607314841775,-4.958607314841775,-4.958607314841775,-4.958607314841775,-4.958607314841775,-4.958607314841775,-4.958607314841775,-4.958607314841775,-4.958607314841775,-4.958607314841775,-4.958607314841775,-4.958607314841775,-4.958607314841775,-4.958607314841775,-4.958607314841775,-4.958607314841775
-5.028901108070781,-4.95075076310278,-5.034925465635597,-4.932539250308226,-5.039835128235803,-5.022165554584079,-4.949752982458561,-4.988827291178467,-4.980612016147052,-4.884239281747006,-4.930877472979691,-4.983354506065793,-4.928919995312165,-4.886389201982578,-4.907413823846213,-4.83078569213572,-4.882009268593359,-4.824152201096181,-4.847880528967346,-4.859687186468982,-4.7447274948966935,-4.7447274948966935,-4.7447274948966935,-4.7447274948966935,-4.7447274948966935,-4.7447274948966935,-4.7447274948966935,-4.7447274948966935,-4.7447274948966935,-4.7447274948966935,-4.7447274948966935,-4.7447274948966935,-4.7447274948966935,-4.7447274948966935,-4.7447274948966935,-4.7447274948966935,-4.7447274948966935,-4.7447274948966935,-4.7447274948966935,-4.7447274948966935
-5.5213614580768,-5.365779125588291,-5.384201284061433,-5.357868619011583,-5.364334653147652,-5.394083207228902,-5.3596738581237915,-5.417607183241037,-5.359990325320835,-5.431604220053758,-5.408921246757896,-5.390946934024773,-5.431397702144392,-5.3862029233461755,-5.4427330285867965,-5.390170304188753,-5.364423840965789,-5.399619225869095,-5.411795291998545,-5.37054944695958,-6.136677139879544,-6.136677139879544,-6.136677139879544,-6.136677139879544,-6.136677139879544,-6.136677139879544,-6.136677139879544,-6.136677139879544,-6.136677139879544,-6.136677139879544,-6.136677139879544,-6.136677139879544,-6.136677139879544,-6.136677139879544,-6.136677139879544,-6.136677139879544,-6.136677139879544,-6.136677139879544,-6.136677139879544,-6.136677139879544
-6.140982382402288,-6.231377309123721,-6.325186730144252,-6.181992858848918,-6.273726918312332,-6.193624733306135,-6.270815090726464,-6.2382394419240965,-6.188471866498153,-6.113849392074219,-6.1679962624256826,-6.175612299692311,-6.221179410629679,-6.313063027073871,-6.300323983228614,-6.173818609721217,-6.309453286238125,-6.2780603992156925,-6.369655762176598,-6.180627553275292,-5.657577319177793,-5.657577319177793,-5.657577319177793,-5.657577319177793,-5.657577319177793,-5.657577319177793,-5.657577319177793,-5.657577319177793,-5.657577319177793,-5.657577319177793,-5.657577319177793,-5.657577319177793,-5.657577319177793,-5.657577319177793,-5.657577319177793,-5.657577319177793,-5.657577319177793,-5.657577319177793,-5.657577319177793,-5.657577319177793
-5.76466362366205,-5.788065397010978,-5.769509603021542,-5.790300475877752,-5.782590231455115,-5.779791355128904,-5.741583242442382,-5.764915642043196,-5.838898775184096,-5.83378346546921,-5.860462266861012,-5.815521482295168,-5.823947613947424,-5.703591259915585,-5.739951409087704,-5.762003955279187,-5.755172893364175,-5.728963165734256,-5.7520322510317,-5.788636064926887,-5.585026652029182,-5.585026652029182,-5.585026652029182,-5.585026652029182,-5.585026652029182,-5.585026652029182,-5.585026652029182,-5.585026652029182,-5.585026652029182,-5.585026652029182,-5.585026652029182,-5.585026652029182,-5.585026652029182,-5.585026652029182,-5.585026652029182,-5.585026652029182,-5.585026652029182,-5.585026652029182,-5.585026652029182,-5.585026652029182
-6.004657829203982,-6.0910060849800365,-6.058354741083976,-6.032641833715837,-6.035530042288479,-6.0406013691262075,-6.026604306836092,-6.030330857372323,-6.046256611675752,-6.012662243170359,-6.052694307950099,-6.040578345416424,-6.041741484038675,-6.002942718563391,-6.0545768630594745,-6.0036031713849,-6.0407832017904735,-6.042443785350816,-6.034261784440819,-6.004967933692742,-5.920818753952375,-5.920818753952375,-5.920818753952375,-5.920818753952375,-5.920818753952375,-5.920818753952375,-5.920818753952375,-5.920818753952375,-5.920818753952375,-5.920818753952375,-5.920818753952375,-5.920818753952375,-5.920818753952375,-5.920818753952375,-5.920818753952375,-5.920818753952375,-5.920818753952375,-5.920818753952375,-5.920818753952375,-5.920818753952375
-5.786597002353867,-5.808671508939378,-5.798575900870413,-5.811598989617183,-5.815505647390318,-5.807835525391223,-5.77287962607201,-5.78820461291031,-5.861753897614386,-5.856985502630082,-5.886992251710321,-5.8409067216810096,-5.856082701429357,-5.733593510636986,-5.774594748445049,-5.784378993199778,-5.7915485492260785,-5.752968789097084,-5.8012789186849405,-5.817422561268806,-5.795880017344075,-5.795880017344075,-5.795880017344075,-5.795880017344075,-5.795880017344075,-5.795880017344075,-5.795880017344075,-5.795880017344075,-5.795880017344075,-5.795880017344075,-5.795880017344075,-5.795880017344075,-5.795880017344075,-5.795880017344075,-5.795880017344075,-5.795880017344075,-5.795880017344075,-5.795880017344075,-5.795880017344075,-5.795880017344075
-4.740657662467151,-4.629053516899282,-4.630695518780328,-4.470841719416705,-4.556889534511335,-4.710947887139616,-4.526181037885239,-4.58660790197832,-4.539535214576586,-4.472690960995958,-4.4750712963294506,-4.574242880248082,-4.42271609697155,-4.503685313679633,-4.6966552574214715,-4.422637221049437,-4.433438201589742,-4.611068484911831,-4.408956384226905,-4.439839748720703,-4.275724130399211,-4.275724130399211,-4.275724130399211,-4.275724130399211,-4.275724130399211,-4.275724130399211,-4.275724130399211,-4.275724130399211,-4.275724130399211,-4.275724130399211,-4.275724130399211,-4.275724130399211,-4.275724130399211,-4.275724130399211,-4.275724130399211,-4.275724130399211,-4.275724130399211,-4.275724130399211,-4.275724130399211,-4.275724130399211
-5.45409819724256,-5.447370823693726,-5.385392134336429,-5.448418707479579,-5.393716697355848,-5.411883948494372,-5.330277154754001,-5.421497058861536,-5.520412961037456,-5.499777526540577,-5.4919626604161005,-5.4532279662124115,-5.420147731382529,-5.333172869041004,-5.339480435727979,-5.409213507694473,-5.334656024965795,-5.382903801518211,-5.261810111146776,-5.408369056981639,-5.853871964321762,-5.853871964321762,-5.853871964321762,-5.853871964321762,-5.853871964321762,-5.853871964321762,-5.853871964321762,-5.853871964321762,-5.853871964321762,-5.853871964321762,-5.853871964321762,-5.853871964321762,-5.853871964321762,-5.853871964321762,-5.853871964321762,-5.853871964321762,-5.853871964321762,-5.853871964321762,-5.853871964321762,-5.853871964321762
-4.8964012826175916,-4.813088267637755,-4.936873570322354,-4.714595534066074,-4.812696786619436,-4.890880971644026,-4.8024343035348265,-4.812028711808772,-4.797883970700921,-4.767960781562137,-4.720286781837146,-4.840595991606024,-4.6484552950582865,-4.829372932897569,-4.863567966178567,-4.705727154404903,-4.690238661441895,-4.902829495601679,-4.665916447675389,-4.695113472515591,-5.259637310505756,-5.259637310505756,-5.259637310505756,-5.259637310505756,-5.259637310505756,-5.259637310505756,-5.259637310505756,-5.259637310505756,-5.259637310505756,-5.259637310505756,-5.259637310505756,-5.259637310505756,-5.259637310505756,-5.259637310505756,-5.259637310505756,-5.259637310505756,-5.259637310505756,-5.259637310505756,-5.259637310505756,-5.259637310505756
-5.366317000410197,-5.299913263430406,-5.439510107234665,-5.36412729053587,-5.44421189002857,-5.407126607433401,-5.436771667158992,-5.3882436016753275,-5.386410171653681,-5.395894655014199,-5.404798268862487,-5.372928852506636,-5.520051079086675,-5.407194532804803,-5.357678770165671,-5.426161392034055,-5.477026388240439,-5.328280636213232,-5.516829679399658,-5.383893182235062,-5.1938200260161125,-5.1938200260161125,-5.1938200260161125,-5.1938200260161125,-5.1938200260161125,-5.1938200260161125,-5.1938200260161125,-5.1938200260161125,-5.1938200260161125,-5.1938200260161125,-5.1938200260161125,-5.1938200260161125,-5.1938200260161125,-5.1938200260161125,-5.1938200260161125,-5.1938200260161125,-5.1938200260161125,-5.1938200260161125,-5.1938200260161125,-5.1938200260161125
-5.242632289500123,-5.291165955341778,-5.3339832906304965,-5.201004124148491,-5.252596611840263,-5.2900919715332515,-5.220531365563697,-5.243848536001804,-5.253302217313257,-5.237440810751579,-5.206864622384244,-5.268994767551658,-5.189357490099288,-5.286663580744199,-5.30807981189514,-5.192458501935387,-5.246979242891558,-5.255788567022728,-5.12668860506723,-5.170509553522944,-5.327902142064283,-5.327902142064283,-5.327902142064283,-5.327902142064283,-5.327902142064283,-5.327902142064283,-5.327902142064283,-5.327902142064283,-5.327902142064283,-5.327902142064283,-5.327902142064283,-5.327902142064283,-5.327902142064283,-5.327902142064283,-5.327902142064283,-5.327902142064283,-5.327902142064283,-5.327902142064283,-5.327902142064283,-5.327902142064283
-5.31030351931571,-5.3561334863757,-5.455669442499122,-5.307445238340666,-5.386496112654855,-5.381299605374326,-5.344153506325519,-5.3223775780872415,-5.354676378398586,-5.378359289252018,-5.357415232238897,-5.368612659917057,-5.305196124113456,-5.384622247950074,-5.393677534296413,-5.330741576213137,-5.3902986061154055,-5.37230247247864,-5.31648380287111,-5.307416479708537,-5.958607314841775,-5.958607314841775,-5.958607314841775,-5.958607314841775,-5.958607314841775,-5.958607314841775,-5.958607314841775,-5.958607314841775,-5.958607314841775,-5.958607314841775,-5.958607314841775,-5.958607314841775,-5.958607314841775,-5.958607314841775,-5.958607314841775,-5.958607314841775,-5.958607314841775,-5.958607314841775,-5.958607314841775,-5.958607314841775
-5.343877436879568,-5.378452486909729,-5.438932268093732,-5.355332135780569,-5.406851844904917,-5.406751202903553,-5.355815111317992,-5.3616755716071705,-5.390178966343379,-5.428373793989203,-5.402477420363839,-5.394771850840814,-5.393851859222068,-5.396634979693916,-5.407464309800157,-5.3868645220174445,-5.4413026920447205,-5.362333340417603,-5.353743254399048,-5.35861306281911,-5.552841968657781,-5.552841968657781,-5.552841968657781,-5.552841968657781,-5.552841968657781,-5.552841968657781,-5.552841968657781,-5.552841968657781,-5.552841968657781,-5.552841968657781,-5.552841968657781,-5.552841968657781,-5.552841968657781,-5.552841968657781,-5.552841968657781,-5.552841968657781,-5.552841968657781,-5.552841968657781,-5.552841968657781,-5.552841968657781
-5.607890761418819,-5.656704454211779,-5.824856540654222,-5.652051939293674,-5.742508872050547,-5.675309253706809,-5.773322970239568,-5.663113156763237,-5.7063009951508405,-5.7490948515588824,-5.746250283368721,-5.713112128494936,-5.7347078900008555,-5.8465089057021515,-5.740894057286289,-5.734534018608679,-5.766819861460686,-5.785783214439425,-5.813912198951501,-5.714947726025517,-5.292429823902063,-5.292429823902063,-5.292429823902063,-5.292429823902063,-5.292429823902063,-5.292429823902063,-5.292429823902063,-5.292429823902063,-5.292429823902063,-5.292429823902063,-5.292429823902063,-5.292429823902063,-5.292429823902063,-5.292429823902063,-5.292429823902063,-5.292429823902063,-5.292429823902063,-5.292429823902063,-5.292429823902063,-5.292429823902063
-5.438821478823351,-5.501924301059139,-5.63818010616424,-5.481682014829129,-5.56741188376868,-5.568125289818837,-5.586322364385326,-5.479868139027516,-5.515540819000007,-5.595097894175887,-5.560651117942116,-5.560133520329329,-5.619254092511661,-5.639922691973257,-5.599895881655092,-5.602734362629256,-5.656233683046135,-5.576764873385886,-5.63853316663421,-5.552941189075228,-3.823908740944319,-3.823908740944319,-3.823908740944319,-3.823908740944319,-3.823908740944319,-3.823908740944319,-3.823908740944319,-3.823908740944319,-3.823908740944319,-3.823908740944319,-3.823908740944319,-3.823908740944319,-3.823908740944319,-3.823908740944319,-3.823908740944319,-3.823908740944319,-3.823908740944319,-3.823908740944319,-3.823908740944319,-3.823908740944319
-5.257219655945967,-5.294879509735365,-5.368745406660356,-5.231477868444648,-5.308127448817701,-5.304504371665564,-5.252557084459789,-5.260868277248047,-5.276448674076046,-5.284350508735059,-5.26545611670433,-5.283793565103728,-5.207776232795842,-5.30131785958732,-5.325001607924016,-5.234409998029643,-5.296781328829118,-5.291777160498959,-5.2076747455105785,-5.2156103969757845,-5.698970004336019,-5.698970004336019,-5.698970004336019,-5.698970004336019,-5.698970004336019,-5.698970004336019,-5.698970004336019,-5.698970004336019,-5.698970004336019,-5.698970004336019,-5.698970004336019,-5.698970004336019,-5.698970004336019,-5.698970004336019,-5.698970004336019,-5.698970004336019,-5.698970004336019,-5.698970004336019,-5.698970004336019,-5.698970004336019
-5.252217358226866,-5.2862115503330305,-5.366079618741144,-5.24307651155548,-5.3157507476124595,-5.316623825962784,-5.273652322314591,-5.270611255216292,-5.281475955150425,-5.2893973479140595,-5.271000831889541,-5.294171157563915,-5.259281400637074,-5.2980983110038995,-5.308828366812504,-5.255612194726088,-5.316754428068034,-5.261384311591853,-5.210770523944038,-5.235483064279431,-5.522878745280337,-5.522878745280337,-5.522878745280337,-5.522878745280337,-5.522878745280337,-5.522878745280337,-5.522878745280337,-5.522878745280337,-5.522878745280337,-5.522878745280337,-5.522878745280337,-5.522878745280337,-5.522878745280337,-5.522878745280337,-5.522878745280337,-5.522878745280337,-5.522878745280337,-5.522878745280337,-5.522878745280337,-5.522878745280337
-5.414551278623816,-5.36032654120662,-5.309866373199334,-5.406842169840422,-5.390983872292448,-5.363715050888757,-5.353275055901741,-5.452561890527335,-5.401543657180832,-5.092017397749628,-5.361719194765408,-5.324163331766898,-5.408089812224703,-5.353076334744009,-5.2682041163449105,-5.353957094475643,-5.294441302486625,-5.243053608178078,-5.2519848824874416,-5.323251987424323,-6.080921907623926,-6.080921907623926,-6.080921907623926,-6.080921907623926,-6.080921907623926,-6.080921907623926,-6.080921907623926,-6.080921907623926,-6.080921907623926,-6.080921907623926,-6.080921907623926,-6.080921907623926,-6.080921907623926,-6.080921907623926,-6.080921907623926,-6.080921907623926,-6.080921907623926,-6.080921907623926,-6.080921907623926,-6.080921907623926
-5.433801587980064,-5.463956976484113,-5.319624643303016,-5.464250688619719,-5.328879818846579,-5.318471103609628,-5.325480216084434,-5.534422605216743,-5.452771763639376,-5.291539430670752,-5.274484628642665,-5.276818506216008,-5.397197930057464,-5.383607132057631,-5.221399347502949,-5.308825264621161,-5.23623471875501,-5.2499967017671265,-5.278657015362236,-5.278375858212282,-5.657577319177793,-5.657577319177793,-5.657577319177793,-5.657577319177793,-5.657577319177793,-5.657577319177793,-5.657577319177793,-5.657577319177793,-5.657577319177793,-5.657577319177793,-5.657577319177793,-5.657577319177793,-5.657577319177793,-5.657577319177793,-5.657577319177793,-5.657577319177793,-5.657577319177793,-5.657577319177793,-5.657577319177793,-5.657577319177793
-5.609369918032088,-5.474026845357447,-5.382312965202669,-5.55071075805937,-5.620929216173611,-5.488660860946794,-5.605205611089556,-5.613369574697319,-5.501970916030373,-4.995831090076652,-5.5882352938215805,-5.500898313587479,-5.660716466600457,-5.291204727232851,-5.561536264438489,-5.626610665311844,-5.5474031471206375,-5.258691162615085,-5.224483554961119,-5.571248426862463,-6.337242168318426,-6.337242168318426,-6.337242168318426,-6.337242168318426,-6.337242168318426,-6.337242168318426,-6.337242168318426,-6.337242168318426,-6.337242168318426,-6.337242168318426,-6.337242168318426,-6.337242168318426,-6.337242168318426,-6.337242168318426,-6.337242168318426,-6.337242168318426,-6.337242168318426,-6.337242168318426,-6.337242168318426,-6.337242168318426
-5.343097598804614,-5.367924575982773,-5.285350879722047,-5.384188247042111,-5.152828759462518,-5.265260311259687,-5.147718045278559,-5.421298680595315,-5.3869852030160645,-5.209396674615042,-5.1790956974886075,-5.177574689621199,-5.290337436434765,-5.458533266693333,-5.049738446753706,-5.216209743160044,-5.081514824483808,-5.23177479759277,-5.277049181139582,-5.167561019281874,-6.050609993355088,-6.050609993355088,-6.050609993355088,-6.050609993355088,-6.050609993355088,-6.050609993355088,-6.050609993355088,-6.050609993355088,-6.050609993355088,-6.050609993355088,-6.050609993355088,-6.050609993355088,-6.050609993355088,-6.050609993355088,-6.050609993355088,-6.050609993355088,-6.050609993355088,-6.050609993355088,-6.050609993355088,-6.050609993355088
-5.315586199055802,-5.326650875165715,-5.223477613603455,-5.366184275411229,-5.096409600057074,-5.218726355844324,-5.092993400224567,-5.396727672498253,-5.363132144973918,-5.154195651122563,-5.147008744937876,-5.1286966819555735,-5.272842787074069,-5.4667520452536245,-4.973477965367146,-5.182665674501497,-5.020827217578857,-5.202425378810297,-5.250478293202744,-5.13524701521489,-6.1249387366083,-6.1249387366083,-6.1249387366083,-6.1249387366083,-6.1249387366083,-6.1249387366083,-6.1249387366083,-6.1249387366083,-6.1249387366083,-6.1249387366083,-6.1249387366083,-6.1249387366083,-6.1249387366083,-6.1249387366083,-6.1249387366083,-6.1249387366083,-6.1249387366083,-6.1249387366083,-6.1249387366083,-6.1249387366083
-5.451468802701327,-5.463312549079272,-5.416136675749727,-5.455796879864412,-5.3679949630006,-5.3818963605792005,-5.339488865896737,-5.484947419548364,-5.457950743726387,-5.277787952155531,-5.377703307964792,-5.357983809750956,-5.435933120364887,-5.490418888641053,-5.296363745417388,-5.361279695821063,-5.2977436331364105,-5.356177409720004,-5.356764273702371,-5.336923886468865,-6.013228265733755,-6.013228265733755,-6.013228265733755,-6.013228265733755,-6.013228265733755,-6.013228265733755,-6.013228265733755,-6.013228265733755,-6.013228265733755,-6.013228265733755,-6.013228265733755,-6.013228265733755,-6.013228265733755,-6.013228265733755,-6.013228265733755,-6.013228265733755,-6.013228265733755,-6.013228265733755,-6.013228265733755,-6.013228265733755
-5.509504205605102,-5.42066635153286,-5.424584333071799,-5.491014609924268,-5.480387907937271,-5.461064830511229,-5.473176500084187,-5.524923474349246,-5.463476665117575,-5.049327585154567,-5.486336030614627,-5.432136141631979,-5.5760855562629486,-5.442718262130959,-5.388080584838608,-5.508680553821445,-5.410430219439173,-5.309591683952343,-5.293636263396998,-5.4514919784682165,-5.853871964321762,-5.853871964321762,-5.853871964321762,-5.853871964321762,-5.853871964321762,-5.853871964321762,-5.853871964321762,-5.853871964321762,-5.853871964321762,-5.853871964321762,-5.853871964321762,-5.853871964321762,-5.853871964321762,-5.853871964321762,-5.853871964321762,-5.853871964321762,-5.853871964321762,-5.853871964321762,-5.853871964321762,-5.853871964321762
-5.4031336183981225,-5.352548233120999,-5.2916622805455305,-5.393161605275753,-5.348497970547834,-5.336043236160981,-5.315186386189783,-5.440784581861675,-5.377987303301324,-5.068446624737493,-5.321210366590298,-5.2925951547156505,-5.342612065519824,-5.371105962435972,-5.227652461960035,-5.321579897455007,-5.239372904464494,-5.228951826133633,-5.247180198474558,-5.281128890928012,-5.886056647693163,-5.886056647693163,-5.886056647693163,-5.886056647693163,-5.886056647693163,-5.886056647693163,-5.886056647693163,-5.886056647693163,-5.886056647693163,-5.886056647693163,-5.886056647693163,-5.886056647693163,-5.886056647693163,-5.886056647693163,-5.886056647693163,-5.886056647693163,-5.886056647693163,-5.886056647693163,-5.886056647693163,-5.886056647693163
-5.607880707643406,-5.617612382403919,-5.547271094032771,-5.604755896662073,-5.559156402142552,-5.55968132364161,-5.525428827846597,-5.596655379541092,-5.607550370970682,-5.614552417886132,-5.634544801933141,-5.534898782188733,-5.586345800185082,-5.5700612447224485,-5.596477884725054,-5.609491972552924,-5.601310447931558,-5.610600285445667,-5.559863443504469,-5.573366321826824,-5.537602002101044,-5.537602002101044,-5.537602002101044,-5.537602002101044,-5.537602002101044,-5.537602002101044,-5.537602002101044,-5.537602002101044,-5.537602002101044,-5.537602002101044,-5.537602002101044,-5.537602002101044,-5.537602002101044,-5.537602002101044,-5.537602002101044,-5.537602002101044,-5.537602002101044,-5.537602002101044,-5.537602002101044,-5.537602002101044
-6.025351291053506,-6.164194670758737,-6.142741586870102,-6.193304799281778,-6.132986835184131,-6.056354025582424,-6.10843926481766,-6.021410281770162,-6.189296990171404,-6.1278670010147085,-6.129196249857024,-6.101762955016081,-6.066284913909049,-6.171682646547511,-6.066713235313974,-6.1482822453205275,-6.087715772483675,-6.124595174184578,-6.000176502148208,-6.1207741331662096,-5.327902142064283,-5.327902142064283,-5.327902142064283,-5.327902142064283,-5.327902142064283,-5.327902142064283,-5.327902142064283,-5.327902142064283,-5.327902142064283,-5.327902142064283,-5.327902142064283,-5.327902142064283,-5.327902142064283,-5.327902142064283,-5.327902142064283,-5.327902142064283,-5.327902142064283,-5.327902142064283,-5.327902142064283,-5.327902142064283
-5.927991058514573,-5.999006597901439,-6.00871637651031,-5.9842387812560025,-6.019706819955952,-6.0195444686813016,-6.008506957101191,-5.9410649745852835,-5.98449081074175,-6.018587044815481,-6.069993592098804,-6.030438287972595,-6.072595853335568,-5.991416735094997,-5.99527006569639,-6.036285826305874,-6.008066052704535,-6.015023866841669,-6.079638915330459,-6.050032102651086,-6.537602002101044,-6.537602002101044,-6.537602002101044,-6.537602002101044,-6.537602002101044,-6.537602002101044,-6.537602002101044,-6.537602002101044,-6.537602002101044,-6.537602002101044,-6.537602002101044,-6.537602002101044,-6.537602002101044,-6.537602002101044,-6.537602002101044,-6.537602002101044,-6.537602002101044,-6.537602002101044,-6.537602002101044,-6.537602002101044
-6.247562748897673,-6.25707895758128,-6.180041032171558,-6.271586169004912,-6.1901970919985025,-6.1203234025711994,-6.186427679340023,-6.2557668482900635,-6.1829921888417525,-6.18808985529803,-6.210665419606491,-6.169457684209177,-6.1936806957620005,-6.1600090958401665,-6.152685145921704,-6.2059836019031565,-6.1817849516475425,-6.171450522260089,-6.137651251595338,-6.166996667938337,-6.00436480540245,-6.00436480540245,-6.00436480540245,-6.00436480540245,-6.00436480540245,-6.00436480540245,-6.00436480540245,-6.00436480540245,-6.00436480540245,-6.00436480540245,-6.00436480540245,-6.00436480540245,-6.00436480540245,-6.00436480540245,-6.00436480540245,-6.00436480540245,-6.00436480540245,-6.00436480540245,-6.00436480540245,-6.00436480540245
-5.413878935160003,-5.543897648093729,-5.62980021795456,-5.448211525372566,-5.664717577807596,-5.4882161552294235,-5.576089349706164,-5.622453530276808,-5.531295790255857,-5.496922542376664,-5.524401891943284,-5.5832062150846085,-5.596238761355172,-5.766185657441139,-5.576258726700965,-5.438106624242885,-5.571487034548073,-5.5560469430939445,-5.394815833946025,-5.497664196387057,-6.045757490560675,-6.045757490560675,-6.045757490560675,-6.045757490560675,-6.045757490560675,-6.045757490560675,-6.045757490560675,-6.045757490560675,-6.045757490560675,-6.045757490560675,-6.045757490560675,-6.045757490560675,-6.045757490560675,-6.045757490560675,-6.045757490560675,-6.045757490560675,-6.045757490560675,-6.045757490560675,-6.045757490560675,-6.045757490560675
-5.318546610888663,-5.2957872702006945,-5.448045768018964,-5.248547254881454,-5.347012664305452,-5.2929996330061595,-5.317023636946386,-5.430704619391457,-5.31724610993209,-5.29626716630994,-5.276497008836906,-5.3301252374460075,-5.175783254380213,-5.391846884479029,-5.305255254723867,-5.232111384457313,-5.223034397953189,-5.396564883551343,-5.129134425255695,-5.231900355566735,-6.017728766960432,-6.017728766960432,-6.017728766960432,-6.017728766960432,-6.017728766960432,-6.017728766960432,-6.017728766960432,-6.017728766960432,-6.017728766960432,-6.017728766960432,-6.017728766960432,-6.017728766960432,-6.017728766960432,-6.017728766960432,-6.017728766960432,-6.017728766960432,-6.017728766960432,-6.017728766960432,-6.017728766960432,-6.017728766960432
-5.098657635931514,-5.1097206952544285,-5.180158623873245,-5.087170178324388,-5.162922469462331,-5.0667622274852775,-5.02099751630092,-5.3810548323109115,-5.181032241171285,-5.09518295968977,-5.073039658488068,-5.133260480428475,-4.930872396916947,-5.114341732493275,-4.991865900786569,-4.973206239791993,-4.955021786242304,-5.105928574914744,-5.149590784437415,-5.006411176427243,-6.0,-6.0,-6.0,-6.0,-6.0,-6.0,-6.0,-6.0,-6.0,-6.0,-6.0,-6.0,-6.0,-6.0,-6.0,-6.0,-6.0,-6.0,-6.0,-6.0
-5.360196634533756,-5.342249438388138,-5.479354642953086,-5.291446552283609,-5.3784928503134655,-5.333252562113809,-5.352796969042699,-5.450650932877641,-5.35732375282479,-5.342504543793635,-5.318454284931352,-5.375595211519696,-5.217602264292683,-5.423915187217559,-5.340606666542216,-5.276862885532988,-5.254973384083367,-5.433007221684051,-5.144906443700962,-5.275873450979601,-5.886056647693163,-5.886056647693163,-5.886056647693163,-5.886056647693163,-5.886056647693163,-5.886056647693163,-5.886056647693163,-5.886056647693163,-5.886056647693163,-5.886056647693163,-5.886056647693163,-5.886056647693163,-5.886056647693163,-5.886056647693163,-5.886056647693163,-5.886056647693163,-5.886056647693163,-5.886056647693163,-5.886056647693163,-5.886056647693163
-5.987787982674147,-5.808202607248936,-5.707467600571678,-5.859133258992446,-5.819062833208082,-5.786768308265636,-5.7669976630755135,-5.192569073554198,-5.763635276429573,-5.925159053443607,-5.855458658282745,-5.731867817234554,-5.9287047732633065,-5.753354083179721,-5.838678104384744,-6.02493785304315,-5.926676941696407,-5.851515549704943,-5.188289281901839,-5.946317738143874,-5.4089353929735005,-5.4089353929735005,-5.4089353929735005,-5.4089353929735005,-5.4089353929735005,-5.4089353929735005,-5.4089353929735005,-5.4089353929735005,-5.4089353929735005,-5.4089353929735005,-5.4089353929735005,-5.4089353929735005,-5.4089353929735005,-5.4089353929735005,-5.4089353929735005,-5.4089353929735005,-5.4089353929735005,-5.4089353929735005,-5.4089353929735005,-5.4089353929735005
-5.425805636176859,-5.392229902980335,-5.541570642492424,-5.350257935538146,-5.4461590792802514,-5.418815689732803,-5.43971854111796,-5.417022874513517,-5.419089908393461,-5.41752864525312,-5.379160352470867,-5.43772904992924,-5.329590793134846,-5.500962221566347,-5.422286812200326,-5.381899848409471,-5.363570713052559,-5.510145791756867,-5.127778551899501,-5.370159168634758,-5.0,-5.0,-5.0,-5.0,-5.0,-5.0,-5.0,-5.0,-5.0,-5.0,-5.0,-5.0,-5.0,-5.0,-5.0,-5.0,-5.0,-5.0,-5.0,-5.0
-5.342220284281992,-5.314235451178203,-5.409948313593197,-5.285280934577848,-5.353913535630614,-5.285640508142187,-5.277368731917516,-5.431292677509263,-5.3433884687642195,-5.327498755983063,-5.297223625747797,-5.333598563097502,-5.168331382735698,-5.350726683626178,-5.268251441527684,-5.251861950137422,-5.2055935981829435,-5.380941341728894,-5.152470318809692,-5.255526188606335,-6.0,-6.0,-6.0,-6.0,-6.0,-6.0,-6.0,-6.0,-6.0,-6.0,-6.0,-6.0,-6.0,-6.0,-6.0,-6.0,-6.0,-6.0,-6.0,-6.0
-5.349338932650965,-5.322193509205271,-5.458387186830611,-5.3073388471605965,-5.387230252911819,-5.297464358229197,-5.315219427942482,-5.510309992354641,-5.365163953717469,-5.342776388328749,-5.31413911660067,-5.3443451656891146,-5.179027428076168,-5.40001214812175,-5.29252168594081,-5.275579644047464,-5.245333298294196,-5.4224429936303045,-5.129527800320134,-5.276323770334679,-5.853871964321762,-5.853871964321762,-5.853871964321762,-5.853871964321762,-5.853871964321762,-5.853871964321762,-5.853871964321762,-5.853871964321762,-5.853871964321762,-5.853871964321762,-5.853871964321762,-5.853871964321762,-5.853871964321762,-5.853871964321762,-5.853871964321762,-5.853871964321762,-5.853871964321762,-5.853871964321762,-5.853871964321762,-5.853871964321762
-6.018356354198773,-6.136840320925417,-6.092073142200309,-6.0960419753679265,-6.06760652362446,-6.044723321582608,-6.074552665576091,-6.026818280735005,-6.106197862694999,-6.089604854850209,-6.132254640203512,-6.114490060856427,-6.091072638958099,-6.058374788799161,-6.0224417692853205,-6.058618019371569,-6.012970127174219,-6.061369773248051,-6.0058409992760335,-6.0629592236096155,-6.259637310505756,-6.259637310505756,-6.259637310505756,-6.259637310505756,-6.259637310505756,-6.259637310505756,-6.259637310505756,-6.259637310505756,-6.259637310505756,-6.259637310505756,-6.259637310505756,-6.259637310505756,-6.259637310505756,-6.259637310505756,-6.259637310505756,-6.259637310505756,-6.259637310505756,-6.259637310505756,-6.259637310505756,-6.259637310505756
-5.650148534625966,-5.658812571249472,-5.691065628089309,-5.690044257279631,-5.695098252336063,-5.667238982153151,-5.660740179121267,-5.644488627499767,-5.727952092848148,-5.761679996374709,-5.752303960586258,-5.702752784751046,-5.727297007359047,-5.670656740655231,-5.6324002362987935,-5.706888793453383,-5.687105244662268,-5.671060458176123,-5.664027242885269,-5.699590643499196,-5.920818753952375,-5.920818753952375,-5.920818753952375,-5.920818753952375,-5.920818753952375,-5.920818753952375,-5.920818753952375,-5.920818753952375,-5.920818753952375,-5.920818753952375,-5.920818753952375,-5.920818753952375,-5.920818753952375,-5.920818753952375,-5.920818753952375,-5.920818753952375,-5.920818753952375,-5.920818753952375,-5.920818753952375,-5.920818753952375
-6.043918307827282,-5.942413394759392,-5.99947889285,-6.012758654459802,-5.997057030891179,-5.913314758398255,-6.022423293789893,-6.011900399265441,-5.925586469408123,-6.063899003616431,-6.035298919122001,-5.970478559247171,-6.047228675775377,-6.020936076452446,-5.979573221935262,-6.089288263215491,-6.019975547931591,-6.008750722227743,-6.085473050346958,-6.031529945178778,-5.886056647693163,-5.886056647693163,-5.886056647693163,-5.886056647693163,-5.886056647693163,-5.886056647693163,-5.886056647693163,-5.886056647693163,-5.886056647693163,-5.886056647693163,-5.886056647693163,-5.886056647693163,-5.886056647693163,-5.886056647693163,-5.886056647693163,-5.886056647693163,-5.886056647693163,-5.886056647693163,-5.886056647693163,-5.886056647693163
-5.693711219390992,-5.66668304190666,-5.657338104370739,-5.6641652934971845,-5.681087519302545,-5.570722295956403,-5.671458855285949,-5.741413458392995,-5.605734809044292,-5.6481358331380065,-5.689035550339374,-5.568728242056498,-5.684938408808617,-5.703017251841238,-5.717531305950155,-5.664012448392971,-5.744800309408692,-5.686860697351767,-5.706226770534014,-5.608643837797855,-6.2839966563652006,-6.2839966563652006,-6.2839966563652006,-6.2839966563652006,-6.2839966563652006,-6.2839966563652006,-6.2839966563652006,-6.2839966563652006,-6.2839966563652006,-6.2839966563652006,-6.2839966563652006,-6.2839966563652006,-6.2839966563652006,-6.2839966563652006,-6.2839966563652006,-6.2839966563652006,-6.2839966563652006,-6.2839966563652006,-6.2839966563652006,-6.2839966563652006
-5.7673712075737065,-5.6510971846031754,-5.762997275257549,-5.725580402171667,-5.774875258930628,-5.615700380511345,-5.7448884621060134,-5.7535792524470475,-5.6646870179370605,-5.82582279943558,-5.817158996606942,-5.703201592697659,-5.785153811246142,-5.813911677222577,-5.724417941757094,-5.779775782453452,-5.796886518945759,-5.786869046308375,-5.859407222148924,-5.719086880165446,-6.026872146400302,-6.026872146400302,-6.026872146400302,-6.026872146400302,-6.026872146400302,-6.026872146400302,-6.026872146400302,-6.026872146400302,-6.026872146400302,-6.026872146400302,-6.026872146400302,-6.026872146400302,-6.026872146400302,-6.026872146400302,-6.026872146400302,-6.026872146400302,-6.026872146400302,-6.026872146400302,-6.026872146400302,-6.026872146400302
-6.087443478721402,-6.010863491324844,-5.99871211617303,-6.056091821362475,-6.016443450111624,-5.947571679546539,-6.009695259988421,-6.086841995870241,-5.973137232400267,-6.050634376024101,-6.0388956641770335,-5.976069751282117,-6.060813293791369,-6.011745806991853,-6.002585372005779,-6.067320824855309,-6.051808353672968,-6.021141628041258,-6.061022624769731,-6.017746749670683,-6.017728766960432,-6.017728766960432,-6.017728766960432,-6.017728766960432,-6.017728766960432,-6.017728766960432,-6.017728766960432,-6.017728766960432,-6.017728766960432,-6.017728766960432,-6.017728766960432,-6.017728766960432,-6.017728766960432,-6.017728766960432,-6.017728766960432,-6.017728766960432,-6.017728766960432,-6.017728766960432,-6.017728766960432,-6.017728766960432
-5.541078139380123,-6.187720806483814,-6.103297170972685,-6.199001577167006,-6.153301191552441,-6.046303578474233,-6.069821610546916,-6.102064606157297,-6.175323897035831,-6.11141958887928,-6.139666433084145,-6.107146444543699,-6.12850478514041,-6.078493228297495,-6.031139647660386,-6.099060533089951,-6.018882348634188,-6.053907950543965,-6.004052125267529,-6.122602337710374,-5.920818753952375,-5.920818753952375,-5.920818753952375,-5.920818753952375,-5.920818753952375,-5.920818753952375,-5.920818753952375,-5.920818753952375,-5.920818753952375,-5.920818753952375,-5.920818753952375,-5.920818753952375,-5.920818753952375,-5.920818753952375,-5.920818753952375,-5.920818753952375,-5.920818753952375,-5.920818753952375,-5.920818753952375,-5.920818753952375
-5.701937293138842,-5.341369055957016,-5.237899791068817,-5.29872194730568,-5.296362026093415,-5.332511354634318,-5.203636704130833,-5.293934910334521,-5.369693417721677,-5.3546952719817416,-5.354321103532358,-5.3562051743779575,-5.369427632804038,-5.230751469960771,-5.216487878278498,-5.302023690623292,-5.264473623038237,-5.237188313773707,-5.128598870494137,-5.301625615135657,-5.769551078621726,-5.769551078621726,-5.769551078621726,-5.769551078621726,-5.769551078621726,-5.769551078621726,-5.769551078621726,-5.769551078621726,-5.769551078621726,-5.769551078621726,-5.769551078621726,-5.769551078621726,-5.769551078621726,-5.769551078621726,-5.769551078621726,-5.769551078621726,-5.769551078621726,-5.769551078621726,-5.769551078621726,-5.769551078621726
-5.833349714737446,-5.970733594174923,-5.934154497830816,-5.923708191606834,-5.954962846426008,-5.89255781636912,-5.880890320413721,-5.914020337839544,-5.953965300937582,-5.910308237643753,-5.962329041771487,-5.937246934875277,-5.940799568707467,-5.922690774227749,-5.899579546400331,-5.853297650593357,-5.895785332101243,-5.8930917692018365,-5.876201525501941,-5.885910073316937,-5.508638306165727,-5.508638306165727,-5.508638306165727,-5.508638306165727,-5.508638306165727,-5.508638306165727,-5.508638306165727,-5.508638306165727,-5.508638306165727,-5.508638306165727,-5.508638306165727,-5.508638306165727,-5.508638306165727,-5.508638306165727,-5.508638306165727,-5.508638306165727,-5.508638306165727,-5.508638306165727,-5.508638306165727,-5.508638306165727
-5.7653593915337025,-5.415139168947616,-5.33562812717156,-5.370746478104504,-5.393486498992351,-5.394640252299466,-5.2785581528885475,-5.381323762461928,-5.433860179225791,-5.438052295007704,-5.420379063320589,-5.429082505395246,-5.390234513809836,-5.317978094579078,-5.288670511388703,-5.368673085532863,-5.334563362687555,-5.343864398935535,-5.185492541992461,-5.3719254829117595,-6.008773924307505,-6.008773924307505,-6.008773924307505,-6.008773924307505,-6.008773924307505,-6.008773924307505,-6.008773924307505,-6.008773924307505,-6.008773924307505,-6.008773924307505,-6.008773924307505,-6.008773924307505,-6.008773924307505,-6.008773924307505,-6.008773924307505,-6.008773924307505,-6.008773924307505,-6.008773924307505,-6.008773924307505,-6.008773924307505
-5.220432664278015,-5.2533173696935584,-5.0518537065524605,-5.148893860625648,-5.08866067768218,-5.0707490210607045,-4.948598242420225,-5.1595430764093075,-5.219669061620409,-5.029119753977472,-5.0214921998358255,-5.089957723100588,-4.928228731622036,-5.009449942777782,-4.982269449823511,-4.953653353639107,-4.963782457429617,-5.009977926092631,-4.657842898769181,-4.953994316623814,-5.455931955649724,-5.455931955649724,-5.455931955649724,-5.455931955649724,-5.455931955649724,-5.455931955649724,-5.455931955649724,-5.455931955649724,-5.455931955649724,-5.455931955649724,-5.455931955649724,-5.455931955649724,-5.455931955649724,-5.455931955649724,-5.455931955649724,-5.455931955649724,-5.455931955649724,-5.455931955649724,-5.455931955649724,-5.455931955649724
-5.748137238935419,-5.3785971220674575,-5.345428048919381,-5.358151694113593,-5.406110986232988,-5.41881930859855,-5.3244588955395935,-5.357049274390211,-5.415727394792299,-5.448873740930208,-5.451129929787098,-5.440488301054476,-5.507480915866107,-5.350743031140467,-5.320554875109975,-5.410714205684354,-5.389675348913806,-5.327723451698572,-5.313196529377625,-5.407541580845843,-5.958607314841775,-5.958607314841775,-5.958607314841775,-5.958607314841775,-5.958607314841775,-5.958607314841775,-5.958607314841775,-5.958607314841775,-5.958607314841775,-5.958607314841775,-5.958607314841775,-5.958607314841775,-5.958607314841775,-5.958607314841775,-5.958607314841775,-5.958607314841775,-5.958607314841775,-5.958607314841775,-5.958607314841775,-5.958607314841775
-5.211217830701738,-5.27173144152638,-5.04998973615661,-5.1704406030792365,-5.071240925398685,-5.137342201305268,-4.976163070008963,-5.128292904041183,-5.270495817966094,-5.133743016897012,-5.1148256490861845,-5.171490471693244,-5.067707519182928,-5.026870077008895,-5.027486678060468,-5.044596427345649,-5.010250646555583,-5.039428148380206,-4.751202669918203,-5.0354277258671365,-5.6777807052660805,-5.6777807052660805,-5.6777807052660805,-5.6777807052660805,-5.6777807052660805,-5.6777807052660805,-5.6777807052660805,-5.6777807052660805,-5.6777807052660805,-5.6777807052660805,-5.6777807052660805,-5.6777807052660805,-5.6777807052660805,-5.6777807052660805,-5.6777807052660805,-5.6777807052660805,-5.6777807052660805,-5.6777807052660805,-5.6777807052660805,-5.6777807052660805
-5.525125155984226,-5.497571711059734,-5.569900029418924,-5.526181098003031,-5.596769865424116,-5.536677614952043,-5.529044181140651,-5.499841134575133,-5.570174246205861,-5.632942898382659,-5.645295658589847,-5.5828834074780165,-5.600156425324963,-5.540783293338454,-5.510617615945817,-5.548151758516472,-5.548812704584472,-5.515569081202292,-5.600871373621973,-5.563390041932949,-5.853871964321762,-5.853871964321762,-5.853871964321762,-5.853871964321762,-5.853871964321762,-5.853871964321762,-5.853871964321762,-5.853871964321762,-5.853871964321762,-5.853871964321762,-5.853871964321762,-5.853871964321762,-5.853871964321762,-5.853871964321762,-5.853871964321762,-5.853871964321762,-5.853871964321762,-5.853871964321762,-5.853871964321762,-5.853871964321762
-5.675791713211266,-5.637590281447243,-5.768461644529697,-5.6748479999814005,-5.7654590928637015,-5.680980560750235,-5.746694818838196,-5.6655495823202076,-5.708017569074085,-5.810640006558273,-5.7850314714099405,-5.7388519124789035,-5.791051072142905,-5.792378486328709,-5.703709886300557,-5.761151982951425,-5.775407530479418,-5.756082909093738,-5.848251402568299,-5.742870827025977,-6.091514981121351,-6.091514981121351,-6.091514981121351,-6.091514981121351,-6.091514981121351,-6.091514981121351,-6.091514981121351,-6.091514981121351,-6.091514981121351,-6.091514981121351,-6.091514981121351,-6.091514981121351,-6.091514981121351,-6.091514981121351,-6.091514981121351,-6.091514981121351,-6.091514981121351,-6.091514981121351,-6.091514981121351,-6.091514981121351
-5.223020457054913,-5.076227183246907,-5.117684595606112,-5.098885676196672,-5.200839252917689,-5.150684354305425,-5.076900094173875,-5.161684316039989,-5.138064220516517,-5.129053389095474,-5.169626386107855,-5.068945733567689,-5.108392652354323,-5.046899393340731,-5.1533551832691975,-5.07589986925454,-5.1393240485549025,-5.073762699337871,-5.202836539740948,-5.110090156001419,-6.070581074285707,-6.070581074285707,-6.070581074285707,-6.070581074285707,-6.070581074285707,-6.070581074285707,-6.070581074285707,-6.070581074285707,-6.070581074285707,-6.070581074285707,-6.070581074285707,-6.070581074285707,-6.070581074285707,-6.070581074285707,-6.070581074285707,-6.070581074285707,-6.070581074285707,-6.070581074285707,-6.070581074285707,-6.070581074285707
-5.587800578468805,-5.683077129647011,-5.804801571762053,-5.649892739558711,-5.7826200457709165,-5.740660728903809,-5.782526583564725,-5.593890423845648,-5.720102023510876,-5.819943880300341,-5.825904390115228,-5.804859515313079,-5.856079256080378,-5.849958940954849,-5.767425363433699,-5.771335316715528,-5.788711397119226,-5.767765467712672,-5.899481746020009,-5.782590569862384,-5.823908740944319,-5.823908740944319,-5.823908740944319,-5.823908740944319,-5.823908740944319,-5.823908740944319,-5.823908740944319,-5.823908740944319,-5.823908740944319,-5.823908740944319,-5.823908740944319,-5.823908740944319,-5.823908740944319,-5.823908740944319,-5.823908740944319,-5.823908740944319,-5.823908740944319,-5.823908740944319,-5.823908740944319,-5.823908740944319
-5.906309294474118,-5.833699175524848,-5.874744135324678,-5.90801472822953,-5.94595497008909,-5.854336968954453,-5.90270266122143,-5.89171213053687,-5.857005716031817,-5.918621294554311,-5.923713357498643,-5.861622838931793,-5.952508029671356,-5.856158461201456,-5.8453880591812855,-5.9359291366748295,-5.887267656881959,-5.832024860139795,-5.984010469613128,-5.93799355747354,-6.00436480540245,-6.00436480540245,-6.00436480540245,-6.00436480540245,-6.00436480540245,-6.00436480540245,-6.00436480540245,-6.00436480540245,-6.00436480540245,-6.00436480540245,-6.00436480540245,-6.00436480540245,-6.00436480540245,-6.00436480540245,-6.00436480540245,-6.00436480540245,-6.00436480540245,-6.00436480540245,-6.00436480540245,-6.00436480540245
-4.491581362497643,-4.537322312804113,-4.849612990853249,-4.472486358989337,-4.8094461871220835,-4.581840746750704,-4.846655854507416,-4.449431601121014,-4.368194637048442,-4.970095779709321,-5.137320278414122,-4.7346531485211685,-4.841930129452784,-4.817500578213313,-4.98232869916769,-4.728647328892318,-4.999340028970131,-4.85523129644052,-5.02718546459258,-4.620847276486244,-5.920818753952375,-5.920818753952375,-5.920818753952375,-5.920818753952375,-5.920818753952375,-5.920818753952375,-5.920818753952375,-5.920818753952375,-5.920818753952375,-5.920818753952375,-5.920818753952375,-5.920818753952375,-5.920818753952375,-5.920818753952375,-5.920818753952375,-5.920818753952375,-5.920818753952375,-5.920818753952375,-5.920818753952375,-5.920818753952375
-5.953318768613805,-5.996228409409653,-6.087083872145068,-6.002751641175646,-6.034175661727459,-6.0313801072840745,-6.092146559594636,-5.97557545169331,-6.024259504263198,-6.109180230606176,-6.121873206468272,-6.060153051459892,-6.128970909584938,-6.1010430061566465,-6.074205890066626,-6.107403563699725,-6.0844175004854275,-6.096080831103629,-6.1796968119237965,-6.103374471921463,-6.080921907623926,-6.080921907623926,-6.080921907623926,-6.080921907623926,-6.080921907623926,-6.080921907623926,-6.080921907623926,-6.080921907623926,-6.080921907623926,-6.080921907623926,-6.080921907623926,-6.080921907623926,-6.080921907623926,-6.080921907623926,-6.080921907623926,-6.080921907623926,-6.080921907623926,-6.080921907623926,-6.080921907623926,-6.080921907623926
-5.942226689505099,-5.987879113414651,-6.094754914303751,-5.996287745623087,-6.033552185906153,-6.009486524580208,-6.091723828246671,-5.9752325322762445,-6.007703638849254,-6.100269972265795,-6.107181767148429,-6.044372380763026,-6.104892840995592,-6.119004272474971,-6.070071437495488,-6.1068215283098155,-6.084031921249917,-6.113227126672948,-6.171245768878815,-6.0919515129797555,-5.619788758288394,-5.619788758288394,-5.619788758288394,-5.619788758288394,-5.619788758288394,-5.619788758288394,-5.619788758288394,-5.619788758288394,-5.619788758288394,-5.619788758288394,-5.619788758288394,-5.619788758288394,-5.619788758288394,-5.619788758288394,-5.619788758288394,-5.619788758288394,-5.619788758288394,-5.619788758288394,-5.619788758288394,-5.619788758288394
-6.082034728791383,-6.153887995899261,-6.155540489596192,-6.151392382748109,-6.1423824596806185,-6.18183150166936,-6.162339695073698,-6.121278386159038,-6.155578363356954,-6.165507895109506,-6.198542021848602,-6.16802618009816,-6.203328809408357,-6.1010805462139865,-6.139241812603103,-6.183278264665111,-6.184191531068777,-6.148709279243277,-6.1831774466847556,-6.188116249887092,-6.036212172654444,-6.036212172654444,-6.036212172654444,-6.036212172654444,-6.036212172654444,-6.036212172654444,-6.036212172654444,-6.036212172654444,-6.036212172654444,-6.036212172654444,-6.036212172654444,-6.036212172654444,-6.036212172654444,-6.036212172654444,-6.036212172654444,-6.036212172654444,-6.036212172654444,-6.036212172654444,-6.036212172654444,-6.036212172654444
-6.3455230786993,-6.466953435747511,-6.476577265553763,-6.429754101658811,-6.439919764379436,-6.442442369167963,-6.4561461041823645,-6.433095692875559,-6.441540261472358,-6.3499141622982505,-6.3965689608687635,-6.40884538080116,-6.408385452432391,-6.409302584067476,-6.4328959178444345,-6.391018293064656,-6.4733219338036605,-6.43456161814685,-6.429494766964819,-6.406580826470542,-6.356547323513812,-6.356547323513812,-6.356547323513812,-6.356547323513812,-6.356547323513812,-6.356547323513812,-6.356547323513812,-6.356547323513812,-6.356547323513812,-6.356547323513812,-6.356547323513812,-6.356547323513812,-6.356547323513812,-6.356547323513812,-6.356547323513812,-6.356547323513812,-6.356547323513812,-6.356547323513812,-6.356547323513812,-6.356547323513812
-5.659504585998238,-5.723944840076973,-5.692365503374239,-5.685282809146327,-5.742550824864412,-5.643135019614,-5.682210162197186,-5.681911211485881,-5.65989462999969,-5.603904837086481,-5.698067039744039,-5.6686280963325695,-5.692770642486359,-5.6877052750007335,-5.641356941444908,-5.6342276630430606,-5.609129852999266,-5.628736243212819,-5.666238443004819,-5.658099905858154,-6.481486060122113,-6.481486060122113,-6.481486060122113,-6.481486060122113,-6.481486060122113,-6.481486060122113,-6.481486060122113,-6.481486060122113,-6.481486060122113,-6.481486060122113,-6.481486060122113,-6.481486060122113,-6.481486060122113,-6.481486060122113,-6.481486060122113,-6.481486060122113,-6.481486060122113,-6.481486060122113,-6.481486060122113,-6.481486060122113
-6.245586684696042,-6.26049885719051,-6.185130616587828,-6.250242062638665,-6.1507230269373,-6.236766194593773,-6.1732185167808264,-6.196807234408091,-6.285014759880363,-5.886234910470337,-6.234354371362841,-6.267549162765915,-5.905497388305857,-6.118394692421178,-6.188375199625719,-6.2362814123661545,-6.151938785290868,-6.18488226380473,-6.165432643909543,-6.259299522240145,-6.075720713938118,-6.075720713938118,-6.075720713938118,-6.075720713938118,-6.075720713938118,-6.075720713938118,-6.075720713938118,-6.075720713938118,-6.075720713938118,-6.075720713938118,-6.075720713938118,-6.075720713938118,-6.075720713938118,-6.075720713938118,-6.075720713938118,-6.075720713938118,-6.075720713938118,-6.075720713938118,-6.075720713938118,-6.075720713938118
-6.23708813180756,-6.288142089660455,-6.20975867770184,-6.237883717690691,-6.144688981560744,-6.295754937236721,-6.188421571396978,-6.162411535091757,-6.291299950670495,-5.971177716864859,-6.264830828411702,-6.3183171786646435,-5.934453491923661,-6.121773137300608,-6.229478210242774,-6.239058385145126,-6.161084098042261,-6.214416486770847,-6.196796467727849,-6.261221139888367,-6.251811972993799,-6.251811972993799,-6.251811972993799,-6.251811972993799,-6.251811972993799,-6.251811972993799,-6.251811972993799,-6.251811972993799,-6.251811972993799,-6.251811972993799,-6.251811972993799,-6.251811972993799,-6.251811972993799,-6.251811972993799,-6.251811972993799,-6.251811972993799,-6.251811972993799,-6.251811972993799,-6.251811972993799,-6.251811972993799
-6.139811755549774,-6.178593790380467,-6.116165945500609,-6.16720335279295,-6.1667507056095685,-6.042481156416029,-6.122228513823472,-6.163468702064476,-6.0561982695933665,-6.0517244382042525,-6.108594829513799,-6.079698793312758,-6.079157405031983,-6.086819385794188,-6.079000776505567,-6.076358741761026,-6.078968475232465,-6.08515938867202,-6.084448959266066,-6.064627572513443,-6.7447274948966935,-6.7447274948966935,-6.7447274948966935,-6.7447274948966935,-6.7447274948966935,-6.7447274948966935,-6.7447274948966935,-6.7447274948966935,-6.7447274948966935,-6.7447274948966935,-6.7447274948966935,-6.7447274948966935,-6.7447274948966935,-6.7447274948966935,-6.7447274948966935,-6.7447274948966935,-6.7447274948966935,-6.7447274948966935,-6.7447274948966935,-6.7447274948966935
-6.161633466780672,-6.239912057148235,-6.207368468258914,-6.187889294069999,-6.251759381983534,-6.094774018410735,-6.187827567416416,-6.227660856599265,-6.127638287919865,-6.0284620711800425,-6.113335591303762,-6.109919468520877,-6.133323296119835,-6.2116111768517195,-6.176170754221002,-6.055016115522881,-6.165235186482097,-6.13545001709176,-6.18786076049703,-6.0813154222615164,-5.853871964321762,-5.853871964321762,-5.853871964321762,-5.853871964321762,-5.853871964321762,-5.853871964321762,-5.853871964321762,-5.853871964321762,-5.853871964321762,-5.853871964321762,-5.853871964321762,-5.853871964321762,-5.853871964321762,-5.853871964321762,-5.853871964321762,-5.853871964321762,-5.853871964321762,-5.853871964321762,-5.853871964321762,-5.853871964321762
-6.119512536286567,-6.175260982079262,-6.175917390851186,-6.15257789362339,-6.124135703799774,-6.0998954152080955,-6.149484960132082,-6.143360443388488,-6.127435134339123,-6.1327712280366615,-6.170578307123297,-6.1215434089323235,-6.135334582957612,-6.157513105620665,-6.146964528160891,-6.122765495643393,-6.170036705972107,-6.1586843449342,-6.11970402952593,-6.093379533830033,-6.6777807052660805,-6.6777807052660805,-6.6777807052660805,-6.6777807052660805,-6.6777807052660805,-6.6777807052660805,-6.6777807052660805,-6.6777807052660805,-6.6777807052660805,-6.6777807052660805,-6.6777807052660805,-6.6777807052660805,-6.6777807052660805,-6.6777807052660805,-6.6777807052660805,-6.6777807052660805,-6.6777807052660805,-6.6777807052660805,-6.6777807052660805,-6.6777807052660805
-6.183576389960808,-6.0879062472559635,-6.077032923233244,-6.123009784697318,-6.071975186461079,-6.047198170372597,-6.110038410316667,-6.118758575838211,-6.045162122840431,-6.143344887473608,-6.094359081790629,-6.057181473797549,-6.151100935258283,-6.121590591065328,-6.119840976276236,-6.196010807757753,-6.126563464530917,-6.130967398262333,-6.173130577482285,-6.155236221214814,-6.568636235841013,-6.568636235841013,-6.568636235841013,-6.568636235841013,-6.568636235841013,-6.568636235841013,-6.568636235841013,-6.568636235841013,-6.568636235841013,-6.568636235841013,-6.568636235841013,-6.568636235841013,-6.568636235841013,-6.568636235841013,-6.568636235841013,-6.568636235841013,-6.568636235841013,-6.568636235841013,-6.568636235841013,-6.568636235841013
-5.9012579086405825,-5.956049994913666,-6.109747327552999,-5.912604407958355,-6.001200955051823,-6.080250180970441,-6.069244333650584,-5.9008795192881145,-5.986413500515503,-6.061161951251293,-6.068047439159276,-6.071162868555231,-6.136107268447281,-6.14456530151764,-6.131480780271454,-6.068141347188432,-6.07836355458043,-6.1378418136075705,-6.265990189890821,-6.09135747653756,-6.455931955649724,-6.455931955649724,-6.455931955649724,-6.455931955649724,-6.455931955649724,-6.455931955649724,-6.455931955649724,-6.455931955649724,-6.455931955649724,-6.455931955649724,-6.455931955649724,-6.455931955649724,-6.455931955649724,-6.455931955649724,-6.455931955649724,-6.455931955649724,-6.455931955649724,-6.455931955649724,-6.455931955649724,-6.455931955649724
-6.420460740300509,-6.48444521723137,-6.4474634743741,-6.452415745277148,-6.335069435398017,-6.444756582581197,-6.395650862004745,-6.397574347250504,-6.499699932218443,-6.4164895552491386,-6.441888951122081,-6.457009649494542,-6.5005327287725265,-6.394515054828238,-6.447435288506767,-6.439226445716514,-6.406887197731376,-6.448266655679465,-6.4611913683582936,-6.4489840299405525,-6.886056647693163,-6.886056647693163,-6.886056647693163,-6.886056647693163,-6.886056647693163,-6.886056647693163,-6.886056647693163,-6.886056647693163,-6.886056647693163,-6.886056647693163,-6.886056647693163,-6.886056647693163,-6.886056647693163,-6.886056647693163,-6.886056647693163,-6.886056647693163,-6.886056647693163,-6.886056647693163,-6.886056647693163,-6.886056647693163
-6.009643517239564,-5.874967174218274,-5.848324483262534,-5.891857940404885,-5.885940492466595,-5.860397482050459,-5.883262594812376,-5.963596769357299,-5.789613927358984,-5.931267623553816,-5.86904124712004,-5.814631302633895,-5.952885411305568,-5.927284386884551,-5.991990693420567,-6.005722319305157,-5.993916870726469,-5.9879151240313,-6.043552452101406,-5.934457253155875,-6.638272163982407,-6.638272163982407,-6.638272163982407,-6.638272163982407,-6.638272163982407,-6.638272163982407,-6.638272163982407,-6.638272163982407,-6.638272163982407,-6.638272163982407,-6.638272163982407,-6.638272163982407,-6.638272163982407,-6.638272163982407,-6.638272163982407,-6.638272163982407,-6.638272163982407,-6.638272163982407,-6.638272163982407,-6.638272163982407
-6.029645048329114,-6.092099682258672,-6.155616580029635,-6.064233606853973,-6.097759870750476,-6.177798234125815,-6.1422333331623244,-6.031858584561703,-6.111429844330372,-6.139564962488481,-6.124375967853994,-6.142711659448538,-6.222202455276341,-6.1749026133222635,-6.200572036794206,-6.191104006696297,-6.199120446950095,-6.205505606557719,-6.321356173306222,-6.188222241072283,-6.356547323513812,-6.356547323513812,-6.356547323513812,-6.356547323513812,-6.356547323513812,-6.356547323513812,-6.356547323513812,-6.356547323513812,-6.356547323513812,-6.356547323513812,-6.356547323513812,-6.356547323513812,-6.356547323513812,-6.356547323513812,-6.356547323513812,-6.356547323513812,-6.356547323513812,-6.356547323513812,-6.356547323513812,-6.356547323513812
-6.5599823797452,-6.559496744204379,-6.392249722007085,-6.608238461880523,-6.389127377647656,-6.363016865015695,-6.398523640127795,-6.59501138974278,-6.563238303761968,-6.431176571090631,-6.430041680008128,-6.411741968561867,-6.47039862688705,-6.363883442659421,-6.363517684036705,-6.502410942076895,-6.390253222049216,-6.357339768765489,-6.317911235439034,-6.490650528242818,-5.958607314841775,-5.958607314841775,-5.958607314841775,-5.958607314841775,-5.958607314841775,-5.958607314841775,-5.958607314841775,-5.958607314841775,-5.958607314841775,-5.958607314841775,-5.958607314841775,-5.958607314841775,-5.958607314841775,-5.958607314841775,-5.958607314841775,-5.958607314841775,-5.958607314841775,-5.958607314841775,-5.958607314841775,-5.958607314841775
-5.107464385215422,-5.067198347603327,-5.19518840902939,-4.902886519000017,-5.041832970492944,-5.157763319618498,-5.104340744472962,-4.9745464223540825,-4.966993992021017,-4.972968893069851,-4.999010995102596,-5.116444231185885,-4.944811327591272,-5.179712046791261,-5.278285644509036,-4.967240803857612,-5.018830771578858,-5.248077204120939,-5.043018321833144,-4.962025765386368,-4.958607314841775,-4.958607314841775,-4.958607314841775,-4.958607314841775,-4.958607314841775,-4.958607314841775,-4.958607314841775,-4.958607314841775,-4.958607314841775,-4.958607314841775,-4.958607314841775,-4.958607314841775,-4.958607314841775,-4.958607314841775,-4.958607314841775,-4.958607314841775,-4.958607314841775,-4.958607314841775,-4.958607314841775,-4.958607314841775
-5.582139015939128,-5.657626022036078,-5.693141525273086,-5.660502426767588,-5.663144049806766,-5.620312405042645,-5.619263266025199,-5.595487522332722,-5.729743946473804,-5.52187187884026,-5.665670415865833,-5.712625429238576,-5.649750524741442,-5.70025083645961,-5.56140743409168,-5.6393130043976285,-5.573710670205168,-5.648661121412502,-5.4520559800115125,-5.666185744155678,-5.920818753952375,-5.920818753952375,-5.920818753952375,-5.920818753952375,-5.920818753952375,-5.920818753952375,-5.920818753952375,-5.920818753952375,-5.920818753952375,-5.920818753952375,-5.920818753952375,-5.920818753952375,-5.920818753952375,-5.920818753952375,-5.920818753952375,-5.920818753952375,-5.920818753952375,-5.920818753952375,-5.920818753952375,-5.920818753952375
-5.7721455163172966,-5.740900306175812,-5.683629799333493,-5.650786067728755,-5.7265809767624285,-5.6884359830391995,-5.665366684610275,-5.736377261680964,-5.784532877360943,-5.641129155374767,-5.72699235082714,-5.742325002212099,-5.755956769493807,-5.653164798597174,-5.618733822527121,-5.630749988432192,-5.583373720196085,-5.572924018045357,-5.566113115657158,-5.703150835869284,-6.508638306165727,-6.508638306165727,-6.508638306165727,-6.508638306165727,-6.508638306165727,-6.508638306165727,-6.508638306165727,-6.508638306165727,-6.508638306165727,-6.508638306165727,-6.508638306165727,-6.508638306165727,-6.508638306165727,-6.508638306165727,-6.508638306165727,-6.508638306165727,-6.508638306165727,-6.508638306165727,-6.508638306165727,-6.508638306165727
-5.553288137027759,-5.6902472018775665,-5.75699786213845,-5.69352957201832,-5.693263851810904,-5.641604017058961,-5.649486431347277,-5.563176767970369,-5.71496860298817,-5.581146731778872,-5.703940727992093,-5.751225472500609,-5.649485025507947,-5.80021944938836,-5.656508871442162,-5.653484846939107,-5.6249113433004485,-5.758006251385813,-5.537451666611035,-5.674334076414331,-6.3979400086720375,-6.3979400086720375,-6.3979400086720375,-6.3979400086720375,-6.3979400086720375,-6.3979400086720375,-6.3979400086720375,-6.3979400086720375,-6.3979400086720375,-6.3979400086720375,-6.3979400086720375,-6.3979400086720375,-6.3979400086720375,-6.3979400086720375,-6.3979400086720375,-6.3979400086720375,-6.3979400086720375,-6.3979400086720375,-6.3979400086720375,-6.3979400086720375
-5.540588206812377,-5.646842503007814,-5.6866460096431135,-5.657634420160287,-5.65127697736902,-5.60054080416985,-5.595684644427274,-5.550108844432774,-5.701736512729254,-5.516144247015498,-5.663690703216974,-5.703632096724709,-5.599074314291874,-5.691973981385149,-5.560853673848531,-5.6173871163387785,-5.560893465603287,-5.667650616180645,-5.440474684380492,-5.640347654821614,-5.568636235841013,-5.568636235841013,-5.568636235841013,-5.568636235841013,-5.568636235841013,-5.568636235841013,-5.568636235841013,-5.568636235841013,-5.568636235841013,-5.568636235841013,-5.568636235841013,-5.568636235841013,-5.568636235841013,-5.568636235841013,-5.568636235841013,-5.568636235841013,-5.568636235841013,-5.568636235841013,-5.568636235841013,-5.568636235841013
-5.150880045578941,-5.106899114381968,-5.162987279532359,-4.966618362603508,-5.031353333672682,-5.119849049034965,-5.029136367108472,-5.02875516876048,-5.005205980747454,-4.986287341391163,-4.990680486615245,-5.087270869298119,-4.857896943854264,-5.113000536903737,-5.21217423056746,-4.933389609142221,-4.947346302475455,-5.2095068506281,-4.9468960679806075,-4.934932140945204,-5.585026652029182,-5.585026652029182,-5.585026652029182,-5.585026652029182,-5.585026652029182,-5.585026652029182,-5.585026652029182,-5.585026652029182,-5.585026652029182,-5.585026652029182,-5.585026652029182,-5.585026652029182,-5.585026652029182,-5.585026652029182,-5.585026652029182,-5.585026652029182,-5.585026652029182,-5.585026652029182,-5.585026652029182,-5.585026652029182
-5.5579410982734485,-5.691761674126584,-5.761090872038042,-5.706041676887125,-5.7125734976755655,-5.644181381246362,-5.664441927095674,-5.581793376976546,-5.73430725125151,-5.589607744403416,-5.7172092847888765,-5.755321264211395,-5.68138462066901,-5.81355620333412,-5.654412596701656,-5.673495979269539,-5.65301482502547,-5.753966218287463,-5.550323768094018,-5.694693413333684,-5.6020599913279625,-5.6020599913279625,-5.6020599913279625,-5.6020599913279625,-5.6020599913279625,-5.6020599913279625,-5.6020599913279625,-5.6020599913279625,-5.6020599913279625,-5.6020599913279625,-5.6020599913279625,-5.6020599913279625,-5.6020599913279625,-5.6020599913279625,-5.6020599913279625,-5.6020599913279625,-5.6020599913279625,-5.6020599913279625,-5.6020599913279625,-5.6020599913279625
-5.772691062057989,-5.800043594408073,-5.74893854702287,-5.71389356182384,-5.768815266382889,-5.8019087527534055,-5.743618341112907,-5.72205054442869,-5.83841453972334,-5.701409646854811,-5.823040146447711,-5.857860641302785,-5.878956351391612,-5.718936600633664,-5.713628540787098,-5.718272712542976,-5.670482631552365,-5.647912399632122,-5.6664691558053955,-5.789970591330417,-5.920818753952375,-5.920818753952375,-5.920818753952375,-5.920818753952375,-5.920818753952375,-5.920818753952375,-5.920818753952375,-5.920818753952375,-5.920818753952375,-5.920818753952375,-5.920818753952375,-5.920818753952375,-5.920818753952375,-5.920818753952375,-5.920818753952375,-5.920818753952375,-5.920818753952375,-5.920818753952375,-5.920818753952375,-5.920818753952375
-5.071602421334623,-5.03667328636807,-5.146301200874903,-4.847529570962514,-5.035842742774852,-5.114945664943685,-5.067807960707176,-4.95580277728648,-4.933322482487475,-4.9632205535446605,-4.961898071344734,-5.046229005131446,-4.88526507991393,-5.138493230821063,-5.28304373348065,-4.863225227262756,-5.0049773101005615,-5.178973939419265,-5.04521914733883,-4.896174870089279,-6.0,-6.0,-6.0,-6.0,-6.0,-6.0,-6.0,-6.0,-6.0,-6.0,-6.0,-6.0,-6.0,-6.0,-6.0,-6.0,-6.0,-6.0,-6.0,-6.0
-6.018342674708964,-6.1242909059436395,-6.139879741372012,-6.063368021731123,-6.134531706546905,-6.040768725323631,-6.11862012096498,-6.072955671910954,-6.058080366970421,-6.012374518132836,-6.075098255459816,-6.073289670783451,-6.090481849748562,-6.160871759998458,-6.106491945409083,-6.024271219520042,-6.096893582030565,-6.1014979842390415,-6.13634554236953,-6.038252281426971,-6.214670164989233,-6.214670164989233,-6.214670164989233,-6.214670164989233,-6.214670164989233,-6.214670164989233,-6.214670164989233,-6.214670164989233,-6.214670164989233,-6.214670164989233,-6.214670164989233,-6.214670164989233,-6.214670164989233,-6.214670164989233,-6.214670164989233,-6.214670164989233,-6.214670164989233,-6.214670164989233,-6.214670164989233,-6.214670164989233
-5.9296176257646245,-6.009664616126868,-6.083059968069459,-5.973920174748609,-6.097008842402503,-5.990855534563612,-6.080253714023101,-5.994108010631778,-5.968606416327215,-5.966216078543625,-6.005563220816468,-6.0025117133426535,-6.080858542415206,-6.1438080045985615,-6.072689698999965,-6.005972980742483,-6.1025843974507366,-6.05806312516726,-6.173257821369025,-6.0145918572731105,-6.107905397309519,-6.107905397309519,-6.107905397309519,-6.107905397309519,-6.107905397309519,-6.107905397309519,-6.107905397309519,-6.107905397309519,-6.107905397309519,-6.107905397309519,-6.107905397309519,-6.107905397309519,-6.107905397309519,-6.107905397309519,-6.107905397309519,-6.107905397309519,-6.107905397309519,-6.107905397309519,-6.107905397309519,-6.107905397309519
-6.4358721893537245,-6.451553421421655,-6.2912000254119835,-6.473459358130894,-6.310445463980639,-6.3513579338537625,-6.336955930027701,-6.415311336120423,-6.38661391123446,-6.378323252876964,-6.405693311755201,-6.376943471400876,-6.397007318336958,-6.201610629640874,-6.262024220233927,-6.380624269975291,-6.305116835128363,-6.255002191812445,-6.235154997132383,-6.35489016090979,-6.337242168318426,-6.337242168318426,-6.337242168318426,-6.337242168318426,-6.337242168318426,-6.337242168318426,-6.337242168318426,-6.337242168318426,-6.337242168318426,-6.337242168318426,-6.337242168318426,-6.337242168318426,-6.337242168318426,-6.337242168318426,-6.337242168318426,-6.337242168318426,-6.337242168318426,-6.337242168318426,-6.337242168318426,-6.337242168318426
-5.874687091582218,-5.929952451837027,-5.957818821157368,-5.930168408171889,-5.943105149552501,-5.932814380661193,-5.9449467607980795,-5.901628985509924,-5.982297828049272,-5.975743715984027,-6.008085187017181,-5.973140553770002,-6.017739170869892,-5.953974632716916,-5.923761769086842,-5.951788048820496,-5.972976584351037,-5.935522031377343,-5.972950564401939,-5.953338978271341,-5.853871964321762,-5.853871964321762,-5.853871964321762,-5.853871964321762,-5.853871964321762,-5.853871964321762,-5.853871964321762,-5.853871964321762,-5.853871964321762,-5.853871964321762,-5.853871964321762,-5.853871964321762,-5.853871964321762,-5.853871964321762,-5.853871964321762,-5.853871964321762,-5.853871964321762,-5.853871964321762,-5.853871964321762,-5.853871964321762
-5.961516495375912,-5.891607587055507,-5.924299358865699,-5.942474248288252,-5.927463867831063,-5.847609651414069,-5.918751127779831,-5.95605022052516,-5.90815539506858,-5.970465111839723,-5.972119974450842,-5.911460995596679,-5.974127727486476,-5.951643125560204,-5.894131577763589,-5.97197774237771,-5.958744594476419,-5.9468028350349105,-5.9703327545809435,-5.9211233810600366,-6.075720713938118,-6.075720713938118,-6.075720713938118,-6.075720713938118,-6.075720713938118,-6.075720713938118,-6.075720713938118,-6.075720713938118,-6.075720713938118,-6.075720713938118,-6.075720713938118,-6.075720713938118,-6.075720713938118,-6.075720713938118,-6.075720713938118,-6.075720713938118,-6.075720713938118,-6.075720713938118,-6.075720713938118,-6.075720713938118
-6.2667515883444835,-6.345631556813531,-6.385858515412381,-6.309674043757624,-6.358799156242343,-6.285587359846818,-6.363831346729664,-6.357840049958936,-6.285578327128776,-6.194680579099599,-6.239392320798267,-6.244376082868171,-6.311411523709283,-6.406976176881473,-6.369157787878066,-6.286921906690179,-6.410204350589246,-6.374927730551392,-6.425646470411403,-6.280242384809997,-6.327902142064283,-6.327902142064283,-6.327902142064283,-6.327902142064283,-6.327902142064283,-6.327902142064283,-6.327902142064283,-6.327902142064283,-6.327902142064283,-6.327902142064283,-6.327902142064283,-6.327902142064283,-6.327902142064283,-6.327902142064283,-6.327902142064283,-6.327902142064283,-6.327902142064283,-6.327902142064283,-6.327902142064283,-6.327902142064283
-5.870924673352584,-5.92272514830146,-5.961173832457165,-5.932045327965099,-5.9512614897741285,-5.939559543039194,-5.958209877708655,-5.900151770835466,-5.982557209969514,-5.9851677515229555,-6.022115718888616,-5.9801392365744475,-6.0435357363748174,-5.957650946907443,-5.926534875574594,-5.965555030919044,-5.989282661891915,-5.9308372695485945,-5.997956818530096,-5.966979231961272,-6.102372908709558,-6.102372908709558,-6.102372908709558,-6.102372908709558,-6.102372908709558,-6.102372908709558,-6.102372908709558,-6.102372908709558,-6.102372908709558,-6.102372908709558,-6.102372908709558,-6.102372908709558,-6.102372908709558,-6.102372908709558,-6.102372908709558,-6.102372908709558,-6.102372908709558,-6.102372908709558,-6.102372908709558,-6.102372908709558
-5.859539986916011,-5.909320680343141,-5.923801877866974,-5.911582075006576,-5.918493342061076,-5.921991848931113,-5.9219311414599325,-5.8791817332358445,-5.9673591717063585,-5.9661823996181065,-5.995152646896656,-5.959131335665698,-6.0182960971126915,-5.920082434978448,-5.901990119443414,-5.939588472363645,-5.957315276549601,-5.902944984842609,-5.955150318669862,-5.9398884787357975,-6.0655015487564325,-6.0655015487564325,-6.0655015487564325,-6.0655015487564325,-6.0655015487564325,-6.0655015487564325,-6.0655015487564325,-6.0655015487564325,-6.0655015487564325,-6.0655015487564325,-6.0655015487564325,-6.0655015487564325,-6.0655015487564325,-6.0655015487564325,-6.0655015487564325,-6.0655015487564325,-6.0655015487564325,-6.0655015487564325,-6.0655015487564325,-6.0655015487564325
-5.865453203197308,-5.923988627686238,-5.931256041343766,-5.894450368173359,-5.970012599449113,-5.881314846026096,-5.933625696272991,-5.887092875859613,-5.92506303123641,-5.92093874242299,-5.9595955862901,-5.9434183031283165,-5.961407438428817,-5.93459044279639,-5.882037906063231,-5.867259457260794,-5.901523787616,-5.847922332808111,-5.947056535858243,-5.902184250028103,-6.366531544420414,-6.366531544420414,-6.366531544420414,-6.366531544420414,-6.366531544420414,-6.366531544420414,-6.366531544420414,-6.366531544420414,-6.366531544420414,-6.366531544420414,-6.366531544420414,-6.366531544420414,-6.366531544420414,-6.366531544420414,-6.366531544420414,-6.366531544420414,-6.366531544420414,-6.366531544420414,-6.366531544420414,-6.366531544420414
-5.7678459345250594,-5.71456815809371,-5.800569065334538,-5.759765288432928,-5.819788250837747,-5.709520904755092,-5.782146621445945,-5.771326590602876,-5.763255637003179,-5.812202572130133,-5.818777592786009,-5.76487210674605,-5.789530257341437,-5.787237660069338,-5.712092693647111,-5.764397003869684,-5.772200711781675,-5.745113321816636,-5.82935046615993,-5.756320214112757,-6.366531544420414,-6.366531544420414,-6.366531544420414,-6.366531544420414,-6.366531544420414,-6.366531544420414,-6.366531544420414,-6.366531544420414,-6.366531544420414,-6.366531544420414,-6.366531544420414,-6.366531544420414,-6.366531544420414,-6.366531544420414,-6.366531544420414,-6.366531544420414,-6.366531544420414,-6.366531544420414,-6.366531544420414,-6.366531544420414
-5.47552540070562,-5.407511410726276,-5.602775152037852,-5.426790293541856,-5.5473353999113355,-5.498539477708468,-5.578528249915125,-5.463852323990331,-5.4943733550107074,-5.542325586764779,-5.525471207806114,-5.538212629332243,-5.585249679667884,-5.60385020797268,-5.503509092943366,-5.49679191386867,-5.541630099861351,-5.50865335883158,-5.623737362013514,-5.481481499856773,-5.1487416512809245,-5.1487416512809245,-5.1487416512809245,-5.1487416512809245,-5.1487416512809245,-5.1487416512809245,-5.1487416512809245,-5.1487416512809245,-5.1487416512809245,-5.1487416512809245,-5.1487416512809245,-5.1487416512809245,-5.1487416512809245,-5.1487416512809245,-5.1487416512809245,-5.1487416512809245,-5.1487416512809245,-5.1487416512809245,-5.1487416512809245,-5.1487416512809245
-5.866077151392652,-5.941322669345267,-5.96012393163659,-5.904973708987571,-5.980982872456917,-5.885814591632854,-5.950889014078125,-5.89243229298095,-5.93620278745147,-5.941687960952558,-5.974610863374192,-5.961766603501571,-5.957758145366035,-5.966910834093913,-5.897818528266894,-5.884349874035278,-5.910195824566528,-5.884024181156497,-5.949170568633093,-5.913299262023623,-6.2441251443275085,-6.2441251443275085,-6.2441251443275085,-6.2441251443275085,-6.2441251443275085,-6.2441251443275085,-6.2441251443275085,-6.2441251443275085,-6.2441251443275085,-6.2441251443275085,-6.2441251443275085,-6.2441251443275085,-6.2441251443275085,-6.2441251443275085,-6.2441251443275085,-6.2441251443275085,-6.2441251443275085,-6.2441251443275085,-6.2441251443275085,-6.2441251443275085
-5.7683326691652255,-5.770838800005851,-5.789874705017025,-5.782650177266592,-5.822408288593979,-5.732256269500965,-5.7675676369666595,-5.776244702026533,-5.802455527670901,-5.803345282938313,-5.818127892043257,-5.793724229769022,-5.778082633843981,-5.760768880868071,-5.69540447233332,-5.743754871025751,-5.735339553993202,-5.726154869166766,-5.745441953075294,-5.75395021870059,-6.356547323513812,-6.356547323513812,-6.356547323513812,-6.356547323513812,-6.356547323513812,-6.356547323513812,-6.356547323513812,-6.356547323513812,-6.356547323513812,-6.356547323513812,-6.356547323513812,-6.356547323513812,-6.356547323513812,-6.356547323513812,-6.356547323513812,-6.356547323513812,-6.356547323513812,-6.356547323513812,-6.356547323513812,-6.356547323513812
-6.358323216972261,-6.304349231166431,-6.219548448897865,-6.3406110800718265,-6.215004858133895,-6.147727919398651,-6.22158600782236,-6.368792358791017,-6.263491018998699,-6.253118396321046,-6.255197966284286,-6.220218742505203,-6.258528071434329,-6.189738976605232,-6.182726942796866,-6.262791783335574,-6.212014123361149,-6.189464223316464,-6.151678024119204,-6.235140768818326,-5.823908740944319,-5.823908740944319,-5.823908740944319,-5.823908740944319,-5.823908740944319,-5.823908740944319,-5.823908740944319,-5.823908740944319,-5.823908740944319,-5.823908740944319,-5.823908740944319,-5.823908740944319,-5.823908740944319,-5.823908740944319,-5.823908740944319,-5.823908740944319,-5.823908740944319,-5.823908740944319,-5.823908740944319,-5.823908740944319
-5.996392378697829,-5.821874936099287,-5.757170914495505,-5.909335757143458,-5.789265169646935,-5.766287088578531,-5.793645915847823,-5.913473927266852,-5.7902737245627405,-5.970960510859056,-5.9353229783484895,-5.812659109858208,-5.962402972007175,-5.772757799316332,-5.8319253070595956,-5.985175689053719,-5.872612813901131,-5.825308712129287,-5.877759592963391,-5.905159456146709,-6.7447274948966935,-6.7447274948966935,-6.7447274948966935,-6.7447274948966935,-6.7447274948966935,-6.7447274948966935,-6.7447274948966935,-6.7447274948966935,-6.7447274948966935,-6.7447274948966935,-6.7447274948966935,-6.7447274948966935,-6.7447274948966935,-6.7447274948966935,-6.7447274948966935,-6.7447274948966935,-6.7447274948966935,-6.7447274948966935,-6.7447274948966935,-6.7447274948966935
-6.089405465550806,-6.094265442383073,-6.201357771439451,-6.2041059985510065,-6.200753904916279,-6.241463647180024,-6.205175867459036,-6.10168660414686,-6.267166584661632,-6.303087004985154,-6.276893257041356,-6.191430317718625,-6.360903625092166,-6.201067464870839,-6.192297412397318,-6.409917933664804,-6.300705160474067,-6.265919104812053,-6.422993257687874,-6.448910631558482,-6.638272163982407,-6.638272163982407,-6.638272163982407,-6.638272163982407,-6.638272163982407,-6.638272163982407,-6.638272163982407,-6.638272163982407,-6.638272163982407,-6.638272163982407,-6.638272163982407,-6.638272163982407,-6.638272163982407,-6.638272163982407,-6.638272163982407,-6.638272163982407,-6.638272163982407,-6.638272163982407,-6.638272163982407,-6.638272163982407
-5.768792710073154,-5.66339663229171,-5.62449547531777,-5.704262080245234,-5.679085128059792,-5.626966202069665,-5.673698620106672,-5.730964225413913,-5.580298990348814,-5.751480176376328,-5.743486336708763,-5.625253744334847,-5.769596781724878,-5.640123296286813,-5.707935388142095,-5.775834584591286,-5.766033344108089,-5.696647744632502,-5.753821207432908,-5.6815423615127765,-6.494850021680094,-6.494850021680094,-6.494850021680094,-6.494850021680094,-6.494850021680094,-6.494850021680094,-6.494850021680094,-6.494850021680094,-6.494850021680094,-6.494850021680094,-6.494850021680094,-6.494850021680094,-6.494850021680094,-6.494850021680094,-6.494850021680094,-6.494850021680094,-6.494850021680094,-6.494850021680094,-6.494850021680094,-6.494850021680094
-6.013435320670505,-6.046721165251509,-6.081567259372176,-6.070994850456189,-6.094805111848933,-6.009582753775948,-6.089250006039914,-6.062601784201792,-6.033979482773109,-6.094844782148241,-6.0885541503764635,-6.052170856285322,-6.082381314162308,-6.071938281183398,-6.007414846750262,-6.094833629386077,-6.093721369392185,-6.068715516961341,-6.071260505083722,-6.070722002485838,-6.657577319177793,-6.657577319177793,-6.657577319177793,-6.657577319177793,-6.657577319177793,-6.657577319177793,-6.657577319177793,-6.657577319177793,-6.657577319177793,-6.657577319177793,-6.657577319177793,-6.657577319177793,-6.657577319177793,-6.657577319177793,-6.657577319177793,-6.657577319177793,-6.657577319177793,-6.657577319177793,-6.657577319177793,-6.657577319177793
-5.981441324200079,-6.068590481084404,-6.038100691716724,-6.0507540435534235,-6.025805170806569,-6.0106571461236795,-6.0395726881996845,-6.024767980348488,-6.061650111364834,-6.057456985152465,-6.0701001607651035,-6.053484827627952,-6.067435724447531,-6.020116072412078,-5.987218584695285,-6.039411882187315,-6.022638122922303,-6.021587750502722,-5.981551921923304,-6.028283092057591,-6.657577319177793,-6.657577319177793,-6.657577319177793,-6.657577319177793,-6.657577319177793,-6.657577319177793,-6.657577319177793,-6.657577319177793,-6.657577319177793,-6.657577319177793,-6.657577319177793,-6.657577319177793,-6.657577319177793,-6.657577319177793,-6.657577319177793,-6.657577319177793,-6.657577319177793,-6.657577319177793,-6.657577319177793,-6.657577319177793
-6.019308218068372,-5.997013445678187,-6.003185000675043,-6.01962665842022,-5.999370249907276,-5.9544942342290375,-6.004431130780147,-6.0192791198005295,-6.0096603794360055,-6.045551104957386,-6.0549847260045055,-6.010618017005332,-6.05985910592169,-5.993715674277866,-5.9687818463931475,-6.010026431953811,-6.003493925164742,-5.969710183725815,-6.014556100971218,-6.00266166024227,-6.522878745280337,-6.522878745280337,-6.522878745280337,-6.522878745280337,-6.522878745280337,-6.522878745280337,-6.522878745280337,-6.522878745280337,-6.522878745280337,-6.522878745280337,-6.522878745280337,-6.522878745280337,-6.522878745280337,-6.522878745280337,-6.522878745280337,-6.522878745280337,-6.522878745280337,-6.522878745280337,-6.522878745280337,-6.522878745280337
-6.0753924822166665,-5.94919552661661,-5.88043891501464,-5.99930004996032,-5.912735224298176,-5.931860991957858,-5.935604824224435,-6.003366834018415,-5.901431332704783,-6.068039012354088,-6.027874646348458,-5.94538975127759,-6.072406722733421,-5.8872757760723955,-5.9664461599861225,-6.085709344613397,-5.991262045750501,-5.953928658577855,-6.0252050733624305,-6.021443823266823,-6.494850021680094,-6.494850021680094,-6.494850021680094,-6.494850021680094,-6.494850021680094,-6.494850021680094,-6.494850021680094,-6.494850021680094,-6.494850021680094,-6.494850021680094,-6.494850021680094,-6.494850021680094,-6.494850021680094,-6.494850021680094,-6.494850021680094,-6.494850021680094,-6.494850021680094,-6.494850021680094,-6.494850021680094,-6.494850021680094
-6.079611821580861,-6.234726098380658,-6.313364198217421,-6.128415583234973,-6.2568729192204255,-6.245722102415923,-6.305005031235371,-6.1641441900451355,-6.065364447548794,-6.084356762399834,-6.134692827600758,-6.159924847983095,-6.2084665450957015,-6.316228693166717,-6.3402869835877445,-6.172085015094737,-6.35436720865619,-6.345792456304481,-6.400650009220582,-6.117909774511951,-6.431798275933005,-6.431798275933005,-6.431798275933005,-6.431798275933005,-6.431798275933005,-6.431798275933005,-6.431798275933005,-6.431798275933005,-6.431798275933005,-6.431798275933005,-6.431798275933005,-6.431798275933005,-6.431798275933005,-6.431798275933005,-6.431798275933005,-6.431798275933005,-6.431798275933005,-6.431798275933005,-6.431798275933005,-6.431798275933005
-5.946042139306588,-6.151857641896135,-6.2097804737138365,-6.011213178808908,-6.17919075605657,-6.209576283804152,-6.242180504824873,-6.0318222750824315,-5.926572284413784,-6.000289459830353,-6.066551391509534,-6.093123879903751,-6.143950551643159,-6.177690618982509,-6.266828693470523,-6.077217357887752,-6.293742647891376,-6.24764043649776,-6.32676888455993,-6.001983066283956,-6.022276394711152,-6.022276394711152,-6.022276394711152,-6.022276394711152,-6.022276394711152,-6.022276394711152,-6.022276394711152,-6.022276394711152,-6.022276394711152,-6.022276394711152,-6.022276394711152,-6.022276394711152,-6.022276394711152,-6.022276394711152,-6.022276394711152,-6.022276394711152,-6.022276394711152,-6.022276394711152,-6.022276394711152,-6.022276394711152
-5.971575388844597,-6.018507244998138,-6.073593419301474,-6.034363200545886,-6.05064411475,-6.024765318176158,-6.061925399228924,-6.059161454094626,-6.019337726974039,-5.984993708876384,-6.0104790722146415,-5.959151646735885,-6.111378462849624,-6.138512182008227,-6.109730965958156,-6.119348914055995,-6.158316002693793,-6.1376154197878,-6.201791864164953,-6.053771320467296,-6.443697499232713,-6.443697499232713,-6.443697499232713,-6.443697499232713,-6.443697499232713,-6.443697499232713,-6.443697499232713,-6.443697499232713,-6.443697499232713,-6.443697499232713,-6.443697499232713,-6.443697499232713,-6.443697499232713,-6.443697499232713,-6.443697499232713,-6.443697499232713,-6.443697499232713,-6.443697499232713,-6.443697499232713,-6.443697499232713
-5.820812759556126,-6.299430729353776,-6.197141944386615,-6.2508764113662005,-6.206413095224353,-6.211061467533582,-6.240355047544263,-5.8965933187373345,-6.166148201253462,-6.154240957592011,-6.219136818636054,-6.203863188431034,-5.988579573527253,-6.1141352314277775,-6.173482372982637,-6.196914761939253,-6.209835608586424,-6.162092622816556,-6.143836705549549,-6.155150521035555,-6.3872161432802645,-6.3872161432802645,-6.3872161432802645,-6.3872161432802645,-6.3872161432802645,-6.3872161432802645,-6.3872161432802645,-6.3872161432802645,-6.3872161432802645,-6.3872161432802645,-6.3872161432802645,-6.3872161432802645,-6.3872161432802645,-6.3872161432802645,-6.3872161432802645,-6.3872161432802645,-6.3872161432802645,-6.3872161432802645,-6.3872161432802645,-6.3872161432802645
-5.938846362376049,-6.546517086198259,-6.451429202562125,-6.51641156624633,-6.424931764916613,-6.429339010607488,-6.4517179015687995,-6.154761498780887,-6.503578040880889,-6.3933221519337105,-6.443708466655184,-6.441199088811711,-6.1786583690980015,-6.391181176423551,-6.416781783331099,-6.427703472542868,-6.427205170154409,-6.39819449331851,-6.378606283355442,-6.437483614687948,-5.552841968657781,-5.552841968657781,-5.552841968657781,-5.552841968657781,-5.552841968657781,-5.552841968657781,-5.552841968657781,-5.552841968657781,-5.552841968657781,-5.552841968657781,-5.552841968657781,-5.552841968657781,-5.552841968657781,-5.552841968657781,-5.552841968657781,-5.552841968657781,-5.552841968657781,-5.552841968657781,-5.552841968657781,-5.552841968657781
-6.048653774511815,-6.49579247071242,-6.439447620186825,-6.504029307605123,-6.407948438339521,-6.407916368480419,-6.4354040265932015,-6.234887255640745,-6.505552477302906,-6.403722177600963,-6.457225012372763,-6.430405308661512,-6.159616565730321,-6.385471917050438,-6.387181321832401,-6.446196254254295,-6.415340381232578,-6.380849345357087,-6.392639755628271,-6.467663407543392,-5.508638306165727,-5.508638306165727,-5.508638306165727,-5.508638306165727,-5.508638306165727,-5.508638306165727,-5.508638306165727,-5.508638306165727,-5.508638306165727,-5.508638306165727,-5.508638306165727,-5.508638306165727,-5.508638306165727,-5.508638306165727,-5.508638306165727,-5.508638306165727,-5.508638306165727,-5.508638306165727,-5.508638306165727,-5.508638306165727
-6.102537198849133,-6.13237798794012,-6.313797502582172,-6.04391607311738,-6.196511373888121,-6.119450998456931,-6.174304042930473,-6.147892945088276,-6.11877980363279,-6.075749721357387,-6.050892312391556,-6.114810646966664,-6.078208960597189,-6.3669675429198,-6.325445008108249,-6.079554077955559,-6.210502182573426,-6.327606192444159,-6.29741977045305,-6.117060247206197,-5.585026652029182,-5.585026652029182,-5.585026652029182,-5.585026652029182,-5.585026652029182,-5.585026652029182,-5.585026652029182,-5.585026652029182,-5.585026652029182,-5.585026652029182,-5.585026652029182,-5.585026652029182,-5.585026652029182,-5.585026652029182,-5.585026652029182,-5.585026652029182,-5.585026652029182,-5.585026652029182,-5.585026652029182,-5.585026652029182
-5.376424169868987,-5.368233067845807,-5.297618514942804,-5.3096763863243,-5.365216276902185,-5.372653879046465,-5.352218497519744,-5.292949115225048,-5.381428167685265,-5.511318790592851,-5.5814101758113175,-5.397022779064048,-5.510010119937134,-5.254008667055554,-5.484695923384728,-5.351482873376018,-5.451749626232607,-5.290208572475277,-5.433920534101511,-5.390931636544952,-6.2441251443275085,-6.2441251443275085,-6.2441251443275085,-6.2441251443275085,-6.2441251443275085,-6.2441251443275085,-6.2441251443275085,-6.2441251443275085,-6.2441251443275085,-6.2441251443275085,-6.2441251443275085,-6.2441251443275085,-6.2441251443275085,-6.2441251443275085,-6.2441251443275085,-6.2441251443275085,-6.2441251443275085,-6.2441251443275085,-6.2441251443275085,-6.2441251443275085
-5.810448785162767,-5.891809247128848,-5.958895563870265,-5.887235647641135,-5.954821332646699,-5.955147096008112,-5.950294907230613,-5.845684844247455,-5.950835351554982,-5.998871356552235,-6.001059170815709,-5.967715715955595,-6.041371025714123,-5.969829625254888,-5.937769880778644,-5.974320865379316,-6.007798589439168,-5.95259025058545,-6.041839688043264,-5.990170354807831,-6.080921907623926,-6.080921907623926,-6.080921907623926,-6.080921907623926,-6.080921907623926,-6.080921907623926,-6.080921907623926,-6.080921907623926,-6.080921907623926,-6.080921907623926,-6.080921907623926,-6.080921907623926,-6.080921907623926,-6.080921907623926,-6.080921907623926,-6.080921907623926,-6.080921907623926,-6.080921907623926,-6.080921907623926,-6.080921907623926
-6.137275033126155,-6.154957332535119,-6.103004802497186,-6.133581268658612,-6.07507910288035,-6.0894039181667585,-6.090520409639679,-6.121420290861969,-6.126664166951554,-6.121593434134763,-6.120487335016633,-6.114893031434316,-6.139390950759007,-6.087456341579965,-6.107320696814677,-6.1073439398240845,-6.097802844306733,-6.107366928195429,-6.095169238196544,-6.092216753893887,-6.2076083105017466,-6.2076083105017466,-6.2076083105017466,-6.2076083105017466,-6.2076083105017466,-6.2076083105017466,-6.2076083105017466,-6.2076083105017466,-6.2076083105017466,-6.2076083105017466,-6.2076083105017466,-6.2076083105017466,-6.2076083105017466,-6.2076083105017466,-6.2076083105017466,-6.2076083105017466,-6.2076083105017466,-6.2076083105017466,-6.2076083105017466,-6.2076083105017466
-6.052253283981583,-5.904767893979657,-5.861432047132848,-5.963667830804498,-5.865491455750543,-5.793224023913322,-5.876481633209609,-6.002262933935664,-5.807154269177911,-5.989909917996961,-5.9580507095491795,-5.8476364397849,-5.965422385703118,-5.894339890267451,-5.92631904096408,-6.014048014527759,-5.952865256065328,-5.935134193977097,-5.937963525195222,-5.910721681315146,-6.3872161432802645,-6.3872161432802645,-6.3872161432802645,-6.3872161432802645,-6.3872161432802645,-6.3872161432802645,-6.3872161432802645,-6.3872161432802645,-6.3872161432802645,-6.3872161432802645,-6.3872161432802645,-6.3872161432802645,-6.3872161432802645,-6.3872161432802645,-6.3872161432802645,-6.3872161432802645,-6.3872161432802645,-6.3872161432802645,-6.3872161432802645,-6.3872161432802645
-5.781140514284744,-5.801992796261439,-5.778697274152875,-5.776531994027933,-5.78084792857786,-5.817666713535957,-5.747549209624023,-5.75815585560433,-5.830787468373754,-5.821210478054589,-5.837315968009102,-5.811577903243947,-5.8118205702651204,-5.733420343815999,-5.786787362852833,-5.768365900479051,-5.76451697170084,-5.767114368012008,-5.769119742724728,-5.804369740775904,-4.958607314841775,-4.958607314841775,-4.958607314841775,-4.958607314841775,-4.958607314841775,-4.958607314841775,-4.958607314841775,-4.958607314841775,-4.958607314841775,-4.958607314841775,-4.958607314841775,-4.958607314841775,-4.958607314841775,-4.958607314841775,-4.958607314841775,-4.958607314841775,-4.958607314841775,-4.958607314841775,-4.958607314841775,-4.958607314841775
-5.652046151079664,-5.61523265019625,-5.570838113924356,-5.525892371241131,-5.511870577824909,-5.596602492017134,-5.503169778648961,-5.556964384303012,-5.586022426319753,-5.578903845157545,-5.568543214966587,-5.604139683732191,-5.5305219542663195,-5.536601756101803,-5.6253034960278505,-5.492037813227141,-5.477766815145799,-5.5822135686238195,-5.4606228081253265,-5.519591277024324,-5.42021640338319,-5.42021640338319,-5.42021640338319,-5.42021640338319,-5.42021640338319,-5.42021640338319,-5.42021640338319,-5.42021640338319,-5.42021640338319,-5.42021640338319,-5.42021640338319,-5.42021640338319,-5.42021640338319,-5.42021640338319,-5.42021640338319,-5.42021640338319,-5.42021640338319,-5.42021640338319,-5.42021640338319,-5.42021640338319
-5.768694398442503,-5.749181071044699,-5.700287611234947,-5.713885626993827,-5.692699242818019,-5.760515630356902,-5.672897746423232,-5.71289429799577,-5.766910264683061,-5.741194868918655,-5.7516477898497,-5.754666290524398,-5.747780763901629,-5.647647772047379,-5.720934732922855,-5.686783119206458,-5.65766296444382,-5.674640492387435,-5.659082810616364,-5.72829901568095,-5.698970004336019,-5.698970004336019,-5.698970004336019,-5.698970004336019,-5.698970004336019,-5.698970004336019,-5.698970004336019,-5.698970004336019,-5.698970004336019,-5.698970004336019,-5.698970004336019,-5.698970004336019,-5.698970004336019,-5.698970004336019,-5.698970004336019,-5.698970004336019,-5.698970004336019,-5.698970004336019,-5.698970004336019,-5.698970004336019
-5.392321285970816,-5.478033658450755,-5.357768058521538,-5.42624531746184,-5.36495369315821,-5.396318729087514,-5.295295887285824,-5.42222371770815,-5.476408449778768,-5.346908921429308,-5.395190197809293,-5.361731355537325,-5.349389499180359,-5.328683744533657,-5.359756034798126,-5.346249756384145,-5.308969224737785,-5.377575334077124,-5.190891497875377,-5.349695821221965,-6.040958607678906,-6.040958607678906,-6.040958607678906,-6.040958607678906,-6.040958607678906,-6.040958607678906,-6.040958607678906,-6.040958607678906,-6.040958607678906,-6.040958607678906,-6.040958607678906,-6.040958607678906,-6.040958607678906,-6.040958607678906,-6.040958607678906,-6.040958607678906,-6.040958607678906,-6.040958607678906,-6.040958607678906,-6.040958607678906
-5.745730145815254,-5.764036716845064,-5.730233634618785,-5.745141317907134,-5.7336637784357105,-5.780977927364987,-5.691849828194403,-5.709812003486196,-5.786953628578776,-5.804682090783902,-5.817121441307193,-5.776187672879554,-5.7784103814604695,-5.684263090181869,-5.749002924233317,-5.7522755708663995,-5.723734865534751,-5.738641948345888,-5.732929622526754,-5.777014135812523,-5.6020599913279625,-5.6020599913279625,-5.6020599913279625,-5.6020599913279625,-5.6020599913279625,-5.6020599913279625,-5.6020599913279625,-5.6020599913279625,-5.6020599913279625,-5.6020599913279625,-5.6020599913279625,-5.6020599913279625,-5.6020599913279625,-5.6020599913279625,-5.6020599913279625,-5.6020599913279625,-5.6020599913279625,-5.6020599913279625,-5.6020599913279625,-5.6020599913279625
-5.237357997625369,-5.236195970876806,-5.1173004247722345,-5.078687591040392,-5.032125818162216,-5.179767288646253,-4.999254497448225,-5.126173290182907,-5.187212060652372,-5.1798805289946594,-5.02116642647051,-5.188744831321617,-4.978980303072702,-5.018700372182236,-5.080509085443031,-4.924073792978298,-4.830534848383301,-5.017330801518412,-5.090613141006972,-5.0099795290382305,-6.0,-6.0,-6.0,-6.0,-6.0,-6.0,-6.0,-6.0,-6.0,-6.0,-6.0,-6.0,-6.0,-6.0,-6.0,-6.0,-6.0,-6.0,-6.0,-6.0
-5.604834666468769,-5.605217545897965,-5.695400658904363,-5.575872834220777,-5.647302454550435,-5.608217336379254,-5.626472723950729,-5.607209503435943,-5.628820227418494,-5.165130926410449,-5.643137799323265,-5.624242295594369,-5.596408382236974,-5.7035101885442785,-5.653678700258169,-5.602967232847879,-5.6354570626113105,-5.691630866782854,-5.260528986254616,-5.60528486697867,-5.4089353929735005,-5.4089353929735005,-5.4089353929735005,-5.4089353929735005,-5.4089353929735005,-5.4089353929735005,-5.4089353929735005,-5.4089353929735005,-5.4089353929735005,-5.4089353929735005,-5.4089353929735005,-5.4089353929735005,-5.4089353929735005,-5.4089353929735005,-5.4089353929735005,-5.4089353929735005,-5.4089353929735005,-5.4089353929735005,-5.4089353929735005,-5.4089353929735005
-5.265496679396634,-5.3643599174168255,-5.32912149577437,-5.2978409391320325,-5.326736037677729,-5.319591999418948,-5.226655167032886,-5.286839989778699,-5.340972034122823,-4.99123665399613,-5.311800011968479,-5.316750467340565,-5.236401906149387,-5.324303639627497,-5.303338800323092,-5.286734174373367,-5.27513881239741,-5.350017469034304,-5.1977434710942765,-5.283212491011614,-5.698970004336019,-5.698970004336019,-5.698970004336019,-5.698970004336019,-5.698970004336019,-5.698970004336019,-5.698970004336019,-5.698970004336019,-5.698970004336019,-5.698970004336019,-5.698970004336019,-5.698970004336019,-5.698970004336019,-5.698970004336019,-5.698970004336019,-5.698970004336019,-5.698970004336019,-5.698970004336019,-5.698970004336019,-5.698970004336019
-4.994398866565228,-5.033389186883782,-5.022646260290721,-4.789815738456065,-4.8680329883337485,-5.091192063999876,-4.912567730915041,-4.863171275164149,-4.949222354379919,-5.121303050970424,-4.837225207837572,-5.0671946632520575,-4.927370489345355,-5.044913940637186,-5.1048661967121465,-4.790875864198228,-4.813770745406795,-4.983130861041341,-5.061289068670479,-4.83725596213082,-4.853871964321762,-4.853871964321762,-4.853871964321762,-4.853871964321762,-4.853871964321762,-4.853871964321762,-4.853871964321762,-4.853871964321762,-4.853871964321762,-4.853871964321762,-4.853871964321762,-4.853871964321762,-4.853871964321762,-4.853871964321762,-4.853871964321762,-4.853871964321762,-4.853871964321762,-4.853871964321762,-4.853871964321762,-4.853871964321762
-5.195622017948097,-5.224783479009744,-5.180371684702959,-5.068778179075493,-5.089243927466025,-5.2204089410516294,-5.072341944220834,-5.120624878689108,-5.1766278275406075,-5.122746156634718,-5.061514925786395,-5.207230547576192,-5.106177585831569,-5.194952198365854,-5.215938014794284,-5.036070370119085,-5.027390056447315,-5.1459932996848075,-5.108704841809848,-5.067983308393097,-6.00436480540245,-6.00436480540245,-6.00436480540245,-6.00436480540245,-6.00436480540245,-6.00436480540245,-6.00436480540245,-6.00436480540245,-6.00436480540245,-6.00436480540245,-6.00436480540245,-6.00436480540245,-6.00436480540245,-6.00436480540245,-6.00436480540245,-6.00436480540245,-6.00436480540245,-6.00436480540245,-6.00436480540245,-6.00436480540245
-5.3761879135738395,-5.3574329761152475,-5.254284552544584,-5.242860831613383,-5.174418761252428,-5.302276423164347,-5.15457965233426,-5.280600117008969,-5.349849513104875,-5.275489015422999,-5.172785887734714,-5.32264124863613,-5.173495524406728,-5.183551727409139,-5.200830436265615,-5.113290376287958,-5.003978180909102,-5.164276199748555,-5.138959818949737,-5.1836101545709505,-5.443697499232713,-5.443697499232713,-5.443697499232713,-5.443697499232713,-5.443697499232713,-5.443697499232713,-5.443697499232713,-5.443697499232713,-5.443697499232713,-5.443697499232713,-5.443697499232713,-5.443697499232713,-5.443697499232713,-5.443697499232713,-5.443697499232713,-5.443697499232713,-5.443697499232713,-5.443697499232713,-5.443697499232713,-5.443697499232713
-5.0077548583611655,-5.07285045274003,-5.017259001617906,-4.741705841427748,-4.733617828576507,-4.952696482186781,-4.781021352656728,-4.841602501952441,-4.888756684031814,-4.984950292549155,-4.65517037347091,-5.002776009317049,-4.547715446730726,-4.983950333030804,-4.982300102927829,-4.639261076021124,-4.508835705404561,-5.024030151062791,-4.8859924753979005,-4.682609338763614,-6.0,-6.0,-6.0,-6.0,-6.0,-6.0,-6.0,-6.0,-6.0,-6.0,-6.0,-6.0,-6.0,-6.0,-6.0,-6.0,-6.0,-6.0,-6.0,-6.0
-5.1444224605420645,-5.122680621543299,-4.961455203275782,-4.91797617032691,-4.776668547756069,-5.001568293711636,-4.791778343980759,-4.992223958216753,-5.076739501805178,-5.138394001618789,-4.755965160319187,-5.039939986578366,-4.7637606886740835,-4.911203385055179,-4.910655033957178,-4.753372018076207,-4.548514247323642,-4.889769017378325,-4.873976653471942,-4.8306981864162655,-5.494850021680094,-5.494850021680094,-5.494850021680094,-5.494850021680094,-5.494850021680094,-5.494850021680094,-5.494850021680094,-5.494850021680094,-5.494850021680094,-5.494850021680094,-5.494850021680094,-5.494850021680094,-5.494850021680094,-5.494850021680094,-5.494850021680094,-5.494850021680094,-5.494850021680094,-5.494850021680094,-5.494850021680094,-5.494850021680094
-5.596052266328976,-5.565375930557994,-5.514414232796271,-5.547808076112767,-5.504360731372535,-5.525528586356263,-5.4607325512502785,-5.5517846620446,-5.614176397155704,-5.258054738518973,-5.520502783785939,-5.5627475757218825,-5.510075498930479,-5.452577715348216,-5.4232473868013065,-5.465997712369829,-5.368172901388632,-5.4292561915706825,-5.22578252496082,-5.51855051880431,-6.091514981121351,-6.091514981121351,-6.091514981121351,-6.091514981121351,-6.091514981121351,-6.091514981121351,-6.091514981121351,-6.091514981121351,-6.091514981121351,-6.091514981121351,-6.091514981121351,-6.091514981121351,-6.091514981121351,-6.091514981121351,-6.091514981121351,-6.091514981121351,-6.091514981121351,-6.091514981121351,-6.091514981121351,-6.091514981121351
-5.312288524776415,-5.442076783014572,-5.3868640747237,-5.363239983962508,-5.343321010400629,-5.367003110641354,-5.282378258883601,-5.335687359303181,-5.4083204928579836,-4.993114426232778,-5.3584527819066095,-5.3835264115099735,-5.2786587897699775,-5.393735760914013,-5.345324992668281,-5.368371048915802,-5.294405403809028,-5.447503806487207,-5.240145524220751,-5.338045839612993,-5.3979400086720375,-5.3979400086720375,-5.3979400086720375,-5.3979400086720375,-5.3979400086720375,-5.3979400086720375,-5.3979400086720375,-5.3979400086720375,-5.3979400086720375,-5.3979400086720375,-5.3979400086720375,-5.3979400086720375,-5.3979400086720375,-5.3979400086720375,-5.3979400086720375,-5.3979400086720375,-5.3979400086720375,-5.3979400086720375,-5.3979400086720375,-5.3979400086720375
-5.3639350161911645,-5.346904541514503,-5.256808200200485,-5.225184117135572,-5.172568897499696,-5.306934565577682,-5.162002891418609,-5.264302554614561,-5.333714711491055,-5.276142581841892,-5.171572173310053,-5.323978102819604,-5.182827352591812,-5.189823866203141,-5.212943308932451,-5.108598445692848,-5.012121722627293,-5.165446423005659,-5.146659647763068,-5.1784652333987,-5.769551078621726,-5.769551078621726,-5.769551078621726,-5.769551078621726,-5.769551078621726,-5.769551078621726,-5.769551078621726,-5.769551078621726,-5.769551078621726,-5.769551078621726,-5.769551078621726,-5.769551078621726,-5.769551078621726,-5.769551078621726,-5.769551078621726,-5.769551078621726,-5.769551078621726,-5.769551078621726,-5.769551078621726,-5.769551078621726
-5.673197688697439,-5.629758700313405,-5.588738608859279,-5.60156316533153,-5.580023321712166,-5.580612590459503,-5.539462642963343,-5.6302400546772065,-5.651949131097925,-5.306058299591266,-5.575788653905478,-5.614753835078684,-5.548024426239223,-5.537397909955518,-5.515144644122233,-5.514985200024222,-5.45397624439742,-5.521687399370288,-5.291797872831158,-5.554889567190062,-6.096910013008056,-6.096910013008056,-6.096910013008056,-6.096910013008056,-6.096910013008056,-6.096910013008056,-6.096910013008056,-6.096910013008056,-6.096910013008056,-6.096910013008056,-6.096910013008056,-6.096910013008056,-6.096910013008056,-6.096910013008056,-6.096910013008056,-6.096910013008056,-6.096910013008056,-6.096910013008056,-6.096910013008056,-6.096910013008056
-5.874882042662876,-5.966446852921499,-6.209038555921182,-5.72157906332372,-5.955992377198019,-6.088162216314299,-6.045618916445678,-5.853514278734684,-5.890305744237911,-5.935358743660846,-5.89596423580697,-6.060997693952901,-5.946823846280268,-6.280591736327863,-6.341786097467426,-5.826819798716003,-6.062314252952511,-6.235657952413052,-6.2692669241522,-5.8858865686208555,-5.795880017344075,-5.795880017344075,-5.795880017344075,-5.795880017344075,-5.795880017344075,-5.795880017344075,-5.795880017344075,-5.795880017344075,-5.795880017344075,-5.795880017344075,-5.795880017344075,-5.795880017344075,-5.795880017344075,-5.795880017344075,-5.795880017344075,-5.795880017344075,-5.795880017344075,-5.795880017344075,-5.795880017344075,-5.795880017344075
-5.435478575441204,-5.334315206633934,-5.281884781899545,-5.287881375177639,-5.335318779852188,-5.319996185508786,-5.297525637176887,-5.340172372279497,-5.302496645764518,-5.425186334679524,-5.455475577317932,-5.302649447306881,-5.4495289599053045,-5.316340495813293,-5.49984028999821,-5.35020092258681,-5.45370637319006,-5.353366157664119,-5.468631232915858,-5.339041415574175,-5.886056647693163,-5.886056647693163,-5.886056647693163,-5.886056647693163,-5.886056647693163,-5.886056647693163,-5.886056647693163,-5.886056647693163,-5.886056647693163,-5.886056647693163,-5.886056647693163,-5.886056647693163,-5.886056647693163,-5.886056647693163,-5.886056647693163,-5.886056647693163,-5.886056647693163,-5.886056647693163,-5.886056647693163,-5.886056647693163
-5.377224301735201,-5.466968544732865,-5.725958326300315,-5.225117887056274,-5.4513967026924535,-5.615487334511387,-5.6748833603098445,-5.31922815546594,-5.336617145209935,-5.4493532323734355,-5.3874520827617856,-5.606049207560906,-5.502202811817852,-5.768547887929818,-5.7624492655255155,-5.415634340398556,-5.509501326131551,-5.674777840911912,-5.645298772137051,-5.395002605431241,-5.698970004336019,-5.698970004336019,-5.698970004336019,-5.698970004336019,-5.698970004336019,-5.698970004336019,-5.698970004336019,-5.698970004336019,-5.698970004336019,-5.698970004336019,-5.698970004336019,-5.698970004336019,-5.698970004336019,-5.698970004336019,-5.698970004336019,-5.698970004336019,-5.698970004336019,-5.698970004336019,-5.698970004336019,-5.698970004336019
-5.470718264850424,-5.41704858801753,-5.588284346934227,-5.319812860265572,-5.422697587080178,-5.491051796440634,-5.530014413724486,-5.42722611514639,-5.352700818824666,-5.339816495093182,-5.309471872203765,-5.458605179736325,-5.3923716919839855,-5.551019847623738,-5.523838081407391,-5.364985832623629,-5.379598664049146,-5.498486969521645,-5.435665928415076,-5.343619630616091,-5.113509274827519,-5.113509274827519,-5.113509274827519,-5.113509274827519,-5.113509274827519,-5.113509274827519,-5.113509274827519,-5.113509274827519,-5.113509274827519,-5.113509274827519,-5.113509274827519,-5.113509274827519,-5.113509274827519,-5.113509274827519,-5.113509274827519,-5.113509274827519,-5.113509274827519,-5.113509274827519,-5.113509274827519,-5.113509274827519
-5.374193909206603,-5.324865496568829,-5.4827182520927416,-5.216488656052385,-5.325780972050509,-5.419296573985157,-5.43142236650474,-5.323926775357195,-5.266622043126422,-5.2423121233233365,-5.210167037606678,-5.375135019863044,-5.318399400956834,-5.44257383083322,-5.430492835954003,-5.260137716488411,-5.288937451700016,-5.385863812259094,-5.327947707265701,-5.240518632450148,-4.455931955649724,-4.455931955649724,-4.455931955649724,-4.455931955649724,-4.455931955649724,-4.455931955649724,-4.455931955649724,-4.455931955649724,-4.455931955649724,-4.455931955649724,-4.455931955649724,-4.455931955649724,-4.455931955649724,-4.455931955649724,-4.455931955649724,-4.455931955649724,-4.455931955649724,-4.455931955649724,-4.455931955649724,-4.455931955649724
-5.311994576876286,-5.14857886449932,-5.145588917716596,-5.061118540489413,-5.118325751143146,-5.160289228411103,-5.054130025561563,-5.182938446053827,-5.070353979606933,-5.049251071202286,-5.0619682814034626,-5.063362056228672,-4.977082449046715,-5.07615612362185,-5.2440199177418645,-5.0064681061560385,-5.037548641469129,-5.154226532098877,-5.1051766061402395,-5.015594115936291,-5.619788758288394,-5.619788758288394,-5.619788758288394,-5.619788758288394,-5.619788758288394,-5.619788758288394,-5.619788758288394,-5.619788758288394,-5.619788758288394,-5.619788758288394,-5.619788758288394,-5.619788758288394,-5.619788758288394,-5.619788758288394,-5.619788758288394,-5.619788758288394,-5.619788758288394,-5.619788758288394,-5.619788758288394,-5.619788758288394
-5.518834667781725,-5.527691763134023,-5.673867819663134,-5.338403974574732,-5.47187418255943,-5.6373742921788725,-5.630265677664178,-5.43499739114269,-5.391817464075299,-5.466709439878813,-5.42457623049257,-5.569699291464609,-5.502793872502847,-5.664644895864149,-5.7586437255612966,-5.473804343698658,-5.516621570477755,-5.63610540139912,-5.67246276436472,-5.445504598194912,-5.920818753952375,-5.920818753952375,-5.920818753952375,-5.920818753952375,-5.920818753952375,-5.920818753952375,-5.920818753952375,-5.920818753952375,-5.920818753952375,-5.920818753952375,-5.920818753952375,-5.920818753952375,-5.920818753952375,-5.920818753952375,-5.920818753952375,-5.920818753952375,-5.920818753952375,-5.920818753952375,-5.920818753952375,-5.920818753952375
-5.358983205991327,-5.31980906836585,-5.463624790144434,-5.202063296228494,-5.2850295142825905,-5.389296007898054,-5.391292666710605,-5.312864311777576,-5.237320866321248,-5.1838673237291255,-5.150034159912536,-5.338539083409621,-5.237179880267684,-5.392817328456147,-5.382127879832691,-5.2214404132067616,-5.21603068874115,-5.354148545149596,-5.215061255635044,-5.199639504298029,-6.096910013008056,-6.096910013008056,-6.096910013008056,-6.096910013008056,-6.096910013008056,-6.096910013008056,-6.096910013008056,-6.096910013008056,-6.096910013008056,-6.096910013008056,-6.096910013008056,-6.096910013008056,-6.096910013008056,-6.096910013008056,-6.096910013008056,-6.096910013008056,-6.096910013008056,-6.096910013008056,-6.096910013008056,-6.096910013008056
-5.162418993626012,-5.247328891286807,-5.506269957338903,-4.791089033897513,-5.102211077335603,-5.408927453207362,-5.41802180925959,-5.017274002220926,-4.889061429915167,-4.9774302453154915,-4.893451180679771,-5.322761579737902,-5.021990046047895,-5.520958466083025,-5.634454270473352,-4.9375487976093195,-5.098503335814983,-5.450945020875324,-5.24428058176951,-4.909395161018306,-5.638272163982407,-5.638272163982407,-5.638272163982407,-5.638272163982407,-5.638272163982407,-5.638272163982407,-5.638272163982407,-5.638272163982407,-5.638272163982407,-5.638272163982407,-5.638272163982407,-5.638272163982407,-5.638272163982407,-5.638272163982407,-5.638272163982407,-5.638272163982407,-5.638272163982407,-5.638272163982407,-5.638272163982407,-5.638272163982407
-5.301717422597105,-5.34288965850282,-5.4508417826044635,-5.167231660672054,-5.247797567160166,-5.39814520217454,-5.35463355921333,-5.252204111423145,-5.2452228063645325,-5.198240199088316,-5.145899119268594,-5.362377311398112,-5.196800501830858,-5.384765242919633,-5.393990439878635,-5.19177371610791,-5.1879348420276825,-5.366681455299375,-5.134137908777858,-5.1806678311354295,-5.6777807052660805,-5.6777807052660805,-5.6777807052660805,-5.6777807052660805,-5.6777807052660805,-5.6777807052660805,-5.6777807052660805,-5.6777807052660805,-5.6777807052660805,-5.6777807052660805,-5.6777807052660805,-5.6777807052660805,-5.6777807052660805,-5.6777807052660805,-5.6777807052660805,-5.6777807052660805,-5.6777807052660805,-5.6777807052660805,-5.6777807052660805,-5.6777807052660805
-5.666899158308527,-5.618596163912073,-5.704841456528787,-5.5358839290417805,-5.629138423392947,-5.70283623112658,-5.698634074293789,-5.610258242772799,-5.59265153119786,-5.633446636812526,-5.633743736525252,-5.646642961315945,-5.686468182301367,-5.713182539888125,-5.7995654993589545,-5.619884281198298,-5.66815506292969,-5.669053943397962,-5.849378342446056,-5.626693496608202,-5.958607314841775,-5.958607314841775,-5.958607314841775,-5.958607314841775,-5.958607314841775,-5.958607314841775,-5.958607314841775,-5.958607314841775,-5.958607314841775,-5.958607314841775,-5.958607314841775,-5.958607314841775,-5.958607314841775,-5.958607314841775,-5.958607314841775,-5.958607314841775,-5.958607314841775,-5.958607314841775,-5.958607314841775,-5.958607314841775
-5.199464930331951,-5.078728995999655,-5.1696484198801125,-4.83687668286142,-5.025598657012072,-5.158944412499743,-5.092847007742757,-5.001966248611347,-4.886161484206477,-5.019911376389566,-4.97232852633548,-5.107305358831381,-4.962042560578366,-5.202561307743287,-5.373255105369961,-4.902117723619744,-5.023898980833898,-5.24188214623382,-5.128377901694836,-4.898335060037811,-5.958607314841775,-5.958607314841775,-5.958607314841775,-5.958607314841775,-5.958607314841775,-5.958607314841775,-5.958607314841775,-5.958607314841775,-5.958607314841775,-5.958607314841775,-5.958607314841775,-5.958607314841775,-5.958607314841775,-5.958607314841775,-5.958607314841775,-5.958607314841775,-5.958607314841775,-5.958607314841775,-5.958607314841775,-5.958607314841775
-6.3257348236297695,-6.364682500967672,-6.156423136789544,-6.411188548122149,-6.143302464422241,-6.402843017417585,-6.179323291532041,-6.21269399630367,-6.513241134619745,-6.461526495650862,-6.453612234126169,-6.4333097825652965,-6.4511232841043356,-6.0090093321921625,-6.177053343167218,-6.409848580580153,-6.184507978669527,-6.175047042309995,-6.166789299273981,-6.464184804156828,-5.886056647693163,-5.886056647693163,-5.886056647693163,-5.886056647693163,-5.886056647693163,-5.886056647693163,-5.886056647693163,-5.886056647693163,-5.886056647693163,-5.886056647693163,-5.886056647693163,-5.886056647693163,-5.886056647693163,-5.886056647693163,-5.886056647693163,-5.886056647693163,-5.886056647693163,-5.886056647693163,-5.886056647693163,-5.886056647693163
-6.3653337625122735,-6.431122208112331,-6.340355940458022,-6.419160765975278,-6.33859879370553,-6.3048409411511015,-6.325556224798831,-6.39062021420173,-6.348423925575769,-6.293965985745509,-6.320717546883598,-6.313730063142871,-6.2930839654839055,-6.291562813680146,-6.280854661631673,-6.314258384251306,-6.311507129716368,-6.303455587694423,-6.224849245865733,-6.295270404607127,-6.167491087293763,-6.167491087293763,-6.167491087293763,-6.167491087293763,-6.167491087293763,-6.167491087293763,-6.167491087293763,-6.167491087293763,-6.167491087293763,-6.167491087293763,-6.167491087293763,-6.167491087293763,-6.167491087293763,-6.167491087293763,-6.167491087293763,-6.167491087293763,-6.167491087293763,-6.167491087293763,-6.167491087293763,-6.167491087293763
-5.702999144212263,-5.757639237498585,-5.645567928338449,-5.799550770526526,-5.668950769036746,-5.703664683228307,-5.669709839478755,-5.754862283940308,-5.804910239429227,-5.633875661040441,-5.737680654574679,-5.622758373993757,-5.870862141297085,-5.66955385901503,-5.6460520490986115,-5.786107144229537,-5.747697052486021,-5.669297818720748,-5.709332640607539,-5.71305407405879,-5.795880017344075,-5.795880017344075,-5.795880017344075,-5.795880017344075,-5.795880017344075,-5.795880017344075,-5.795880017344075,-5.795880017344075,-5.795880017344075,-5.795880017344075,-5.795880017344075,-5.795880017344075,-5.795880017344075,-5.795880017344075,-5.795880017344075,-5.795880017344075,-5.795880017344075,-5.795880017344075,-5.795880017344075,-5.795880017344075
-6.147843548705039,-5.9611548098586695,-5.913031916904438,-6.0621884110980755,-5.933708303148593,-5.832068942570538,-5.94066158043205,-6.101353000805694,-5.8095524779444805,-6.075639409095186,-6.013301186601036,-5.890191057990315,-6.018327401275703,-5.947105990797217,-5.9611262918273455,-6.146769842164776,-6.026970403946302,-6.026712766126811,-5.9959190109031795,-5.990890489252569,-6.0655015487564325,-6.0655015487564325,-6.0655015487564325,-6.0655015487564325,-6.0655015487564325,-6.0655015487564325,-6.0655015487564325,-6.0655015487564325,-6.0655015487564325,-6.0655015487564325,-6.0655015487564325,-6.0655015487564325,-6.0655015487564325,-6.0655015487564325,-6.0655015487564325,-6.0655015487564325,-6.0655015487564325,-6.0655015487564325,-6.0655015487564325,-6.0655015487564325
-5.652777274712908,-5.716347127783484,-5.865579723641677,-5.703273807568025,-5.89242007834306,-5.781665489163957,-5.88367962832822,-5.713406721542061,-5.7522921071332025,-5.811162121952701,-5.834191658775654,-5.8109119141060885,-5.9559260326084935,-5.951328347205387,-5.8500338811688515,-5.808422030886691,-5.92631200219814,-5.796747256585029,-6.026842425691713,-5.836974501855191,-5.537602002101044,-5.537602002101044,-5.537602002101044,-5.537602002101044,-5.537602002101044,-5.537602002101044,-5.537602002101044,-5.537602002101044,-5.537602002101044,-5.537602002101044,-5.537602002101044,-5.537602002101044,-5.537602002101044,-5.537602002101044,-5.537602002101044,-5.537602002101044,-5.537602002101044,-5.537602002101044,-5.537602002101044,-5.537602002101044
-5.629279614531129,-5.593840998815358,-5.708202210349354,-5.637335844555433,-5.703595604106076,-5.602166154580039,-5.663639295932808,-5.649871814682769,-5.668971430292795,-5.715393396866418,-5.690163574712161,-5.65153462250122,-5.664150941886849,-5.710448035330077,-5.608409300551209,-5.6684929430343205,-5.683101033620546,-5.686118528815044,-5.698239646230481,-5.645822679029613,-6.236572006437063,-6.236572006437063,-6.236572006437063,-6.236572006437063,-6.236572006437063,-6.236572006437063,-6.236572006437063,-6.236572006437063,-6.236572006437063,-6.236572006437063,-6.236572006437063,-6.236572006437063,-6.236572006437063,-6.236572006437063,-6.236572006437063,-6.236572006437063,-6.236572006437063,-6.236572006437063,-6.236572006437063,-6.236572006437063
-5.712849617453118,-5.799287524302556,-5.980568833733091,-5.80876810478941,-5.98782422086634,-5.860378307399301,-5.98519018831543,-5.784141276601359,-5.837478978303082,-5.943863016841543,-5.958866007335285,-5.915075744817555,-6.038356165075475,-6.049396879678675,-5.9204916969111165,-5.9418036200914655,-6.025685346054456,-5.927182133790387,-6.12761027492276,-5.949078608081961,-6.070581074285707,-6.070581074285707,-6.070581074285707,-6.070581074285707,-6.070581074285707,-6.070581074285707,-6.070581074285707,-6.070581074285707,-6.070581074285707,-6.070581074285707,-6.070581074285707,-6.070581074285707,-6.070581074285707,-6.070581074285707,-6.070581074285707,-6.070581074285707,-6.070581074285707,-6.070581074285707,-6.070581074285707,-6.070581074285707
-5.526004884038086,-5.607600661063651,-5.545643856547906,-5.611472748944003,-5.610781162295053,-5.617490918096902,-5.593758901015795,-5.5701234884609905,-5.6433434371955435,-5.600889295943306,-5.6515129060028375,-5.636819338633821,-5.767105896139511,-5.532739415030981,-5.500265395365028,-5.601593964239574,-5.582324425352511,-5.448214523005351,-5.535118211758339,-5.604444574725877,-6.301029995663981,-6.301029995663981,-6.301029995663981,-6.301029995663981,-6.301029995663981,-6.301029995663981,-6.301029995663981,-6.301029995663981,-6.301029995663981,-6.301029995663981,-6.301029995663981,-6.301029995663981,-6.301029995663981,-6.301029995663981,-6.301029995663981,-6.301029995663981,-6.301029995663981,-6.301029995663981,-6.301029995663981,-6.301029995663981
-5.686544481837046,-5.812243028205618,-5.952101774542828,-5.789595105146068,-5.95869167716318,-5.850912494212522,-5.97043343825813,-5.756656783416147,-5.8182067646134605,-5.944422765279132,-5.937310966433081,-5.908051425489998,-6.017796761801868,-6.058170679950872,-5.924722937841286,-5.956436831077972,-6.001528911893007,-5.963922053813128,-6.0879626453205935,-5.9493272631800265,-6.173925197299174,-6.173925197299174,-6.173925197299174,-6.173925197299174,-6.173925197299174,-6.173925197299174,-6.173925197299174,-6.173925197299174,-6.173925197299174,-6.173925197299174,-6.173925197299174,-6.173925197299174,-6.173925197299174,-6.173925197299174,-6.173925197299174,-6.173925197299174,-6.173925197299174,-6.173925197299174,-6.173925197299174,-6.173925197299174
-6.011015524101474,-5.9521584551707125,-6.01238760562546,-5.999218672977767,-5.997733324127348,-5.895906090638839,-6.002358760453453,-6.026635370665425,-5.958409479164288,-6.033086929725723,-6.024800360709784,-5.96075822180716,-6.017150288385958,-6.030529983559577,-5.961897838074219,-6.018971195456801,-6.017154900438179,-6.006529381834306,-6.036409140863927,-5.98391611443973,-6.013228265733755,-6.013228265733755,-6.013228265733755,-6.013228265733755,-6.013228265733755,-6.013228265733755,-6.013228265733755,-6.013228265733755,-6.013228265733755,-6.013228265733755,-6.013228265733755,-6.013228265733755,-6.013228265733755,-6.013228265733755,-6.013228265733755,-6.013228265733755,-6.013228265733755,-6.013228265733755,-6.013228265733755,-6.013228265733755
-5.882410889501539,-5.964010440586,-5.996862416753635,-5.912182492121761,-5.9795773835297386,-5.954143121147715,-5.97087339464278,-5.912576210677273,-5.967853181370296,-5.944636103284376,-5.98108734648144,-5.963632197365834,-6.015195771259947,-6.025109180383657,-6.007768668423845,-5.920612578296311,-6.0087934650675905,-5.980361237550636,-6.047627702035096,-5.946841647891734,-5.823908740944319,-5.823908740944319,-5.823908740944319,-5.823908740944319,-5.823908740944319,-5.823908740944319,-5.823908740944319,-5.823908740944319,-5.823908740944319,-5.823908740944319,-5.823908740944319,-5.823908740944319,-5.823908740944319,-5.823908740944319,-5.823908740944319,-5.823908740944319,-5.823908740944319,-5.823908740944319,-5.823908740944319,-5.823908740944319
-5.920424196069496,-5.811909562821018,-5.863843288427224,-5.861197856256851,-5.860651299313169,-5.765788974725777,-5.856522420326256,-5.9047228016007045,-5.794131165237143,-5.917912113610029,-5.889848422761028,-5.8121214550262374,-5.895936629160173,-5.910318198741449,-5.868291297219733,-5.913947635325842,-5.913039422869593,-5.9090648097839455,-5.946936221764783,-5.850221124880445,-5.585026652029182,-5.585026652029182,-5.585026652029182,-5.585026652029182,-5.585026652029182,-5.585026652029182,-5.585026652029182,-5.585026652029182,-5.585026652029182,-5.585026652029182,-5.585026652029182,-5.585026652029182,-5.585026652029182,-5.585026652029182,-5.585026652029182,-5.585026652029182,-5.585026652029182,-5.585026652029182,-5.585026652029182,-5.585026652029182
-6.013510099686852,-6.093422081422734,-6.118729108987783,-6.052717108171247,-6.087736825346664,-6.056068937886211,-6.082435156721816,-6.051840124732572,-6.097209930245127,-6.050617549514468,-6.077400651085125,-6.078956597119156,-6.107056713542762,-6.136342978553674,-6.092012625293197,-6.037848420205087,-6.0990414699235345,-6.093712042751481,-6.1179341540524605,-6.06076233001355,-6.214670164989233,-6.214670164989233,-6.214670164989233,-6.214670164989233,-6.214670164989233,-6.214670164989233,-6.214670164989233,-6.214670164989233,-6.214670164989233,-6.214670164989233,-6.214670164989233,-6.214670164989233,-6.214670164989233,-6.214670164989233,-6.214670164989233,-6.214670164989233,-6.214670164989233,-6.214670164989233,-6.214670164989233,-6.214670164989233
-6.3284829306189625,-6.357546138637461,-6.315323160763315,-6.328866677331998,-6.322664589197927,-6.216183022722847,-6.297575424373435,-6.371528173872044,-6.29173778731265,-6.207493953387889,-6.241687876091383,-6.229180537970176,-6.271879901087438,-6.304087779592701,-6.290343906138218,-6.261159963134192,-6.315578022794765,-6.283884456126841,-6.288643376435348,-6.256026972335772,-6.301029995663981,-6.301029995663981,-6.301029995663981,-6.301029995663981,-6.301029995663981,-6.301029995663981,-6.301029995663981,-6.301029995663981,-6.301029995663981,-6.301029995663981,-6.301029995663981,-6.301029995663981,-6.301029995663981,-6.301029995663981,-6.301029995663981,-6.301029995663981,-6.301029995663981,-6.301029995663981,-6.301029995663981,-6.301029995663981
-6.259732013514265,-6.238753490431914,-6.163609583776049,-6.226553440771688,-6.14741037673806,-6.1416196510817205,-6.175629231293591,-6.2131273862061125,-6.172982728272576,-6.227239584451205,-6.2222412094940776,-6.185722503009938,-6.250906083835853,-6.150253439160213,-6.182119386851759,-6.2492017603028645,-6.189662414933949,-6.1839750698202565,-6.187866028681163,-6.19751971828428,-6.013228265733755,-6.013228265733755,-6.013228265733755,-6.013228265733755,-6.013228265733755,-6.013228265733755,-6.013228265733755,-6.013228265733755,-6.013228265733755,-6.013228265733755,-6.013228265733755,-6.013228265733755,-6.013228265733755,-6.013228265733755,-6.013228265733755,-6.013228265733755,-6.013228265733755,-6.013228265733755,-6.013228265733755,-6.013228265733755
-6.15730068000408,-6.053055187225414,-5.969594049463038,-6.096670488958908,-6.04989120246675,-6.087082421883059,-6.076435685673042,-6.126387100216925,-6.046807458955124,-6.125343655466006,-6.056998497412413,-6.023625019377962,-6.163006948293916,-6.038261405166693,-6.086765340786289,-6.210836926622206,-6.113323547259843,-6.070049084081922,-6.174318589643553,-6.18843242864839,-6.022276394711152,-6.022276394711152,-6.022276394711152,-6.022276394711152,-6.022276394711152,-6.022276394711152,-6.022276394711152,-6.022276394711152,-6.022276394711152,-6.022276394711152,-6.022276394711152,-6.022276394711152,-6.022276394711152,-6.022276394711152,-6.022276394711152,-6.022276394711152,-6.022276394711152,-6.022276394711152,-6.022276394711152,-6.022276394711152
-5.934302627596138,-5.945287412575652,-6.008241450415721,-5.944752534040957,-5.946076978207627,-6.00108440709592,-5.954671307881228,-5.916199730013675,-6.040243241992699,-6.0246060918029745,-6.016662310195382,-6.043898181395737,-6.057236517159677,-6.0032938645304785,-6.0022342272823135,-5.984928677233425,-5.9525044872006365,-5.987860646259919,-5.979149875314344,-6.0118357440858485,-6.075720713938118,-6.075720713938118,-6.075720713938118,-6.075720713938118,-6.075720713938118,-6.075720713938118,-6.075720713938118,-6.075720713938118,-6.075720713938118,-6.075720713938118,-6.075720713938118,-6.075720713938118,-6.075720713938118,-6.075720713938118,-6.075720713938118,-6.075720713938118,-6.075720713938118,-6.075720713938118,-6.075720713938118,-6.075720713938118
-5.719888321415501,-5.57382410684297,-5.627695575750237,-5.592942567764109,-5.64142783184023,-5.60246519768911,-5.6300928561042225,-5.627951261646382,-5.583961729495883,-5.755566803228221,-5.691878213803957,-5.618938294237873,-5.759157107011,-5.684284217026136,-5.692742245295924,-5.763340810547802,-5.726476721109427,-5.693706814912302,-5.77645652445222,-5.689760564828961,-6.468521082957745,-6.468521082957745,-6.468521082957745,-6.468521082957745,-6.468521082957745,-6.468521082957745,-6.468521082957745,-6.468521082957745,-6.468521082957745,-6.468521082957745,-6.468521082957745,-6.468521082957745,-6.468521082957745,-6.468521082957745,-6.468521082957745,-6.468521082957745,-6.468521082957745,-6.468521082957745,-6.468521082957745,-6.468521082957745
-5.545155859408416,-5.095547691950317,-5.490674510058346,-5.476100589692823,-5.524738541453511,-5.1935592610763015,-5.472615259636986,-5.522450580017309,-4.989554167971093,-5.468358119482831,-5.483098720727109,-4.997249027197142,-5.2574771139569725,-5.35448392217473,-5.479015893944119,-5.411230241402595,-5.443784158521554,-5.458691456097154,-5.374507005439103,-5.456791252818995,-4.920818753952375,-4.920818753952375,-4.920818753952375,-4.920818753952375,-4.920818753952375,-4.920818753952375,-4.920818753952375,-4.920818753952375,-4.920818753952375,-4.920818753952375,-4.920818753952375,-4.920818753952375,-4.920818753952375,-4.920818753952375,-4.920818753952375,-4.920818753952375,-4.920818753952375,-4.920818753952375,-4.920818753952375,-4.920818753952375
-5.8483116613108335,-5.110182653772279,-5.744666397546602,-5.782394318613623,-5.817751119280773,-5.4656375386872575,-5.8228436174545655,-5.821355799555871,-5.192569131580557,-5.868643074095733,-5.822159110544798,-5.0534424651545535,-5.183498889168599,-5.581571994636097,-5.780958373814677,-5.85192046136285,-5.85042920083109,-5.8374581781040815,-5.7097015196789975,-5.827807540727455,-5.958607314841775,-5.958607314841775,-5.958607314841775,-5.958607314841775,-5.958607314841775,-5.958607314841775,-5.958607314841775,-5.958607314841775,-5.958607314841775,-5.958607314841775,-5.958607314841775,-5.958607314841775,-5.958607314841775,-5.958607314841775,-5.958607314841775,-5.958607314841775,-5.958607314841775,-5.958607314841775,-5.958607314841775,-5.958607314841775
-5.640825504511681,-4.831669912082562,-5.695348393720925,-5.633969701265016,-5.72741550434682,-5.238096165226102,-5.734757846862136,-5.630521537532291,-4.856231600768532,-5.7334619846584305,-5.750027406589176,-4.981801134099768,-5.276021844703068,-5.551597703581215,-5.703806541208524,-5.655445046114391,-5.717542303510933,-5.6709029336442685,-5.641270355305176,-5.712486611695363,-5.769551078621726,-5.769551078621726,-5.769551078621726,-5.769551078621726,-5.769551078621726,-5.769551078621726,-5.769551078621726,-5.769551078621726,-5.769551078621726,-5.769551078621726,-5.769551078621726,-5.769551078621726,-5.769551078621726,-5.769551078621726,-5.769551078621726,-5.769551078621726,-5.769551078621726,-5.769551078621726,-5.769551078621726,-5.769551078621726
-5.819263452709347,-5.191828096410802,-5.733777427803301,-5.767149293569416,-5.8284564400929115,-5.567546301373302,-5.8250079636471765,-5.800046976823921,-5.154962429116864,-5.895286848331658,-5.8387823816870155,-5.159497129920213,-5.1473340610051475,-5.595865225983157,-5.797968868779678,-5.890638887731595,-5.908688112846149,-5.869343955957546,-5.768368579678961,-5.8331292920172295,-5.657577319177793,-5.657577319177793,-5.657577319177793,-5.657577319177793,-5.657577319177793,-5.657577319177793,-5.657577319177793,-5.657577319177793,-5.657577319177793,-5.657577319177793,-5.657577319177793,-5.657577319177793,-5.657577319177793,-5.657577319177793,-5.657577319177793,-5.657577319177793,-5.657577319177793,-5.657577319177793,-5.657577319177793,-5.657577319177793
-5.784391744873406,-5.05674739003509,-5.7556596267155875,-5.783606367066234,-5.820031612660879,-5.540615018985179,-5.780984518291084,-5.786913878640287,-5.078585462400128,-5.855213320993983,-5.835464003099275,-5.160005431053132,-5.265366930916621,-5.634261449191927,-5.736578298448156,-5.790486908487418,-5.821419826625738,-5.78385697542228,-5.699976518163401,-5.796496801145247,-6.050609993355088,-6.050609993355088,-6.050609993355088,-6.050609993355088,-6.050609993355088,-6.050609993355088,-6.050609993355088,-6.050609993355088,-6.050609993355088,-6.050609993355088,-6.050609993355088,-6.050609993355088,-6.050609993355088,-6.050609993355088,-6.050609993355088,-6.050609993355088,-6.050609993355088,-6.050609993355088,-6.050609993355088,-6.050609993355088
-5.585268753648941,-5.278372047547791,-5.540319186456834,-5.533463123216822,-5.599734766530193,-5.367823776116191,-5.552735883399756,-5.573992278040938,-5.165887543585074,-5.563584903578181,-5.566905266574843,-5.101629928758125,-5.229453191454187,-5.4262153357029685,-5.509788415719057,-5.511571166565914,-5.558200442233103,-5.498727992964717,-5.4852550385471766,-5.538001467830167,-4.958607314841775,-4.958607314841775,-4.958607314841775,-4.958607314841775,-4.958607314841775,-4.958607314841775,-4.958607314841775,-4.958607314841775,-4.958607314841775,-4.958607314841775,-4.958607314841775,-4.958607314841775,-4.958607314841775,-4.958607314841775,-4.958607314841775,-4.958607314841775,-4.958607314841775,-4.958607314841775,-4.958607314841775,-4.958607314841775
-5.624368824702707,-5.639826868187084,-5.564924107712059,-5.62696684876374,-5.56818628239835,-5.575691090559271,-5.571501687163667,-5.639076767255773,-5.630881029438628,-5.539485183781377,-5.566796767900438,-5.577692983758613,-5.622243913565639,-5.540651168602882,-5.5150764613466166,-5.576318160822827,-5.510122532355378,-5.504825566320063,-5.475242452813665,-5.549928104274349,-5.585026652029182,-5.585026652029182,-5.585026652029182,-5.585026652029182,-5.585026652029182,-5.585026652029182,-5.585026652029182,-5.585026652029182,-5.585026652029182,-5.585026652029182,-5.585026652029182,-5.585026652029182,-5.585026652029182,-5.585026652029182,-5.585026652029182,-5.585026652029182,-5.585026652029182,-5.585026652029182,-5.585026652029182,-5.585026652029182
-5.664279535501793,-5.790126824095369,-5.76787734264162,-5.829295094667347,-5.755751747758823,-5.752606011923161,-5.732998916384293,-5.678687668442192,-5.7947616410119265,-5.797708936695873,-5.775874506361885,-5.778031819811709,-5.752881355289389,-5.747520661444852,-5.719202419414048,-5.754489566436818,-5.72060103383475,-5.750629230963258,-5.690908310055598,-5.752607731748291,-5.853871964321762,-5.853871964321762,-5.853871964321762,-5.853871964321762,-5.853871964321762,-5.853871964321762,-5.853871964321762,-5.853871964321762,-5.853871964321762,-5.853871964321762,-5.853871964321762,-5.853871964321762,-5.853871964321762,-5.853871964321762,-5.853871964321762,-5.853871964321762,-5.853871964321762,-5.853871964321762,-5.853871964321762,-5.853871964321762
-5.887842070014186,-5.8788201668028135,-5.780406949821197,-5.841628727542485,-5.7598942894155645,-5.854272615992027,-5.785371166011035,-5.79374690441059,-5.8154706570745915,-5.911814736252413,-5.902152041417388,-5.854686049190271,-5.910611466090057,-5.76862507995612,-5.87857805757627,-5.886008556722337,-5.838635090690565,-5.842118264044979,-5.856378578034903,-5.845343084416357,-5.769551078621726,-5.769551078621726,-5.769551078621726,-5.769551078621726,-5.769551078621726,-5.769551078621726,-5.769551078621726,-5.769551078621726,-5.769551078621726,-5.769551078621726,-5.769551078621726,-5.769551078621726,-5.769551078621726,-5.769551078621726,-5.769551078621726,-5.769551078621726,-5.769551078621726,-5.769551078621726,-5.769551078621726,-5.769551078621726
-5.301719539809767,-5.835587618425185,-5.819437636541197,-5.800304463604096,-5.880506802651574,-5.775570518537491,-5.861869119859541,-5.448517246899535,-5.79727989614981,-5.809252242245216,-5.7743311016135,-5.703463069885975,-5.776152612697946,-5.93830700252774,-5.877823480313546,-5.936136326399312,-5.928180679417457,-5.925688967065237,-5.246309166906899,-5.8931546906872265,-5.537602002101044,-5.537602002101044,-5.537602002101044,-5.537602002101044,-5.537602002101044,-5.537602002101044,-5.537602002101044,-5.537602002101044,-5.537602002101044,-5.537602002101044,-5.537602002101044,-5.537602002101044,-5.537602002101044,-5.537602002101044,-5.537602002101044,-5.537602002101044,-5.537602002101044,-5.537602002101044,-5.537602002101044,-5.537602002101044
-5.4602052968940145,-5.274099078928943,-5.227399545573458,-5.222175054172331,-5.269109503216436,-5.12893495470298,-5.062612727769599,-5.506098307896464,-5.2730218489487335,-5.2413624647277715,-5.23858064347079,-5.274870817981781,-5.026157100444482,-5.18092552450946,-5.067372447831607,-5.062045850501444,-4.9988591452406395,-5.185103216828632,-5.232746493283933,-5.123601118233994,-5.585026652029182,-5.585026652029182,-5.585026652029182,-5.585026652029182,-5.585026652029182,-5.585026652029182,-5.585026652029182,-5.585026652029182,-5.585026652029182,-5.585026652029182,-5.585026652029182,-5.585026652029182,-5.585026652029182,-5.585026652029182,-5.585026652029182,-5.585026652029182,-5.585026652029182,-5.585026652029182,-5.585026652029182,-5.585026652029182
-5.593617177000695,-5.371685901981939,-5.468684916913427,-5.396875392930302,-5.625283428615619,-5.38997841714769,-5.445968548108986,-5.61601294576081,-5.3891780253158075,-5.473636398733217,-5.541723258976504,-5.481898781945006,-5.510747328306394,-5.517068531883878,-5.37173913325652,-5.411926214341649,-5.487417829392106,-5.353446120140643,-5.37658961909596,-5.4787904080370895,-5.42021640338319,-5.42021640338319,-5.42021640338319,-5.42021640338319,-5.42021640338319,-5.42021640338319,-5.42021640338319,-5.42021640338319,-5.42021640338319,-5.42021640338319,-5.42021640338319,-5.42021640338319,-5.42021640338319,-5.42021640338319,-5.42021640338319,-5.42021640338319,-5.42021640338319,-5.42021640338319,-5.42021640338319,-5.42021640338319
-5.4584549964285065,-5.269809945416838,-5.2704739495201505,-5.272384429174583,-5.384550288767144,-5.181016286099238,-5.160121300268592,-5.494982485946029,-5.306236910620189,-5.295054831844439,-5.312034553489453,-5.307141087238834,-5.16953910799874,-5.253690199999516,-5.111910637885674,-5.155599926226585,-5.1486471801450975,-5.186975090295795,-5.24649821322833,-5.222514083220433,-5.721246399047171,-5.721246399047171,-5.721246399047171,-5.721246399047171,-5.721246399047171,-5.721246399047171,-5.721246399047171,-5.721246399047171,-5.721246399047171,-5.721246399047171,-5.721246399047171,-5.721246399047171,-5.721246399047171,-5.721246399047171,-5.721246399047171,-5.721246399047171,-5.721246399047171,-5.721246399047171,-5.721246399047171,-5.721246399047171
-5.1202694884214335,-5.038357937323964,-5.136141869582148,-5.046280347898138,-5.177599837900908,-5.0540060726486855,-5.0424693501847475,-5.146045147952822,-5.17456782108458,-5.112974559650179,-5.109648119842453,-5.136312547733469,-5.071400362301057,-5.127822095713303,-4.98362681729663,-4.980496537726351,-5.013861629111603,-5.033236800671859,-5.173841973848686,-5.025386707402625,-4.795880017344075,-4.795880017344075,-4.795880017344075,-4.795880017344075,-4.795880017344075,-4.795880017344075,-4.795880017344075,-4.795880017344075,-4.795880017344075,-4.795880017344075,-4.795880017344075,-4.795880017344075,-4.795880017344075,-4.795880017344075,-4.795880017344075,-4.795880017344075,-4.795880017344075,-4.795880017344075,-4.795880017344075,-4.795880017344075
-5.437512752092646,-5.2818438529399865,-5.249925455756364,-5.22733411981463,-5.294547444160896,-5.171335850305975,-5.1059981218439106,-5.476477071571922,-5.295265585647652,-5.270485760462176,-5.27246712945558,-5.308057015904378,-5.09969822815562,-5.21938030260033,-5.111539092591633,-5.094298237104909,-5.057781854954087,-5.201532155185313,-5.286351472118855,-5.155575033361674,-5.552841968657781,-5.552841968657781,-5.552841968657781,-5.552841968657781,-5.552841968657781,-5.552841968657781,-5.552841968657781,-5.552841968657781,-5.552841968657781,-5.552841968657781,-5.552841968657781,-5.552841968657781,-5.552841968657781,-5.552841968657781,-5.552841968657781,-5.552841968657781,-5.552841968657781,-5.552841968657781,-5.552841968657781,-5.552841968657781
-5.874919781030234,-5.989062191547945,-6.20230044274142,-5.880554502540274,-6.152229955080469,-6.041782963575975,-6.103858269962195,-5.918848750953845,-6.0508868490029775,-5.974816421749466,-6.018665044865937,-6.024585329165209,-6.038000167951048,-6.223705400556786,-6.250058322454577,-5.968406390010769,-6.1763434775036545,-6.204334742458066,-5.44839060874572,-6.041805236933703,-5.721246399047171,-5.721246399047171,-5.721246399047171,-5.721246399047171,-5.721246399047171,-5.721246399047171,-5.721246399047171,-5.721246399047171,-5.721246399047171,-5.721246399047171,-5.721246399047171,-5.721246399047171,-5.721246399047171,-5.721246399047171,-5.721246399047171,-5.721246399047171,-5.721246399047171,-5.721246399047171,-5.721246399047171,-5.721246399047171
-5.732867073558048,-5.715997749152472,-5.6584531696264815,-5.774522373178927,-5.61622674677121,-5.67618441698179,-5.706960363962654,-5.771947623222988,-5.772080765896259,-5.693846996108349,-5.811353372096859,-5.692429653066356,-5.833305587255391,-5.68070405861407,-5.684904113508381,-5.811774511927725,-5.7275563411462445,-5.674694426932119,-5.322188527128015,-5.784553658625681,-5.327902142064283,-5.327902142064283,-5.327902142064283,-5.327902142064283,-5.327902142064283,-5.327902142064283,-5.327902142064283,-5.327902142064283,-5.327902142064283,-5.327902142064283,-5.327902142064283,-5.327902142064283,-5.327902142064283,-5.327902142064283,-5.327902142064283,-5.327902142064283,-5.327902142064283,-5.327902142064283,-5.327902142064283,-5.327902142064283
-5.748271634017088,-5.787290892280864,-5.881228362028822,-5.720446190123648,-5.813704107906375,-5.931220231132437,-5.841479720929781,-5.671880640832466,-5.853222440454166,-5.859776068925342,-5.911286942624284,-5.893303502452618,-5.91341975106542,-5.838775909866831,-5.9851807222336,-5.868950760245419,-5.91297689913149,-5.934227935728876,-5.3564666716616145,-5.9344130189586295,-5.7447274948966935,-5.7447274948966935,-5.7447274948966935,-5.7447274948966935,-5.7447274948966935,-5.7447274948966935,-5.7447274948966935,-5.7447274948966935,-5.7447274948966935,-5.7447274948966935,-5.7447274948966935,-5.7447274948966935,-5.7447274948966935,-5.7447274948966935,-5.7447274948966935,-5.7447274948966935,-5.7447274948966935,-5.7447274948966935,-5.7447274948966935,-5.7447274948966935
-5.50277287069344,-5.469026319281136,-5.607234527725045,-5.526479554681259,-5.641586780731681,-5.476972582285009,-5.5431532440995435,-5.526691969431053,-5.591363362666931,-5.630038944430871,-5.617889181727279,-5.5653509982683875,-5.460888618808358,-5.630987072826716,-5.487499271729438,-5.52123602747246,-5.568806309189817,-5.5757423130177655,-5.601530042142097,-5.533264969631707,-5.4089353929735005,-5.4089353929735005,-5.4089353929735005,-5.4089353929735005,-5.4089353929735005,-5.4089353929735005,-5.4089353929735005,-5.4089353929735005,-5.4089353929735005,-5.4089353929735005,-5.4089353929735005,-5.4089353929735005,-5.4089353929735005,-5.4089353929735005,-5.4089353929735005,-5.4089353929735005,-5.4089353929735005,-5.4089353929735005,-5.4089353929735005,-5.4089353929735005
-5.447683247545627,-5.337928485673027,-5.52693728013419,-5.445332367773022,-5.563756414650819,-5.467150242486077,-5.5268879174327825,-5.421957589989014,-5.47151037004688,-5.61096228978101,-5.593621183066847,-5.490237776774339,-5.468059545981128,-5.551361916583348,-5.495862620615793,-5.569511948652728,-5.606186828905478,-5.5229670983289125,-5.7380630607639915,-5.545789863337595,-5.886056647693163,-5.886056647693163,-5.886056647693163,-5.886056647693163,-5.886056647693163,-5.886056647693163,-5.886056647693163,-5.886056647693163,-5.886056647693163,-5.886056647693163,-5.886056647693163,-5.886056647693163,-5.886056647693163,-5.886056647693163,-5.886056647693163,-5.886056647693163,-5.886056647693163,-5.886056647693163,-5.886056647693163,-5.886056647693163
-5.151520371455536,-5.528397099613927,-5.694188885086252,-5.614586211699167,-5.71832693690023,-5.630212289511461,-5.322768635515205,-5.648485902100214,-5.608226189316213,-5.500246506155801,-5.673429090141464,-5.5687467654162734,-5.70379521096303,-5.696961526264708,-5.630978199029775,-5.208798909598549,-5.056343724609044,-5.116331340612033,-5.242695755969289,-5.676367403230069,-5.638272163982407,-5.638272163982407,-5.638272163982407,-5.638272163982407,-5.638272163982407,-5.638272163982407,-5.638272163982407,-5.638272163982407,-5.638272163982407,-5.638272163982407,-5.638272163982407,-5.638272163982407,-5.638272163982407,-5.638272163982407,-5.638272163982407,-5.638272163982407,-5.638272163982407,-5.638272163982407,-5.638272163982407,-5.638272163982407
-4.237744935127549,-5.262119448964909,-4.913862568474611,-5.171564309504676,-4.901085591756935,-5.049511322670188,-4.854129909872814,-5.288678808447014,-4.996944323232698,-4.786638853027251,-4.7606337554465314,-4.84698516716139,-4.559298616030061,-4.519162567150015,-4.901467499278513,-4.772141245835716,-4.903529788111875,-5.041441347669626,-4.945048709310918,-4.774099064531063,-4.508638306165727,-4.508638306165727,-4.508638306165727,-4.508638306165727,-4.508638306165727,-4.508638306165727,-4.508638306165727,-4.508638306165727,-4.508638306165727,-4.508638306165727,-4.508638306165727,-4.508638306165727,-4.508638306165727,-4.508638306165727,-4.508638306165727,-4.508638306165727,-4.508638306165727,-4.508638306165727,-4.508638306165727,-4.508638306165727
-5.0555782153048225,-5.361445277478604,-5.195692889874744,-5.341018661517105,-5.158055482687093,-5.234153549507917,-4.976290860212119,-5.3388668003728466,-5.272492005177346,-5.017769899498164,-5.142727237413949,-5.151900221428793,-5.207723054961038,-5.100557422151378,-5.097139020195844,-5.012290481517942,-4.888817935364866,-4.8639553470902905,-5.004275279560253,-5.195673782792734,-6.0,-6.0,-6.0,-6.0,-6.0,-6.0,-6.0,-6.0,-6.0,-6.0,-6.0,-6.0,-6.0,-6.0,-6.0,-6.0,-6.0,-6.0,-6.0,-6.0
-4.796693289809118,-5.3987322869146555,-5.29260772101043,-5.3402235438811925,-5.250695926337898,-5.323994088093639,-5.007304557824696,-5.353509835746084,-5.2577807985120275,-5.070485629472985,-5.203271847630843,-5.204898832891413,-5.217619206747103,-5.158816761827702,-5.253922195093175,-4.956795462662034,-4.869006914578022,-4.859211767004253,-4.981664191293242,-5.233564207446069,-4.920818753952375,-4.920818753952375,-4.920818753952375,-4.920818753952375,-4.920818753952375,-4.920818753952375,-4.920818753952375,-4.920818753952375,-4.920818753952375,-4.920818753952375,-4.920818753952375,-4.920818753952375,-4.920818753952375,-4.920818753952375,-4.920818753952375,-4.920818753952375,-4.920818753952375,-4.920818753952375,-4.920818753952375,-4.920818753952375
-5.221823896835403,-5.356777971440238,-5.329571777404244,-5.3854047694062555,-5.333346976564328,-5.315809742617158,-5.146205909272471,-5.423796458498237,-5.385066660009153,-5.177127822875922,-5.268752704696637,-5.2589217390724,-5.370700495506918,-5.2718173154085655,-5.199407383257245,-5.127331407429036,-5.071842202544578,-5.108812746459237,-5.148043312485294,-5.275639831416387,-5.886056647693163,-5.886056647693163,-5.886056647693163,-5.886056647693163,-5.886056647693163,-5.886056647693163,-5.886056647693163,-5.886056647693163,-5.886056647693163,-5.886056647693163,-5.886056647693163,-5.886056647693163,-5.886056647693163,-5.886056647693163,-5.886056647693163,-5.886056647693163,-5.886056647693163,-5.886056647693163,-5.886056647693163,-5.886056647693163
-4.566417388292167,-5.075805245627648,-4.67572790785439,-4.982617563939503,-4.518797348428188,-4.723013053631703,-4.589431721828247,-5.060365766078532,-4.808525788427916,-4.533014550955623,-4.400658354450426,-4.578710089862542,-4.141171716976745,-4.243645707392468,-4.489327916926724,-4.739338516424752,-4.793475665123463,-4.772576223773277,-4.815369153721178,-4.4642064994320565,-4.1487416512809245,-4.1487416512809245,-4.1487416512809245,-4.1487416512809245,-4.1487416512809245,-4.1487416512809245,-4.1487416512809245,-4.1487416512809245,-4.1487416512809245,-4.1487416512809245,-4.1487416512809245,-4.1487416512809245,-4.1487416512809245,-4.1487416512809245,-4.1487416512809245,-4.1487416512809245,-4.1487416512809245,-4.1487416512809245,-4.1487416512809245,-4.1487416512809245
-4.645476247432722,-5.405696396004258,-5.29953147051978,-5.304891635903012,-5.227414116038914,-5.316054326017777,-4.9954415198204405,-5.327279920430428,-5.245959680215665,-5.0911545087349905,-5.185959539688319,-5.211025906840233,-5.17660913344825,-5.190649600054126,-5.297280018432204,-4.945632838026251,-4.88015683061364,-4.8563132714989266,-5.001363284086439,-5.2078792237115294,-5.698970004336019,-5.698970004336019,-5.698970004336019,-5.698970004336019,-5.698970004336019,-5.698970004336019,-5.698970004336019,-5.698970004336019,-5.698970004336019,-5.698970004336019,-5.698970004336019,-5.698970004336019,-5.698970004336019,-5.698970004336019,-5.698970004336019,-5.698970004336019,-5.698970004336019,-5.698970004336019,-5.698970004336019,-5.698970004336019
-4.298317349853065,-5.1730093790976825,-4.880586826866068,-5.101499059685925,-4.864119624265863,-5.009966871775733,-4.833412888429061,-5.202017143368168,-4.940725974964629,-4.771174896683537,-4.745693906854233,-4.818847927438021,-4.560716329496192,-4.509637823090897,-4.871241772722485,-4.79220638707408,-4.884484510161079,-5.003727494139851,-4.940841886541411,-4.756132176591288,-4.236572006437063,-4.236572006437063,-4.236572006437063,-4.236572006437063,-4.236572006437063,-4.236572006437063,-4.236572006437063,-4.236572006437063,-4.236572006437063,-4.236572006437063,-4.236572006437063,-4.236572006437063,-4.236572006437063,-4.236572006437063,-4.236572006437063,-4.236572006437063,-4.236572006437063,-4.236572006437063,-4.236572006437063,-4.236572006437063
-4.3185411632866675,-5.254209574800682,-4.9065091362403175,-5.12144934506464,-4.878809558771169,-5.022206735380301,-4.843421397211729,-5.204129903146451,-4.999366241698278,-4.817532726759778,-4.78961897477369,-4.878876922155381,-4.600392008153065,-4.609265122509956,-4.920684555801978,-4.820009264352568,-4.916640083891293,-4.997124758727874,-4.982492796154309,-4.78581700733987,-5.318758762624412,-5.318758762624412,-5.318758762624412,-5.318758762624412,-5.318758762624412,-5.318758762624412,-5.318758762624412,-5.318758762624412,-5.318758762624412,-5.318758762624412,-5.318758762624412,-5.318758762624412,-5.318758762624412,-5.318758762624412,-5.318758762624412,-5.318758762624412,-5.318758762624412,-5.318758762624412,-5.318758762624412,-5.318758762624412
-5.09022042689072,-5.49878604998162,-5.639919502091777,-5.440081410825021,-5.6266799403344345,-5.51289636547045,-5.169835805847949,-5.579645203438493,-5.392521528819569,-5.310196477975876,-5.513190346394868,-5.422829073727888,-5.5424833584751765,-5.754994911567611,-5.735295238973582,-5.069388966982042,-4.900806425298008,-4.773204928869867,-5.131332701970636,-5.500247753494957,-3.853871964321762,-3.853871964321762,-3.853871964321762,-3.853871964321762,-3.853871964321762,-3.853871964321762,-3.853871964321762,-3.853871964321762,-3.853871964321762,-3.853871964321762,-3.853871964321762,-3.853871964321762,-3.853871964321762,-3.853871964321762,-3.853871964321762,-3.853871964321762,-3.853871964321762,-3.853871964321762,-3.853871964321762,-3.853871964321762
-5.271193548538418,-5.511836398283286,-5.663408175202507,-5.57779975857469,-5.658393990409479,-5.578340680006227,-5.334876889726962,-5.5970385396796445,-5.592715830367199,-5.468955534833243,-5.6264649172481045,-5.545062508826007,-5.642864531992118,-5.6465495738032185,-5.55262799236571,-5.214821076268032,-5.1252718283049665,-5.192642338574033,-5.269183932483429,-5.603988514821571,-5.136677139879544,-5.136677139879544,-5.136677139879544,-5.136677139879544,-5.136677139879544,-5.136677139879544,-5.136677139879544,-5.136677139879544,-5.136677139879544,-5.136677139879544,-5.136677139879544,-5.136677139879544,-5.136677139879544,-5.136677139879544,-5.136677139879544,-5.136677139879544,-5.136677139879544,-5.136677139879544,-5.136677139879544,-5.136677139879544
-5.065496193698186,-5.151724620644989,-5.098938469948549,-5.043030729003552,-5.1342750448325045,-5.1282603646440466,-5.045096217217983,-5.010019599876382,-5.119146760897697,-5.099400714595116,-5.154243737741873,-5.061894632294348,-5.152520571896538,-5.106466074885381,-5.180167912265232,-5.040567822836067,-5.132682891237846,-5.125773208156776,-5.1308527249499765,-5.0521380289105,-5.022276394711152,-5.022276394711152,-5.022276394711152,-5.022276394711152,-5.022276394711152,-5.022276394711152,-5.022276394711152,-5.022276394711152,-5.022276394711152,-5.022276394711152,-5.022276394711152,-5.022276394711152,-5.022276394711152,-5.022276394711152,-5.022276394711152,-5.022276394711152,-5.022276394711152,-5.022276394711152,-5.022276394711152,-5.022276394711152
-5.91259595914753,-6.0648844053801625,-5.9874727961243925,-6.085802512829897,-5.94300572689473,-6.07924372721436,-5.876242816779368,-5.740597283210709,-6.039017378363187,-5.896431961428747,-5.924154681890384,-6.003573110396353,-5.713514267510812,-5.937617094195726,-5.981601448142511,-5.994470198255299,-5.971245325787118,-5.969810348233148,-5.921607037453715,-5.922169156747552,-5.0,-5.0,-5.0,-5.0,-5.0,-5.0,-5.0,-5.0,-5.0,-5.0,-5.0,-5.0,-5.0,-5.0,-5.0,-5.0,-5.0,-5.0,-5.0,-5.0
-5.984996673131004,-5.903916038019996,-5.780090703363207,-5.917390025812427,-5.8035066356471905,-5.868932048542246,-5.833090303142301,-5.953256545306256,-5.850859917573457,-5.868959038369352,-5.8235116350731815,-5.821278827470941,-5.891647547793045,-5.764168769138674,-5.829824094393048,-5.950435131726949,-5.813567180539954,-5.852660511668563,-5.7945248963988405,-5.887541331869467,-6.0,-6.0,-6.0,-6.0,-6.0,-6.0,-6.0,-6.0,-6.0,-6.0,-6.0,-6.0,-6.0,-6.0,-6.0,-6.0,-6.0,-6.0,-6.0,-6.0
-5.888894473143968,-5.953462181093909,-5.988876753947556,-5.925235055642494,-5.948570351514409,-5.9463485886554555,-6.008811035065309,-5.933507393257211,-5.9620999514208055,-5.945334003834431,-5.973094513916623,-5.949818117186774,-6.037484623460624,-6.035660169454006,-5.997742901058699,-6.002915543616117,-5.963215364279055,-6.0100041135755005,-6.041977161729571,-6.009702795565118,-5.113509274827519,-5.113509274827519,-5.113509274827519,-5.113509274827519,-5.113509274827519,-5.113509274827519,-5.113509274827519,-5.113509274827519,-5.113509274827519,-5.113509274827519,-5.113509274827519,-5.113509274827519,-5.113509274827519,-5.113509274827519,-5.113509274827519,-5.113509274827519,-5.113509274827519,-5.113509274827519,-5.113509274827519,-5.113509274827519
-5.900685820558477,-5.953819022063599,-5.963395634628026,-5.968830894180948,-5.936098321612969,-5.87178591254677,-6.000507581172062,-6.000543314654417,-5.941239439930722,-5.888852291313884,-5.911839499949184,-5.881236074687164,-6.0104418915666376,-6.048064984751095,-5.930620301423239,-6.036710093382695,-5.926979794607514,-5.99839664129538,-5.969027517806188,-5.999415561688021,-5.0,-5.0,-5.0,-5.0,-5.0,-5.0,-5.0,-5.0,-5.0,-5.0,-5.0,-5.0,-5.0,-5.0,-5.0,-5.0,-5.0,-5.0,-5.0,-5.0
-4.076603348460077,-4.291012916763663,-4.235038205106737,-3.9906394623888772,-4.3781324616528465,-4.484092597183808,-4.27526397426341,-3.920299449958757,-4.4407289689084735,-4.535229843723177,-4.772914876323797,-4.462194517993703,-4.627029578400479,-4.1291310490841076,-4.650378138034769,-4.013157739757226,-4.474377368399874,-4.178303426934746,-5.287044867028252,-4.226819880822096,-5.638272163982407,-5.638272163982407,-5.638272163982407,-5.638272163982407,-5.638272163982407,-5.638272163982407,-5.638272163982407,-5.638272163982407,-5.638272163982407,-5.638272163982407,-5.638272163982407,-5.638272163982407,-5.638272163982407,-5.638272163982407,-5.638272163982407,-5.638272163982407,-5.638272163982407,-5.638272163982407,-5.638272163982407,-5.638272163982407
-5.9749502309440885,-6.075974755353657,-6.240467298811901,-6.060369866945691,-6.152518935225925,-6.109890643847539,-6.234436610305773,-6.067740283124032,-6.084468966403991,-6.0932317500257245,-6.135318818928787,-6.110605297203847,-6.169807822676985,-6.305855772666729,-6.214828810557997,-6.174842299146217,-6.247665642730985,-6.233590232848058,-5.4549458154648205,-6.161461786614493,-5.853871964321762,-5.853871964321762,-5.853871964321762,-5.853871964321762,-5.853871964321762,-5.853871964321762,-5.853871964321762,-5.853871964321762,-5.853871964321762,-5.853871964321762,-5.853871964321762,-5.853871964321762,-5.853871964321762,-5.853871964321762,-5.853871964321762,-5.853871964321762,-5.853871964321762,-5.853871964321762,-5.853871964321762,-5.853871964321762
-5.715886235793002,-5.6307679156245705,-5.59415644582743,-5.614278314903806,-5.607029501767564,-5.5884650684614865,-5.627149200715479,-5.677333372127808,-5.563049086333179,-5.680672989772167,-5.708799570675781,-5.583842929355002,-5.700916103721627,-5.630405575098441,-5.736274706255754,-5.668655933614739,-5.735339691313555,-5.64694363186343,-5.364876636453325,-5.622920603822835,-5.036212172654444,-5.036212172654444,-5.036212172654444,-5.036212172654444,-5.036212172654444,-5.036212172654444,-5.036212172654444,-5.036212172654444,-5.036212172654444,-5.036212172654444,-5.036212172654444,-5.036212172654444,-5.036212172654444,-5.036212172654444,-5.036212172654444,-5.036212172654444,-5.036212172654444,-5.036212172654444,-5.036212172654444,-5.036212172654444
-6.123467067525505,-5.887379540394633,-5.610007757851251,-6.039964524297735,-5.804202766334131,-5.820851952496726,-5.693368098872626,-6.047634113112112,-5.869347986806736,-5.97996573809883,-5.883886001679747,-5.7484961771331315,-5.989074242269452,-5.618417703467411,-5.772335876036205,-6.056846821394781,-5.871199223634761,-5.748729504973979,-5.1920174745275895,-6.020979201607584,-6.1249387366083,-6.1249387366083,-6.1249387366083,-6.1249387366083,-6.1249387366083,-6.1249387366083,-6.1249387366083,-6.1249387366083,-6.1249387366083,-6.1249387366083,-6.1249387366083,-6.1249387366083,-6.1249387366083,-6.1249387366083,-6.1249387366083,-6.1249387366083,-6.1249387366083,-6.1249387366083,-6.1249387366083,-6.1249387366083
-5.395302120736037,-5.3650246142448985,-5.421672116184634,-5.377216782042868,-5.551809106349205,-5.35884994678979,-5.349033675732002,-5.352150999898876,-5.394034319095788,-5.391855172454338,-5.465761711829471,-5.414094316592735,-5.362849572063643,-5.349332185367829,-5.295332079797736,-5.291062370750871,-5.326153242314609,-5.295232130908332,-5.415984095673225,-5.362377845967133,-6.0655015487564325,-6.0655015487564325,-6.0655015487564325,-6.0655015487564325,-6.0655015487564325,-6.0655015487564325,-6.0655015487564325,-6.0655015487564325,-6.0655015487564325,-6.0655015487564325,-6.0655015487564325,-6.0655015487564325,-6.0655015487564325,-6.0655015487564325,-6.0655015487564325,-6.0655015487564325,-6.0655015487564325,-6.0655015487564325,-6.0655015487564325,-6.0655015487564325
-5.877259318551126,-5.769300537744322,-5.827233894331809,-5.716359075771965,-5.846397877086291,-5.845993425334273,-5.927568450165719,-5.897476744426827,-5.785471510385295,-5.80854871452896,-5.772985549662677,-5.767001513765306,-5.946895134658245,-6.016181442771676,-5.951694627403672,-5.789451001507038,-5.896546530960959,-5.836909395318314,-4.9630467294700225,-5.879456117381069,-5.769551078621726,-5.769551078621726,-5.769551078621726,-5.769551078621726,-5.769551078621726,-5.769551078621726,-5.769551078621726,-5.769551078621726,-5.769551078621726,-5.769551078621726,-5.769551078621726,-5.769551078621726,-5.769551078621726,-5.769551078621726,-5.769551078621726,-5.769551078621726,-5.769551078621726,-5.769551078621726,-5.769551078621726,-5.769551078621726
-5.789677846080185,-5.836683550301709,-6.066206728272566,-5.83855128553908,-5.982161739735805,-5.961776579263307,-6.083614745143302,-5.827366652484901,-5.8905652911340285,-6.076150841207008,-6.068604575588343,-6.003861785724986,-6.108758576251478,-6.128095559688052,-6.055315514767138,-6.066970791388543,-6.070052563157173,-6.059610234347765,-6.257067933838305,-6.073035592248049,-5.823908740944319,-5.823908740944319,-5.823908740944319,-5.823908740944319,-5.823908740944319,-5.823908740944319,-5.823908740944319,-5.823908740944319,-5.823908740944319,-5.823908740944319,-5.823908740944319,-5.823908740944319,-5.823908740944319,-5.823908740944319,-5.823908740944319,-5.823908740944319,-5.823908740944319,-5.823908740944319,-5.823908740944319,-5.823908740944319
-5.516015475449702,-5.5494845679489675,-5.437359058403258,-5.39034981371114,-5.437915491937335,-5.634322930947186,-5.4402103250278575,-5.377484204429109,-5.545644865873745,-5.532801951656293,-5.53848339862976,-5.542076443099379,-5.586750344255666,-5.457989220597881,-5.690688094509935,-5.435069080144634,-5.517846060151679,-5.531321691338003,-5.609982645758799,-5.484889854482301,-5.958607314841775,-5.958607314841775,-5.958607314841775,-5.958607314841775,-5.958607314841775,-5.958607314841775,-5.958607314841775,-5.958607314841775,-5.958607314841775,-5.958607314841775,-5.958607314841775,-5.958607314841775,-5.958607314841775,-5.958607314841775,-5.958607314841775,-5.958607314841775,-5.958607314841775,-5.958607314841775,-5.958607314841775,-5.958607314841775
-4.509344972852718,-4.653431528332837,-5.060009198628193,-4.562935595300491,-5.083405784172139,-4.686574127218664,-5.028227043898363,-4.674789273110013,-4.611986802672821,-4.875141909559434,-5.11503065086668,-4.730423820528425,-4.873187083991661,-5.164351382474971,-4.974418818886802,-4.671659384978263,-5.19233068246137,-4.89773787481705,-4.930546731610735,-4.696986416844199,-5.721246399047171,-5.721246399047171,-5.721246399047171,-5.721246399047171,-5.721246399047171,-5.721246399047171,-5.721246399047171,-5.721246399047171,-5.721246399047171,-5.721246399047171,-5.721246399047171,-5.721246399047171,-5.721246399047171,-5.721246399047171,-5.721246399047171,-5.721246399047171,-5.721246399047171,-5.721246399047171,-5.721246399047171,-5.721246399047171
-5.454548446970221,-5.43192936229925,-5.462915290097445,-5.4585478207251175,-5.610289318814714,-5.392205280506853,-5.399360120235895,-5.422306007745827,-5.509236406521561,-5.522489887472705,-5.58532457765195,-5.514527241883098,-5.486132624308598,-5.47484023940746,-5.353365034613947,-5.385414504681319,-5.3930257544303855,-5.418149472988345,-5.511211125023499,-5.466167331485347,-5.853871964321762,-5.853871964321762,-5.853871964321762,-5.853871964321762,-5.853871964321762,-5.853871964321762,-5.853871964321762,-5.853871964321762,-5.853871964321762,-5.853871964321762,-5.853871964321762,-5.853871964321762,-5.853871964321762,-5.853871964321762,-5.853871964321762,-5.853871964321762,-5.853871964321762,-5.853871964321762,-5.853871964321762,-5.853871964321762
-5.446174819915894,-5.50736095743775,-5.495854625202022,-5.477451455372632,-5.669424108522987,-5.4244687913617335,-5.432804959288758,-5.4415126961639695,-5.484655316914276,-5.497095341028184,-5.583152283747587,-5.538066590530491,-5.474979569574363,-5.508457600113378,-5.384964907190713,-5.36852170309227,-5.414061972289022,-5.460976154912937,-5.601200942805211,-5.446752945215913,-6.0,-6.0,-6.0,-6.0,-6.0,-6.0,-6.0,-6.0,-6.0,-6.0,-6.0,-6.0,-6.0,-6.0,-6.0,-6.0,-6.0,-6.0,-6.0,-6.0
-5.424879710560503,-5.46489115026184,-5.425417879905101,-5.449665902849069,-5.59641818571843,-5.377819216440434,-5.391663930801252,-5.393345229941426,-5.4639584596187145,-5.499439282082209,-5.569001831241262,-5.505196979561987,-5.420818545787324,-5.4217160648037,-5.3254339267874675,-5.342512261996506,-5.344515635755074,-5.424560996458833,-5.55257754451379,-5.418261336456845,-5.769551078621726,-5.769551078621726,-5.769551078621726,-5.769551078621726,-5.769551078621726,-5.769551078621726,-5.769551078621726,-5.769551078621726,-5.769551078621726,-5.769551078621726,-5.769551078621726,-5.769551078621726,-5.769551078621726,-5.769551078621726,-5.769551078621726,-5.769551078621726,-5.769551078621726,-5.769551078621726,-5.769551078621726,-5.769551078621726
-5.551969643351292,-5.640291241878293,-5.6083590415025055,-5.5777570625883754,-5.61100426877776,-5.60159715132675,-5.5661760896365875,-5.542682161553364,-5.600591685024543,-5.590557767149861,-5.594831925798267,-5.625021218581592,-5.608107218148797,-5.58971472006299,-5.566880008928864,-5.579633299469343,-5.542617485182301,-5.5682372802887645,-5.532763901788281,-5.569062586458958,-5.638272163982407,-5.638272163982407,-5.638272163982407,-5.638272163982407,-5.638272163982407,-5.638272163982407,-5.638272163982407,-5.638272163982407,-5.638272163982407,-5.638272163982407,-5.638272163982407,-5.638272163982407,-5.638272163982407,-5.638272163982407,-5.638272163982407,-5.638272163982407,-5.638272163982407,-5.638272163982407,-5.638272163982407,-5.638272163982407
-5.636957268863259,-5.573532209565698,-5.768985780972032,-5.644049595999338,-5.7691658723557175,-5.699211670366031,-5.77214967359386,-5.62275719232093,-5.656541440006945,-5.789772047428712,-5.768014994495219,-5.703560433860371,-5.826095432695995,-5.76565638176899,-5.7133652686227565,-5.788031361533666,-5.81321048364388,-5.732238710446111,-5.96710198743729,-5.753292396320328,-6.0,-6.0,-6.0,-6.0,-6.0,-6.0,-6.0,-6.0,-6.0,-6.0,-6.0,-6.0,-6.0,-6.0,-6.0,-6.0,-6.0,-6.0,-6.0,-6.0
-5.830096121589199,-5.872839225765443,-5.964363496134406,-5.891342642439177,-5.880677972641949,-6.028282906255062,-5.944727248651084,-5.772575514373418,-5.946443565291382,-6.078704753799271,-6.098907921206403,-6.032064641800743,-6.100082438431632,-5.916259799682331,-5.979578796180058,-6.061105792175565,-5.983256369534326,-5.9913627587148355,-6.096834322038647,-6.06625534511066,-5.568636235841013,-5.568636235841013,-5.568636235841013,-5.568636235841013,-5.568636235841013,-5.568636235841013,-5.568636235841013,-5.568636235841013,-5.568636235841013,-5.568636235841013,-5.568636235841013,-5.568636235841013,-5.568636235841013,-5.568636235841013,-5.568636235841013,-5.568636235841013,-5.568636235841013,-5.568636235841013,-5.568636235841013,-5.568636235841013
-5.920592577828975,-5.954786140275816,-6.053951794888146,-5.994201862088379,-5.970929774222206,-6.139384481858172,-6.051979181730244,-5.854701733981701,-6.073927687898787,-6.204690339774094,-6.228098122082079,-6.15442853873334,-6.220490164135472,-5.973011380786919,-6.054294563726459,-6.167260034475222,-6.061426561295293,-6.046466116488659,-6.1784111170010725,-6.214640985272993,-5.823908740944319,-5.823908740944319,-5.823908740944319,-5.823908740944319,-5.823908740944319,-5.823908740944319,-5.823908740944319,-5.823908740944319,-5.823908740944319,-5.823908740944319,-5.823908740944319,-5.823908740944319,-5.823908740944319,-5.823908740944319,-5.823908740944319,-5.823908740944319,-5.823908740944319,-5.823908740944319,-5.823908740944319,-5.823908740944319
-5.610751194719872,-5.6822652020456355,-5.640788843736204,-5.639465815727737,-5.706217357039727,-5.608909680527137,-5.596168303692746,-5.589442621943307,-5.664431958623189,-5.682082396429407,-5.7032081928768665,-5.716032557093802,-5.650653488948997,-5.633410188060065,-5.567851709310951,-5.614554941097493,-5.54669886213691,-5.589333924730383,-5.552563047598095,-5.666175308981687,-5.769551078621726,-5.769551078621726,-5.769551078621726,-5.769551078621726,-5.769551078621726,-5.769551078621726,-5.769551078621726,-5.769551078621726,-5.769551078621726,-5.769551078621726,-5.769551078621726,-5.769551078621726,-5.769551078621726,-5.769551078621726,-5.769551078621726,-5.769551078621726,-5.769551078621726,-5.769551078621726,-5.769551078621726,-5.769551078621726
-5.453241863232722,-5.404272799700409,-5.4887291195701975,-5.4145496048254484,-5.459774002372853,-5.3862079124393345,-5.407275105706872,-5.432660150465708,-5.497216806867145,-5.486140386173349,-5.462086649311834,-5.469973165363264,-5.3961567561138155,-5.477763652833252,-5.368636979202606,-5.391099827258315,-5.363835204300486,-5.448508693282196,-5.349292542569663,-5.399737925152415,-5.42021640338319,-5.42021640338319,-5.42021640338319,-5.42021640338319,-5.42021640338319,-5.42021640338319,-5.42021640338319,-5.42021640338319,-5.42021640338319,-5.42021640338319,-5.42021640338319,-5.42021640338319,-5.42021640338319,-5.42021640338319,-5.42021640338319,-5.42021640338319,-5.42021640338319,-5.42021640338319,-5.42021640338319,-5.42021640338319
-5.1451521921231205,-4.981248802547739,-5.176802582604168,-5.066696369475722,-5.122889024903678,-4.981682442389404,-4.989702727203976,-5.074588698555372,-4.999202884155373,-5.01381340179071,-5.007249063214915,-4.975734257635323,-4.866001911437822,-4.872297525243085,-4.964805063161423,-5.0476092637044685,-5.031310603055949,-5.012596797909097,-4.910329919880536,-4.965729174377363,-5.42021640338319,-5.42021640338319,-5.42021640338319,-5.42021640338319,-5.42021640338319,-5.42021640338319,-5.42021640338319,-5.42021640338319,-5.42021640338319,-5.42021640338319,-5.42021640338319,-5.42021640338319,-5.42021640338319,-5.42021640338319,-5.42021640338319,-5.42021640338319,-5.42021640338319,-5.42021640338319,-5.42021640338319,-5.42021640338319
-5.229749790103096,-5.030400087670654,-5.284461362432217,-5.128123798992616,-5.2365910306347585,-5.043540641972659,-5.097802399240341,-5.133362892322978,-5.045255910502294,-5.087509880882248,-5.101474294691727,-5.046507055746661,-4.961769043258676,-4.941730954376888,-5.089776155032315,-5.1374331396018205,-5.162464718278185,-5.104775410515827,-4.9365856094491285,-5.065183594288411,-5.346787486224656,-5.346787486224656,-5.346787486224656,-5.346787486224656,-5.346787486224656,-5.346787486224656,-5.346787486224656,-5.346787486224656,-5.346787486224656,-5.346787486224656,-5.346787486224656,-5.346787486224656,-5.346787486224656,-5.346787486224656,-5.346787486224656,-5.346787486224656,-5.346787486224656,-5.346787486224656,-5.346787486224656,-5.346787486224656
-4.989376082596432,-5.037350663099911,-5.070180209385757,-5.0416054689411345,-5.052121413661849,-5.059491109540302,-4.883988107359344,-5.019865008411102,-5.026806825582092,-4.975265922590727,-4.916473379156175,-4.977113165336384,-4.804513587489848,-4.855677224411456,-4.826932896034211,-4.94705797028896,-4.950515484020646,-4.899643865117502,-4.937290303787592,-4.8597578228086435,-5.055517327849832,-5.055517327849832,-5.055517327849832,-5.055517327849832,-5.055517327849832,-5.055517327849832,-5.055517327849832,-5.055517327849832,-5.055517327849832,-5.055517327849832,-5.055517327849832,-5.055517327849832,-5.055517327849832,-5.055517327849832,-5.055517327849832,-5.055517327849832,-5.055517327849832,-5.055517327849832,-5.055517327849832,-5.055517327849832
-5.009482641416618,-4.9886027829673125,-5.029481625276509,-5.023635656542412,-5.078627118585384,-5.062761944878863,-4.928357813967283,-5.019967042203124,-5.025945667738322,-5.008738421516033,-4.987922907991129,-4.9936509639999995,-4.985049237907564,-4.855393007266044,-4.8842961532055185,-4.971097972579623,-5.04307458109431,-4.823187882054497,-4.9756032596371575,-4.914780956048189,-4.920818753952375,-4.920818753952375,-4.920818753952375,-4.920818753952375,-4.920818753952375,-4.920818753952375,-4.920818753952375,-4.920818753952375,-4.920818753952375,-4.920818753952375,-4.920818753952375,-4.920818753952375,-4.920818753952375,-4.920818753952375,-4.920818753952375,-4.920818753952375,-4.920818753952375,-4.920818753952375,-4.920818753952375,-4.920818753952375
-4.944097438616672,-5.195820593780481,-5.20456029479519,-5.12822282561735,-5.113964288775028,-5.195803060295952,-5.100146461500581,-5.039060350863038,-5.176657348032573,-5.229504024685049,-5.093733176622578,-5.2274944683772535,-5.140941515496387,-5.18954844447634,-4.983463564574893,-5.208766692282093,-5.140615722287159,-5.139193814120648,-5.040145642714263,-5.051663415863972,-5.7447274948966935,-5.7447274948966935,-5.7447274948966935,-5.7447274948966935,-5.7447274948966935,-5.7447274948966935,-5.7447274948966935,-5.7447274948966935,-5.7447274948966935,-5.7447274948966935,-5.7447274948966935,-5.7447274948966935,-5.7447274948966935,-5.7447274948966935,-5.7447274948966935,-5.7447274948966935,-5.7447274948966935,-5.7447274948966935,-5.7447274948966935,-5.7447274948966935
-5.3200344206543075,-5.098545999682851,-5.346512524131621,-5.168941417421969,-5.3218646465645785,-4.950087526777331,-5.235688341254886,-5.222827560563751,-5.103894687844222,-5.172558215372779,-5.205148969619292,-5.117873888416393,-5.121291838247815,-5.093655568702314,-5.267386694535589,-5.234767616431517,-5.288273769586526,-5.213723092520442,-4.885322072713159,-5.191637083412158,-5.356547323513812,-5.356547323513812,-5.356547323513812,-5.356547323513812,-5.356547323513812,-5.356547323513812,-5.356547323513812,-5.356547323513812,-5.356547323513812,-5.356547323513812,-5.356547323513812,-5.356547323513812,-5.356547323513812,-5.356547323513812,-5.356547323513812,-5.356547323513812,-5.356547323513812,-5.356547323513812,-5.356547323513812,-5.356547323513812
-4.964962258705798,-4.949969074098329,-5.054239286317176,-4.978037891825611,-5.011153719066384,-5.010465975092686,-4.829428629236331,-4.956604819964669,-4.985055673464336,-4.951045965576843,-4.8902873023704485,-4.92303006665691,-4.71047610255059,-4.8044941042734415,-4.79955751296768,-4.8921198414414535,-4.901564816854742,-4.899828736898791,-4.926248526936682,-4.813587246830735,-5.823908740944319,-5.823908740944319,-5.823908740944319,-5.823908740944319,-5.823908740944319,-5.823908740944319,-5.823908740944319,-5.823908740944319,-5.823908740944319,-5.823908740944319,-5.823908740944319,-5.823908740944319,-5.823908740944319,-5.823908740944319,-5.823908740944319,-5.823908740944319,-5.823908740944319,-5.823908740944319,-5.823908740944319,-5.823908740944319
-5.1697697498704995,-4.949013179815363,-5.2197532647593645,-5.032346307266346,-5.16463015280523,-4.958926887902287,-5.049747940060615,-5.055049467173635,-4.9552182849412265,-5.000003886935268,-5.039666035495203,-4.972054693922501,-4.909857519383397,-4.871518737055674,-5.058634631514381,-5.054151968975552,-5.092667657274687,-5.029770759366037,-4.896251791733806,-4.993278100608059,-5.6777807052660805,-5.6777807052660805,-5.6777807052660805,-5.6777807052660805,-5.6777807052660805,-5.6777807052660805,-5.6777807052660805,-5.6777807052660805,-5.6777807052660805,-5.6777807052660805,-5.6777807052660805,-5.6777807052660805,-5.6777807052660805,-5.6777807052660805,-5.6777807052660805,-5.6777807052660805,-5.6777807052660805,-5.6777807052660805,-5.6777807052660805,-5.6777807052660805
-5.004683155201891,-4.957411980958715,-5.018051137973883,-5.006208711483769,-5.082556907575577,-5.061101669843952,-4.915562457744474,-5.010282048214459,-5.00937507671569,-4.985672379639355,-4.977537603776279,-4.968554162752718,-4.973229571304799,-4.828209479594866,-4.878071004188579,-4.945146708276997,-5.046835404697227,-4.794878683262032,-4.972228253010437,-4.901455271647798,-4.7447274948966935,-4.7447274948966935,-4.7447274948966935,-4.7447274948966935,-4.7447274948966935,-4.7447274948966935,-4.7447274948966935,-4.7447274948966935,-4.7447274948966935,-4.7447274948966935,-4.7447274948966935,-4.7447274948966935,-4.7447274948966935,-4.7447274948966935,-4.7447274948966935,-4.7447274948966935,-4.7447274948966935,-4.7447274948966935,-4.7447274948966935,-4.7447274948966935
-5.855041727445352,-5.702483877620878,-5.879621614792197,-5.7116003786568115,-5.850798474834178,-4.9579914688186415,-5.930130391946948,-5.824146943201823,-5.698794321854986,-5.82285345249949,-5.815777768358436,-5.753485435443965,-5.8940183376447175,-5.891493220928295,-5.949675694180497,-5.888188010963983,-5.916316936839199,-5.853639087406111,-4.971296418427247,-5.8696482895031625,-5.468521082957745,-5.468521082957745,-5.468521082957745,-5.468521082957745,-5.468521082957745,-5.468521082957745,-5.468521082957745,-5.468521082957745,-5.468521082957745,-5.468521082957745,-5.468521082957745,-5.468521082957745,-5.468521082957745,-5.468521082957745,-5.468521082957745,-5.468521082957745,-5.468521082957745,-5.468521082957745,-5.468521082957745,-5.468521082957745
-5.60861335529547,-5.635010107294423,-5.664919670090925,-5.6135975703522565,-5.821015784482236,-5.598589908228436,-5.6615473890653485,-5.63041132130124,-5.586315509875184,-5.581890857521901,-5.697994232543029,-5.637915511987848,-5.6955506301930905,-5.6711245727979565,-5.623684309963244,-5.554457925805815,-5.643172459401823,-5.531536661941821,-5.768984913207571,-5.63945996634082,-5.657577319177793,-5.657577319177793,-5.657577319177793,-5.657577319177793,-5.657577319177793,-5.657577319177793,-5.657577319177793,-5.657577319177793,-5.657577319177793,-5.657577319177793,-5.657577319177793,-5.657577319177793,-5.657577319177793,-5.657577319177793,-5.657577319177793,-5.657577319177793,-5.657577319177793,-5.657577319177793,-5.657577319177793,-5.657577319177793
-5.770228182609268,-5.897739219753857,-5.906699372739807,-5.871227695142984,-5.748706248723711,-5.8425458600628835,-5.89817900600282,-5.776239229539905,-5.876658922267565,-5.781486254369819,-5.900102700933676,-5.889311758077276,-5.935484252971471,-5.90317833280023,-5.874294056655764,-5.931340913140731,-5.889793629139373,-5.90475196043443,-5.8832496314392415,-5.882547513108925,-5.585026652029182,-5.585026652029182,-5.585026652029182,-5.585026652029182,-5.585026652029182,-5.585026652029182,-5.585026652029182,-5.585026652029182,-5.585026652029182,-5.585026652029182,-5.585026652029182,-5.585026652029182,-5.585026652029182,-5.585026652029182,-5.585026652029182,-5.585026652029182,-5.585026652029182,-5.585026652029182,-5.585026652029182,-5.585026652029182
-5.744134573696821,-5.809681358554734,-5.816467249517438,-5.786164419527672,-5.749852664127096,-5.771601590782722,-5.800059791714258,-5.769552451859757,-5.827914487606354,-5.70441369056657,-5.7999024579785345,-5.8110789867225385,-5.825320068460461,-5.796985676771426,-5.760306121966014,-5.763998625599364,-5.786338225737327,-5.7684737401644,-5.743910972295842,-5.772403622115484,-5.769551078621726,-5.769551078621726,-5.769551078621726,-5.769551078621726,-5.769551078621726,-5.769551078621726,-5.769551078621726,-5.769551078621726,-5.769551078621726,-5.769551078621726,-5.769551078621726,-5.769551078621726,-5.769551078621726,-5.769551078621726,-5.769551078621726,-5.769551078621726,-5.769551078621726,-5.769551078621726,-5.769551078621726,-5.769551078621726
-5.901223298054258,-5.931117889252733,-5.915254917279864,-5.870306895733192,-5.778019538696254,-5.9130015265983165,-5.823696913882656,-5.83777407594605,-6.012771126379695,-5.977152862052847,-5.92863437811286,-5.982221505505989,-5.862168004098553,-5.881912267589301,-5.897291010998078,-5.8621299338875215,-5.76013013650875,-5.920872536524879,-5.756387029571014,-5.914233433541751,-5.6777807052660805,-5.6777807052660805,-5.6777807052660805,-5.6777807052660805,-5.6777807052660805,-5.6777807052660805,-5.6777807052660805,-5.6777807052660805,-5.6777807052660805,-5.6777807052660805,-5.6777807052660805,-5.6777807052660805,-5.6777807052660805,-5.6777807052660805,-5.6777807052660805,-5.6777807052660805,-5.6777807052660805,-5.6777807052660805,-5.6777807052660805,-5.6777807052660805
-5.182484442831197,-5.284928242776767,-5.249457211549222,-5.228623296862985,-5.425737378074037,-5.160407083931704,-5.189620839213033,-5.245903610671923,-5.183629191646885,-5.224750492612214,-5.2936814312161395,-5.295557751268331,-5.202847757285043,-5.262050234846502,-5.106523735059522,-5.161871302705891,-5.1264685872033,-5.162687619278553,-5.16732261509148,-5.202202203117157,-5.823908740944319,-5.823908740944319,-5.823908740944319,-5.823908740944319,-5.823908740944319,-5.823908740944319,-5.823908740944319,-5.823908740944319,-5.823908740944319,-5.823908740944319,-5.823908740944319,-5.823908740944319,-5.823908740944319,-5.823908740944319,-5.823908740944319,-5.823908740944319,-5.823908740944319,-5.823908740944319,-5.823908740944319,-5.823908740944319
-5.519171599601056,-5.4850619955800894,-5.513952824082408,-5.464923125625643,-5.509170867688984,-5.487300380038352,-5.462793747323886,-5.4998155724676465,-5.49630676314736,-5.550224448995253,-5.524391488853979,-5.485376716662903,-5.479403801963875,-5.522520969493834,-5.5501473653086455,-5.489729756513068,-5.506739170668373,-5.554133478985042,-5.527110628872716,-5.480018514913811,-5.568636235841013,-5.568636235841013,-5.568636235841013,-5.568636235841013,-5.568636235841013,-5.568636235841013,-5.568636235841013,-5.568636235841013,-5.568636235841013,-5.568636235841013,-5.568636235841013,-5.568636235841013,-5.568636235841013,-5.568636235841013,-5.568636235841013,-5.568636235841013,-5.568636235841013,-5.568636235841013,-5.568636235841013,-5.568636235841013
-5.735555263046375,-5.7602167786948595,-5.753916037979554,-5.700996791973772,-5.697824974711249,-5.770215155606311,-5.710350142562435,-5.70351725491598,-5.784280329208616,-5.751621032001203,-5.747797123666045,-5.796266525100865,-5.776162432056021,-5.733835457556058,-5.75571023305705,-5.6887085539612166,-5.669662730789795,-5.719218427551685,-5.676155325671177,-5.730737282271016,-5.6777807052660805,-5.6777807052660805,-5.6777807052660805,-5.6777807052660805,-5.6777807052660805,-5.6777807052660805,-5.6777807052660805,-5.6777807052660805,-5.6777807052660805,-5.6777807052660805,-5.6777807052660805,-5.6777807052660805,-5.6777807052660805,-5.6777807052660805,-5.6777807052660805,-5.6777807052660805,-5.6777807052660805,-5.6777807052660805,-5.6777807052660805,-5.6777807052660805
-5.593987496704507,-5.566865089577589,-5.580488905799093,-5.554831302894723,-5.585280668952027,-5.586041061050089,-5.543937391968407,-5.581007727868972,-5.597668260190556,-5.5880011388927056,-5.595272369413269,-5.579617323213235,-5.587572415347396,-5.55234739472034,-5.580009561081758,-5.535315335354477,-5.549984690547819,-5.549584017875627,-5.560161801204103,-5.55945166892383,-5.4089353929735005,-5.4089353929735005,-5.4089353929735005,-5.4089353929735005,-5.4089353929735005,-5.4089353929735005,-5.4089353929735005,-5.4089353929735005,-5.4089353929735005,-5.4089353929735005,-5.4089353929735005,-5.4089353929735005,-5.4089353929735005,-5.4089353929735005,-5.4089353929735005,-5.4089353929735005,-5.4089353929735005,-5.4089353929735005,-5.4089353929735005,-5.4089353929735005
-5.620826200553382,-5.590305434676531,-5.528320755366191,-5.5643140096826835,-5.557805456343822,-5.571636421867379,-5.556035641327908,-5.533739767721038,-5.544423462040469,-5.674481771630857,-5.6808233181870165,-5.570606234171317,-5.679201389733122,-5.53902282947297,-5.663540497044027,-5.626504364213004,-5.642843736144135,-5.5817482714524544,-5.6540211191047645,-5.597351813297092,-5.886056647693163,-5.886056647693163,-5.886056647693163,-5.886056647693163,-5.886056647693163,-5.886056647693163,-5.886056647693163,-5.886056647693163,-5.886056647693163,-5.886056647693163,-5.886056647693163,-5.886056647693163,-5.886056647693163,-5.886056647693163,-5.886056647693163,-5.886056647693163,-5.886056647693163,-5.886056647693163,-5.886056647693163,-5.886056647693163
-6.15009206289195,-6.248397870094499,-6.3018629800224994,-6.174561097494883,-6.27717997725113,-6.1982325869148855,-6.257528084710851,-6.227734359968952,-6.103863766633366,-6.0719506857812195,-6.13829433073838,-6.158114386864405,-6.157190950224722,-6.281373197110748,-6.265632993860406,-6.148528137045626,-6.261489056954844,-6.282564177178478,-6.305216575108561,-6.135790717993359,-6.136677139879544,-6.136677139879544,-6.136677139879544,-6.136677139879544,-6.136677139879544,-6.136677139879544,-6.136677139879544,-6.136677139879544,-6.136677139879544,-6.136677139879544,-6.136677139879544,-6.136677139879544,-6.136677139879544,-6.136677139879544,-6.136677139879544,-6.136677139879544,-6.136677139879544,-6.136677139879544,-6.136677139879544,-6.136677139879544
-5.811116397464338,-5.840094283360269,-5.880295092268374,-5.836205622903996,-5.870258855301994,-5.822590742870679,-5.848607983040894,-5.820765049752701,-5.858483966098776,-5.89673953003619,-5.90189080889108,-5.863725466603063,-5.857815912597732,-5.873500467117016,-5.837819887136421,-5.858514777489036,-5.851404071617547,-5.873085639047602,-5.870305541249417,-5.861791895049994,-6.0,-6.0,-6.0,-6.0,-6.0,-6.0,-6.0,-6.0,-6.0,-6.0,-6.0,-6.0,-6.0,-6.0,-6.0,-6.0,-6.0,-6.0,-6.0,-6.0
-6.022855929391755,-6.075187968549315,-6.011705477690889,-6.0190617384004295,-5.912849396989118,-6.175884859234126,-6.010249971476808,-5.906604039524022,-6.104851527491202,-6.180976881689053,-6.165989221609319,-6.2155188175200635,-6.1233771664371295,-5.877095725535801,-6.051568701606933,-6.061821816737863,-5.952459928669112,-6.023034078477988,-5.990170168098879,-6.117876347405711,-5.481486060122113,-5.481486060122113,-5.481486060122113,-5.481486060122113,-5.481486060122113,-5.481486060122113,-5.481486060122113,-5.481486060122113,-5.481486060122113,-5.481486060122113,-5.481486060122113,-5.481486060122113,-5.481486060122113,-5.481486060122113,-5.481486060122113,-5.481486060122113,-5.481486060122113,-5.481486060122113,-5.481486060122113,-5.481486060122113
-5.880165913555276,-5.868567137712805,-5.910487506534661,-5.872736896511489,-5.911783302703757,-5.818575715029543,-5.895231139848615,-5.900466570451646,-5.87323501425123,-5.908186543222168,-5.879680797221285,-5.857555085814861,-5.898754148823203,-5.947324337795183,-5.887592488941751,-5.897732858695494,-5.899146815965595,-5.90495155759612,-5.925041830186859,-5.883902998109256,-6.017728766960432,-6.017728766960432,-6.017728766960432,-6.017728766960432,-6.017728766960432,-6.017728766960432,-6.017728766960432,-6.017728766960432,-6.017728766960432,-6.017728766960432,-6.017728766960432,-6.017728766960432,-6.017728766960432,-6.017728766960432,-6.017728766960432,-6.017728766960432,-6.017728766960432,-6.017728766960432,-6.017728766960432,-6.017728766960432
-5.819871961053361,-5.899472129647182,-6.00238835869634,-5.905850810577048,-5.999987884438611,-5.916020033258412,-5.958889603168681,-5.865697184876923,-5.935620976048511,-6.036518877616524,-6.005295299498107,-5.98130451679359,-6.037409328283944,-6.001043930059063,-5.962688406227075,-6.034455430608792,-6.021754859528866,-5.98812149151218,-6.046220480209931,-6.0318399141098675,-5.853871964321762,-5.853871964321762,-5.853871964321762,-5.853871964321762,-5.853871964321762,-5.853871964321762,-5.853871964321762,-5.853871964321762,-5.853871964321762,-5.853871964321762,-5.853871964321762,-5.853871964321762,-5.853871964321762,-5.853871964321762,-5.853871964321762,-5.853871964321762,-5.853871964321762,-5.853871964321762,-5.853871964321762,-5.853871964321762
-5.795119474821403,-5.698601908533142,-5.664569211158203,-5.703731194587678,-5.66820163301132,-5.719290641732159,-5.66783931131114,-5.6915621370465,-5.695472532695029,-5.820006434685841,-5.790240381991603,-5.735646579853108,-5.805814367469383,-5.643306092972694,-5.7394699139034975,-5.778297200367359,-5.70905584027801,-5.7025979278414205,-5.742475118145328,-5.7510019391879945,-5.853871964321762,-5.853871964321762,-5.853871964321762,-5.853871964321762,-5.853871964321762,-5.853871964321762,-5.853871964321762,-5.853871964321762,-5.853871964321762,-5.853871964321762,-5.853871964321762,-5.853871964321762,-5.853871964321762,-5.853871964321762,-5.853871964321762,-5.853871964321762,-5.853871964321762,-5.853871964321762,-5.853871964321762,-5.853871964321762
-5.616075828681603,-5.538047412979156,-5.588816084520527,-5.525002329195095,-5.609319083106556,-5.53284775048334,-5.579265909829895,-5.577834358302089,-5.521456855497999,-5.621031278170151,-5.616507937398455,-5.52706876953812,-5.60012915174157,-5.6289516118904315,-5.664982984978854,-5.5858120285420165,-5.649073967025278,-5.6290451599776885,-5.68739528411645,-5.5665024733014,-5.698970004336019,-5.698970004336019,-5.698970004336019,-5.698970004336019,-5.698970004336019,-5.698970004336019,-5.698970004336019,-5.698970004336019,-5.698970004336019,-5.698970004336019,-5.698970004336019,-5.698970004336019,-5.698970004336019,-5.698970004336019,-5.698970004336019,-5.698970004336019,-5.698970004336019,-5.698970004336019,-5.698970004336019,-5.698970004336019
-5.580055523540692,-5.5050264081415055,-5.544746015280122,-5.515203714341432,-5.588856299192056,-5.529116599213072,-5.565906110313832,-5.533680953257428,-5.5105582839344445,-5.650486134070877,-5.66730259853801,-5.532151509369616,-5.649075739737846,-5.563119542105224,-5.630516981821562,-5.59612967168678,-5.648642002672916,-5.570510176933525,-5.6979087667783155,-5.578463904201284,-5.958607314841775,-5.958607314841775,-5.958607314841775,-5.958607314841775,-5.958607314841775,-5.958607314841775,-5.958607314841775,-5.958607314841775,-5.958607314841775,-5.958607314841775,-5.958607314841775,-5.958607314841775,-5.958607314841775,-5.958607314841775,-5.958607314841775,-5.958607314841775,-5.958607314841775,-5.958607314841775,-5.958607314841775,-5.958607314841775
-5.951307294689608,-5.969295751290469,-5.935576407975517,-5.997783389847504,-5.974012970576878,-5.8859160370716905,-5.92022453567303,-5.93711263820779,-5.893102071186932,-5.8976350276453005,-5.913524085425891,-5.888875753693413,-5.864131615312771,-5.969634646580069,-5.9188318407900695,-5.984176280334711,-5.863705403515636,-5.941470078733723,-5.805199265791947,-5.932478112005191,-5.42021640338319,-5.42021640338319,-5.42021640338319,-5.42021640338319,-5.42021640338319,-5.42021640338319,-5.42021640338319,-5.42021640338319,-5.42021640338319,-5.42021640338319,-5.42021640338319,-5.42021640338319,-5.42021640338319,-5.42021640338319,-5.42021640338319,-5.42021640338319,-5.42021640338319,-5.42021640338319,-5.42021640338319,-5.42021640338319
-6.472489885468247,-6.440369894609095,-6.296890694938195,-6.457651808555391,-6.314186079672206,-6.227680886983268,-6.189022650918824,-6.516840872561669,-6.3216390956127455,-6.309895384646247,-6.3111405952413,-6.267378831978118,-6.326863251832501,-6.313050582328517,-6.343766137868908,-6.357258032116449,-6.355716318127266,-6.314127969757935,-6.248116704347299,-6.2967687146756015,-5.886056647693163,-5.886056647693163,-5.886056647693163,-5.886056647693163,-5.886056647693163,-5.886056647693163,-5.886056647693163,-5.886056647693163,-5.886056647693163,-5.886056647693163,-5.886056647693163,-5.886056647693163,-5.886056647693163,-5.886056647693163,-5.886056647693163,-5.886056647693163,-5.886056647693163,-5.886056647693163,-5.886056647693163,-5.886056647693163
-5.483946431340094,-5.439554902179252,-5.461574153488581,-5.410740743040727,-5.517348664454291,-5.366475319301101,-5.453390868711373,-5.519780643999555,-5.302957626901988,-5.470545246273767,-5.536614994914842,-5.351222132253591,-5.4597714527696155,-5.584776708783127,-5.624306508114958,-5.438917322158865,-5.633994341716342,-5.519726795702608,-5.573169964603995,-5.371849139264637,-5.236572006437063,-5.236572006437063,-5.236572006437063,-5.236572006437063,-5.236572006437063,-5.236572006437063,-5.236572006437063,-5.236572006437063,-5.236572006437063,-5.236572006437063,-5.236572006437063,-5.236572006437063,-5.236572006437063,-5.236572006437063,-5.236572006437063,-5.236572006437063,-5.236572006437063,-5.236572006437063,-5.236572006437063,-5.236572006437063
-6.179466465121363,-6.1739839796896785,-6.018227816282609,-6.201850823209682,-6.020373638863786,-6.101743574633316,-5.991522109577483,-6.163611163251854,-6.128073746515751,-6.160638016632473,-6.185663609519239,-6.106503840921172,-6.200003492695624,-5.967740777630167,-6.040896733262611,-6.149531442414462,-6.084527012443233,-6.012158820273043,-6.001411694215699,-6.114364993150055,-5.769551078621726,-5.769551078621726,-5.769551078621726,-5.769551078621726,-5.769551078621726,-5.769551078621726,-5.769551078621726,-5.769551078621726,-5.769551078621726,-5.769551078621726,-5.769551078621726,-5.769551078621726,-5.769551078621726,-5.769551078621726,-5.769551078621726,-5.769551078621726,-5.769551078621726,-5.769551078621726,-5.769551078621726,-5.769551078621726
-5.848377742891787,-5.900517782045365,-6.077799749475825,-5.830078373495474,-5.973265851509481,-5.979733395821615,-6.0735030501881395,-5.859444748379025,-5.912183234146478,-5.9958622791468095,-5.988726547765998,-6.001269406123509,-6.033364029040194,-6.140748671126399,-6.10319630250868,-5.975432302531062,-6.025767334305736,-6.055764067773911,-6.192533746766944,-5.998908079922764,-5.920818753952375,-5.920818753952375,-5.920818753952375,-5.920818753952375,-5.920818753952375,-5.920818753952375,-5.920818753952375,-5.920818753952375,-5.920818753952375,-5.920818753952375,-5.920818753952375,-5.920818753952375,-5.920818753952375,-5.920818753952375,-5.920818753952375,-5.920818753952375,-5.920818753952375,-5.920818753952375,-5.920818753952375,-5.920818753952375
-5.884255739266521,-5.972345250227874,-5.853773339573573,-5.891824473594468,-5.943725242050628,-5.833716601301153,-5.80981650175377,-5.867861814557225,-5.860153197053469,-5.8442609585225425,-5.926037144490733,-5.922531889380035,-5.826420014460012,-5.802606590498724,-5.780295500596693,-5.7697902483048695,-5.749461947444401,-5.8114549269257,-5.7284574877953105,-5.816526031627425,-6.008773924307505,-6.008773924307505,-6.008773924307505,-6.008773924307505,-6.008773924307505,-6.008773924307505,-6.008773924307505,-6.008773924307505,-6.008773924307505,-6.008773924307505,-6.008773924307505,-6.008773924307505,-6.008773924307505,-6.008773924307505,-6.008773924307505,-6.008773924307505,-6.008773924307505,-6.008773924307505,-6.008773924307505,-6.008773924307505
-5.400168144743731,-5.385061836832895,-5.349112049221437,-5.409509746585957,-5.491862103824556,-5.36208042852248,-5.31970580370495,-5.4133822806692296,-5.443064582542465,-5.368752608633159,-5.446956919842861,-5.38948031578836,-5.396179081545613,-5.289525025492319,-5.282668531412582,-5.277363524793022,-5.304420843941566,-5.228193581938099,-5.311223852804588,-5.36396521336628,-5.769551078621726,-5.769551078621726,-5.769551078621726,-5.769551078621726,-5.769551078621726,-5.769551078621726,-5.769551078621726,-5.769551078621726,-5.769551078621726,-5.769551078621726,-5.769551078621726,-5.769551078621726,-5.769551078621726,-5.769551078621726,-5.769551078621726,-5.769551078621726,-5.769551078621726,-5.769551078621726,-5.769551078621726,-5.769551078621726
-5.697606213466218,-5.784614516366429,-5.746744853208788,-5.7056425267712765,-5.84788724699457,-5.676534708903908,-5.715769515174436,-5.708542827067147,-5.698529030429483,-5.708338418113675,-5.76244483799026,-5.769066028655885,-5.738906195680101,-5.788800052474835,-5.679997933762168,-5.644163216912191,-5.714472638829702,-5.70854052666614,-5.672677609593655,-5.672120715379148,-6.267606240177032,-6.267606240177032,-6.267606240177032,-6.267606240177032,-6.267606240177032,-6.267606240177032,-6.267606240177032,-6.267606240177032,-6.267606240177032,-6.267606240177032,-6.267606240177032,-6.267606240177032,-6.267606240177032,-6.267606240177032,-6.267606240177032,-6.267606240177032,-6.267606240177032,-6.267606240177032,-6.267606240177032,-6.267606240177032
-5.73674908183766,-5.800475711049213,-5.6175911604602495,-5.77051830913146,-5.745252516154284,-5.684801292208944,-5.571780511432749,-5.722689999397235,-5.797112664263701,-5.708852105027219,-5.773396839546609,-5.75532393784919,-5.669586864886272,-5.53472229614721,-5.559840375741904,-5.604542407619789,-5.518720871759143,-5.555770024103154,-5.4750616674854236,-5.700685983921161,-5.2076083105017466,-5.2076083105017466,-5.2076083105017466,-5.2076083105017466,-5.2076083105017466,-5.2076083105017466,-5.2076083105017466,-5.2076083105017466,-5.2076083105017466,-5.2076083105017466,-5.2076083105017466,-5.2076083105017466,-5.2076083105017466,-5.2076083105017466,-5.2076083105017466,-5.2076083105017466,-5.2076083105017466,-5.2076083105017466,-5.2076083105017466,-5.2076083105017466
-5.580628039791758,-5.628821206883855,-5.724594909355955,-5.579253689977168,-5.633014157536873,-5.663999379251668,-5.643316804006329,-5.601258371043484,-5.655001185685626,-5.7028796556937085,-5.65755221185012,-5.703460620438548,-5.650842264809121,-5.746402278999644,-5.709136913700087,-5.675478717329865,-5.634420436628971,-5.735473607480592,-5.653894158705299,-5.691079847315735,-5.267606240177032,-5.267606240177032,-5.267606240177032,-5.267606240177032,-5.267606240177032,-5.267606240177032,-5.267606240177032,-5.267606240177032,-5.267606240177032,-5.267606240177032,-5.267606240177032,-5.267606240177032,-5.267606240177032,-5.267606240177032,-5.267606240177032,-5.267606240177032,-5.267606240177032,-5.267606240177032,-5.267606240177032,-5.267606240177032
-5.886328404596391,-5.988444514370542,-5.97186590666032,-5.965502229524356,-5.964313706382059,-6.003315189167561,-5.969277859682531,-5.942429202479284,-5.971001571921579,-5.969687285278141,-5.979681171432713,-5.972779374968376,-5.993664834457527,-5.978246901674073,-6.057726351575719,-6.055549835424165,-6.048782673808102,-6.016660119248566,-6.069658675989517,-6.001588508846256,-5.886056647693163,-5.886056647693163,-5.886056647693163,-5.886056647693163,-5.886056647693163,-5.886056647693163,-5.886056647693163,-5.886056647693163,-5.886056647693163,-5.886056647693163,-5.886056647693163,-5.886056647693163,-5.886056647693163,-5.886056647693163,-5.886056647693163,-5.886056647693163,-5.886056647693163,-5.886056647693163,-5.886056647693163,-5.886056647693163
-5.745103972869531,-5.83300333930063,-5.847355792391191,-5.803029058511747,-5.846091725487276,-5.824730576636503,-5.8277437039523745,-5.827183595665352,-5.804073180861666,-5.785320476839501,-5.786994937223998,-5.800631002212736,-5.791633142252833,-5.851079109476281,-5.928814851013015,-5.858036713010847,-5.875095287064774,-5.865840027702727,-5.882635324583328,-5.828973632677814,-5.958607314841775,-5.958607314841775,-5.958607314841775,-5.958607314841775,-5.958607314841775,-5.958607314841775,-5.958607314841775,-5.958607314841775,-5.958607314841775,-5.958607314841775,-5.958607314841775,-5.958607314841775,-5.958607314841775,-5.958607314841775,-5.958607314841775,-5.958607314841775,-5.958607314841775,-5.958607314841775,-5.958607314841775,-5.958607314841775
-5.737843390512649,-5.65806556700353,-5.72726646488075,-5.711346377311252,-5.760177910199651,-5.718870324420444,-5.741944517139279,-5.712604557901694,-5.715037740385951,-5.794222198349845,-5.772888681263834,-5.708281932513326,-5.808158525794169,-5.73565322399444,-5.7427767476670555,-5.798851142903167,-5.7944665678062055,-5.740550279609036,-5.872971297578491,-5.775027102053309,-5.853871964321762,-5.853871964321762,-5.853871964321762,-5.853871964321762,-5.853871964321762,-5.853871964321762,-5.853871964321762,-5.853871964321762,-5.853871964321762,-5.853871964321762,-5.853871964321762,-5.853871964321762,-5.853871964321762,-5.853871964321762,-5.853871964321762,-5.853871964321762,-5.853871964321762,-5.853871964321762,-5.853871964321762,-5.853871964321762
-5.861010332880062,-5.745578750502892,-5.801522483640541,-5.798346546171582,-5.821047401354848,-5.730568536896547,-5.8156482549316095,-5.838230774025098,-5.739246622924675,-5.889530572053598,-5.8709099104088605,-5.765296218335253,-5.8836827753748615,-5.8333340850374205,-5.814489544208617,-5.887042480249961,-5.8808117473821415,-5.837108651482822,-5.926545637732474,-5.826322205068915,-5.638272163982407,-5.638272163982407,-5.638272163982407,-5.638272163982407,-5.638272163982407,-5.638272163982407,-5.638272163982407,-5.638272163982407,-5.638272163982407,-5.638272163982407,-5.638272163982407,-5.638272163982407,-5.638272163982407,-5.638272163982407,-5.638272163982407,-5.638272163982407,-5.638272163982407,-5.638272163982407,-5.638272163982407,-5.638272163982407
-5.637211819546324,-5.751811925687905,-5.885374293747116,-5.747097013421151,-5.86268846681052,-5.816811378178288,-5.892238550690016,-5.694667620066214,-5.788241183784794,-5.915866632328809,-5.903661449640252,-5.86760879895786,-5.96112581667991,-5.937727149348683,-5.832631224199131,-5.912978287617372,-5.918685122704678,-5.877265367892162,-5.963278198188711,-5.895417526251633,-5.853871964321762,-5.853871964321762,-5.853871964321762,-5.853871964321762,-5.853871964321762,-5.853871964321762,-5.853871964321762,-5.853871964321762,-5.853871964321762,-5.853871964321762,-5.853871964321762,-5.853871964321762,-5.853871964321762,-5.853871964321762,-5.853871964321762,-5.853871964321762,-5.853871964321762,-5.853871964321762,-5.853871964321762,-5.853871964321762
-5.923617731075696,-6.000379295459007,-6.034103530749672,-5.989746275266112,-6.0206485376037895,-6.081305656515497,-6.015964832561422,-5.983584498776545,-5.976782978703192,-5.9847938692344504,-6.011750412736115,-6.009230950804591,-6.030193796943658,-5.96030809057882,-6.006887830533982,-6.032668399796429,-6.076422925096752,-6.032711685485765,-6.042229933003067,-6.015577214046395,-5.657577319177793,-5.657577319177793,-5.657577319177793,-5.657577319177793,-5.657577319177793,-5.657577319177793,-5.657577319177793,-5.657577319177793,-5.657577319177793,-5.657577319177793,-5.657577319177793,-5.657577319177793,-5.657577319177793,-5.657577319177793,-5.657577319177793,-5.657577319177793,-5.657577319177793,-5.657577319177793,-5.657577319177793,-5.657577319177793
-5.859286209026644,-5.728808629600832,-5.831802733859176,-5.794905294723014,-5.845974910332745,-5.7872318373022775,-5.874907897056366,-5.838417666938184,-5.741788013095134,-5.925640212667906,-5.8708378164459,-5.779669666405649,-5.929013592037325,-5.899761365668949,-5.881102070895198,-5.956590728111521,-5.95031034274188,-5.901849294546142,-6.06572349517264,-5.902053883410385,-5.481486060122113,-5.481486060122113,-5.481486060122113,-5.481486060122113,-5.481486060122113,-5.481486060122113,-5.481486060122113,-5.481486060122113,-5.481486060122113,-5.481486060122113,-5.481486060122113,-5.481486060122113,-5.481486060122113,-5.481486060122113,-5.481486060122113,-5.481486060122113,-5.481486060122113,-5.481486060122113,-5.481486060122113,-5.481486060122113
-5.644287397934228,-5.699873903413329,-5.795018103462314,-5.662845314094494,-5.738950788123071,-5.765090158711404,-5.756231428275223,-5.619810515140569,-5.725348609143894,-5.831573654319399,-5.834818925456737,-5.790178971131244,-5.788428758856977,-5.788459629194101,-5.798841817657957,-5.772598736364467,-5.755606971872974,-5.80829868599937,-5.84547495737302,-5.796802408262299,-5.721246399047171,-5.721246399047171,-5.721246399047171,-5.721246399047171,-5.721246399047171,-5.721246399047171,-5.721246399047171,-5.721246399047171,-5.721246399047171,-5.721246399047171,-5.721246399047171,-5.721246399047171,-5.721246399047171,-5.721246399047171,-5.721246399047171,-5.721246399047171,-5.721246399047171,-5.721246399047171,-5.721246399047171,-5.721246399047171
-5.5641517759688295,-5.606350336909264,-5.693647786726793,-5.565489216086509,-5.634508629896507,-5.639299560221758,-5.631789986608353,-5.556583583900641,-5.6264060367937185,-5.692967962749419,-5.6812545647770545,-5.658328540287294,-5.623406488476612,-5.679769626121908,-5.6762373820502665,-5.631540633481576,-5.63768541729153,-5.687840184364383,-5.661655477549751,-5.642864383207586,-6.036212172654444,-6.036212172654444,-6.036212172654444,-6.036212172654444,-6.036212172654444,-6.036212172654444,-6.036212172654444,-6.036212172654444,-6.036212172654444,-6.036212172654444,-6.036212172654444,-6.036212172654444,-6.036212172654444,-6.036212172654444,-6.036212172654444,-6.036212172654444,-6.036212172654444,-6.036212172654444,-6.036212172654444,-6.036212172654444
-6.018286408072882,-6.0657812007413385,-6.055178265875311,-6.068324593389775,-6.076634162606776,-6.0229224445108445,-6.066517739021405,-6.03913585611329,-6.045268852905809,-6.066424261711405,-6.084429560964576,-6.0440084230210305,-6.064818410416378,-6.034765789560398,-6.030918078090991,-6.066703472604335,-6.064294152307421,-6.036206509761242,-6.053236202023925,-6.067841415364347,-5.795880017344075,-5.795880017344075,-5.795880017344075,-5.795880017344075,-5.795880017344075,-5.795880017344075,-5.795880017344075,-5.795880017344075,-5.795880017344075,-5.795880017344075,-5.795880017344075,-5.795880017344075,-5.795880017344075,-5.795880017344075,-5.795880017344075,-5.795880017344075,-5.795880017344075,-5.795880017344075,-5.795880017344075,-5.795880017344075
-6.064366925566366,-6.110839351006614,-6.159680202212034,-6.1033809207516825,-6.115217407693695,-6.081615603224572,-6.133320656855682,-6.099612476976723,-5.962216097746226,-5.976909034525671,-6.053739988115838,-6.037385251488827,-6.062558987257702,-6.145673470013666,-6.120082956274666,-6.032030564882211,-6.182887815068702,-6.104967472249628,-6.060790807740457,-5.999744772680717,-5.494850021680094,-5.494850021680094,-5.494850021680094,-5.494850021680094,-5.494850021680094,-5.494850021680094,-5.494850021680094,-5.494850021680094,-5.494850021680094,-5.494850021680094,-5.494850021680094,-5.494850021680094,-5.494850021680094,-5.494850021680094,-5.494850021680094,-5.494850021680094,-5.494850021680094,-5.494850021680094,-5.494850021680094,-5.494850021680094
-5.162410657000251,-4.915200744416653,-5.2484005957689925,-4.98160898337282,-5.187145467924941,-5.104289836583228,-4.7791416720326225,-5.102629522210306,-5.056109894157103,-4.744754808215971,-4.878766361556687,-5.062910936556692,-4.863360872264756,-5.079052770407241,-5.086641346555271,-4.942255036373638,-4.816137129800575,-4.889966439851058,-4.95039496610232,-4.931906397522915,-5.187086643357144,-5.187086643357144,-5.187086643357144,-5.187086643357144,-5.187086643357144,-5.187086643357144,-5.187086643357144,-5.187086643357144,-5.187086643357144,-5.187086643357144,-5.187086643357144,-5.187086643357144,-5.187086643357144,-5.187086643357144,-5.187086643357144,-5.187086643357144,-5.187086643357144,-5.187086643357144,-5.187086643357144,-5.187086643357144
-5.144248699941881,-5.039864798045353,-5.275693319671322,-5.015449554477707,-5.255368916354122,-5.367833309962876,-5.011244630168497,-4.99512997805713,-5.177751737153341,-4.993895373774067,-5.043604803775954,-5.18940489967853,-5.018238351860073,-5.279265591443568,-5.333007618018319,-5.095092813990682,-4.984934389545017,-5.088458688476359,-5.211170732738052,-5.187996923646318,-5.552841968657781,-5.552841968657781,-5.552841968657781,-5.552841968657781,-5.552841968657781,-5.552841968657781,-5.552841968657781,-5.552841968657781,-5.552841968657781,-5.552841968657781,-5.552841968657781,-5.552841968657781,-5.552841968657781,-5.552841968657781,-5.552841968657781,-5.552841968657781,-5.552841968657781,-5.552841968657781,-5.552841968657781,-5.552841968657781
-5.333267569469449,-4.861416375492339,-4.88768940093884,-4.876609595512223,-4.853046336351624,-5.021850174199184,-4.78057745792362,-5.2707743441123025,-4.862756921147534,-4.82000721630211,-4.76010152644038,-4.823476311460075,-4.904420195721596,-4.764468885438719,-4.991866081338047,-4.934280931732143,-4.919614009071898,-4.76384428035731,-5.032083681057676,-4.990806612122542,-4.494850021680094,-4.494850021680094,-4.494850021680094,-4.494850021680094,-4.494850021680094,-4.494850021680094,-4.494850021680094,-4.494850021680094,-4.494850021680094,-4.494850021680094,-4.494850021680094,-4.494850021680094,-4.494850021680094,-4.494850021680094,-4.494850021680094,-4.494850021680094,-4.494850021680094,-4.494850021680094,-4.494850021680094,-4.494850021680094
-5.7598037374932245,-5.7418467384534235,-5.6775792170101225,-5.705322464496073,-5.684456289107265,-5.74297959968694,-5.688412322548066,-5.688652517027825,-5.712415573482022,-5.784094803843718,-5.786081676452464,-5.728846024836716,-5.798066561705332,-5.670829394994731,-5.793441282367124,-5.741084534797831,-5.74458872450067,-5.724137103836943,-5.780338787504365,-5.728870063564851,-6.107905397309519,-6.107905397309519,-6.107905397309519,-6.107905397309519,-6.107905397309519,-6.107905397309519,-6.107905397309519,-6.107905397309519,-6.107905397309519,-6.107905397309519,-6.107905397309519,-6.107905397309519,-6.107905397309519,-6.107905397309519,-6.107905397309519,-6.107905397309519,-6.107905397309519,-6.107905397309519,-6.107905397309519,-6.107905397309519
-5.872431660986398,-5.769753830954169,-5.871951864748507,-5.833212728936587,-5.8982903001498945,-5.7744674937556635,-5.870373048193205,-5.860599712070746,-5.794047483560213,-5.880824142366958,-5.896854601198299,-5.816230898926447,-5.888495283814212,-5.870104872240817,-5.817740228602348,-5.860989874755429,-5.873019434969825,-5.82724035256984,-5.9842574947310645,-5.847295084397534,-6.0,-6.0,-6.0,-6.0,-6.0,-6.0,-6.0,-6.0,-6.0,-6.0,-6.0,-6.0,-6.0,-6.0,-6.0,-6.0,-6.0,-6.0,-6.0,-6.0
-5.555594814240403,-5.447247515875291,-5.519151639463993,-5.445929415115236,-5.535934003917312,-5.484646906595558,-5.486973279660243,-5.520221401340169,-5.469156107600598,-5.443742159171002,-5.464821371581308,-5.452359495025276,-5.469573532482048,-5.485522143136093,-5.497850274928001,-5.419724895573779,-5.468005486653981,-5.4530761532575305,-5.535763572396069,-5.4441827821605635,-5.769551078621726,-5.769551078621726,-5.769551078621726,-5.769551078621726,-5.769551078621726,-5.769551078621726,-5.769551078621726,-5.769551078621726,-5.769551078621726,-5.769551078621726,-5.769551078621726,-5.769551078621726,-5.769551078621726,-5.769551078621726,-5.769551078621726,-5.769551078621726,-5.769551078621726,-5.769551078621726,-5.769551078621726,-5.769551078621726
-5.584308858453185,-5.4832434750727925,-5.517773653196963,-5.4903519504516565,-5.549977068685758,-5.498471537956368,-5.476361094664353,-5.536003338817971,-5.506759432119142,-5.502559862955337,-5.510221317070279,-5.483864432782453,-5.478014789155477,-5.478013465809874,-5.494185664372533,-5.4629309697204445,-5.472425239434817,-5.481649622538708,-5.519277209822395,-5.481312493195132,-5.0,-5.0,-5.0,-5.0,-5.0,-5.0,-5.0,-5.0,-5.0,-5.0,-5.0,-5.0,-5.0,-5.0,-5.0,-5.0,-5.0,-5.0,-5.0,-5.0
-5.553928665036586,-5.434602723076904,-5.541192431506551,-5.45466720782246,-5.545651004722417,-5.482064822235876,-5.489569294704495,-5.511859771692951,-5.474059013250418,-5.4895816798946,-5.476795923915537,-5.454804628870026,-5.462270594149822,-5.521001154176895,-5.503024251511297,-5.476297212802268,-5.49689148494012,-5.52647370981386,-5.576115153614308,-5.475486457352999,-5.292429823902063,-5.292429823902063,-5.292429823902063,-5.292429823902063,-5.292429823902063,-5.292429823902063,-5.292429823902063,-5.292429823902063,-5.292429823902063,-5.292429823902063,-5.292429823902063,-5.292429823902063,-5.292429823902063,-5.292429823902063,-5.292429823902063,-5.292429823902063,-5.292429823902063,-5.292429823902063,-5.292429823902063,-5.292429823902063
-6.052854605434805,-5.9206577146762385,-5.9261451606937605,-5.9910892895715175,-5.908572064015325,-5.846220479118459,-5.904042243058162,-5.993581254026455,-5.858479824302372,-6.005017385526309,-5.964782684943514,-5.890183567375147,-5.960323828021637,-5.963345183437602,-5.942494480275679,-6.031937078996228,-5.961490994952862,-5.992346829698133,-5.963194278979001,-5.939043897813717,-6.0,-6.0,-6.0,-6.0,-6.0,-6.0,-6.0,-6.0,-6.0,-6.0,-6.0,-6.0,-6.0,-6.0,-6.0,-6.0,-6.0,-6.0,-6.0,-6.0
-5.794251061614541,-5.86680983046852,-6.059898019930408,-5.8446861720046215,-5.9930793698295695,-5.947906006785021,-6.062717124187081,-5.822292271629536,-5.910383319996829,-6.009011633382251,-6.017688283357963,-5.979373070929684,-6.072186414811032,-6.1283583626490605,-6.040756320356121,-6.001613486123988,-6.054209611115366,-6.031436142875731,-6.2212681313083005,-6.0128372639427985,-6.552841968657781,-6.552841968657781,-6.552841968657781,-6.552841968657781,-6.552841968657781,-6.552841968657781,-6.552841968657781,-6.552841968657781,-6.552841968657781,-6.552841968657781,-6.552841968657781,-6.552841968657781,-6.552841968657781,-6.552841968657781,-6.552841968657781,-6.552841968657781,-6.552841968657781,-6.552841968657781,-6.552841968657781,-6.552841968657781
-5.860492739786046,-5.911368032228991,-6.106876339982933,-5.871464701756354,-5.9854449403617505,-6.017411340438324,-6.053685317101739,-6.10585172440315,-5.931181759746467,-5.982781930326192,-6.009919581544998,-5.970334060242311,-6.086857508171384,-6.175444436499453,-6.146853829751711,-6.0305808216115135,-6.127056896991902,-6.163569343428772,-6.303768052133371,-6.0212261703461545,-6.00436480540245,-6.00436480540245,-6.00436480540245,-6.00436480540245,-6.00436480540245,-6.00436480540245,-6.00436480540245,-6.00436480540245,-6.00436480540245,-6.00436480540245,-6.00436480540245,-6.00436480540245,-6.00436480540245,-6.00436480540245,-6.00436480540245,-6.00436480540245,-6.00436480540245,-6.00436480540245,-6.00436480540245,-6.00436480540245
-5.830063586721593,-5.882922964911301,-6.0176164479611325,-5.860223358911951,-5.932172584485084,-5.9886631590808905,-5.9805295977502295,-6.049919693084246,-5.926181801916437,-5.9867824347274485,-6.003767933949721,-5.957273530091493,-6.046060371290623,-6.047840676525297,-6.04076655813145,-6.006826138874616,-6.030751988335272,-6.0660786892133105,-6.170157378504721,-6.0122093699662225,-6.113509274827519,-6.113509274827519,-6.113509274827519,-6.113509274827519,-6.113509274827519,-6.113509274827519,-6.113509274827519,-6.113509274827519,-6.113509274827519,-6.113509274827519,-6.113509274827519,-6.113509274827519,-6.113509274827519,-6.113509274827519,-6.113509274827519,-6.113509274827519,-6.113509274827519,-6.113509274827519,-6.113509274827519,-6.113509274827519
-6.171235395518616,-6.265347887580945,-6.296494119338987,-6.195415098687234,-6.309574479388871,-6.123992610264532,-6.260115319217242,-6.282852478047626,-6.1268479964489755,-6.024276188411042,-6.0964077301599175,-6.10106274920987,-6.1042602498379095,-6.315198915940191,-6.250518253275665,-6.076120201316597,-6.258488571388771,-6.231559016620335,-6.228726801407396,-6.07987189077731,-6.455931955649724,-6.455931955649724,-6.455931955649724,-6.455931955649724,-6.455931955649724,-6.455931955649724,-6.455931955649724,-6.455931955649724,-6.455931955649724,-6.455931955649724,-6.455931955649724,-6.455931955649724,-6.455931955649724,-6.455931955649724,-6.455931955649724,-6.455931955649724,-6.455931955649724,-6.455931955649724,-6.455931955649724,-6.455931955649724
-5.694360568532946,-5.569172280620085,-5.511769274444106,-5.540736094250381,-5.571233802659892,-5.545407170468853,-5.514358501182853,-5.622018705257711,-5.544443367412953,-5.604067168078147,-5.558918757972991,-5.497444089181446,-5.56395150579044,-5.547524571162603,-5.662621721292108,-5.591594151163811,-5.600187743822895,-5.613668032233398,-5.6098729999211105,-5.597717338505174,-6.346787486224656,-6.346787486224656,-6.346787486224656,-6.346787486224656,-6.346787486224656,-6.346787486224656,-6.346787486224656,-6.346787486224656,-6.346787486224656,-6.346787486224656,-6.346787486224656,-6.346787486224656,-6.346787486224656,-6.346787486224656,-6.346787486224656,-6.346787486224656,-6.346787486224656,-6.346787486224656,-6.346787486224656,-6.346787486224656
-6.2898398861039695,-6.446946168004094,-6.320433495872402,-6.398994408148941,-6.331275173716559,-6.3250315997509965,-6.329386613196414,-6.357526472410913,-6.373583462725967,-6.317551785657175,-6.357636133231398,-6.354928109030673,-6.278952295407003,-6.229715215052404,-6.227032341789365,-6.310793423989756,-6.265440199815078,-6.254980264305834,-6.214909039456076,-6.284009583628322,-5.638272163982407,-5.638272163982407,-5.638272163982407,-5.638272163982407,-5.638272163982407,-5.638272163982407,-5.638272163982407,-5.638272163982407,-5.638272163982407,-5.638272163982407,-5.638272163982407,-5.638272163982407,-5.638272163982407,-5.638272163982407,-5.638272163982407,-5.638272163982407,-5.638272163982407,-5.638272163982407,-5.638272163982407,-5.638272163982407
-6.017617014879233,-6.093290288002194,-6.0796821873187925,-6.1157152628996165,-6.064691691696065,-6.275532207266696,-6.1336365440616385,-5.965194612881357,-6.127745781098057,-6.286940784564426,-6.290835294512464,-6.221989903195955,-6.352345724105836,-5.977761176313369,-6.128709752306904,-6.310631673582794,-6.183361991359336,-6.141360731845911,-6.301147601822342,-6.297649775676788,-6.0,-6.0,-6.0,-6.0,-6.0,-6.0,-6.0,-6.0,-6.0,-6.0,-6.0,-6.0,-6.0,-6.0,-6.0,-6.0,-6.0,-6.0,-6.0,-6.0
-5.6208584573572855,-5.666106317794809,-5.744994846853429,-5.652883173755891,-5.6862691773298595,-5.705348145515714,-5.771199219748702,-5.6603989793669145,-5.71794565523313,-5.7311617296247155,-5.738314068683956,-5.696936213562452,-5.82103302805079,-5.808501104878541,-5.758264022917518,-5.772669338915209,-5.74500752451564,-5.734492687938422,-5.833548086416177,-5.760474782008423,-6.301029995663981,-6.301029995663981,-6.301029995663981,-6.301029995663981,-6.301029995663981,-6.301029995663981,-6.301029995663981,-6.301029995663981,-6.301029995663981,-6.301029995663981,-6.301029995663981,-6.301029995663981,-6.301029995663981,-6.301029995663981,-6.301029995663981,-6.301029995663981,-6.301029995663981,-6.301029995663981,-6.301029995663981,-6.301029995663981
-5.936130293188692,-6.010816843463239,-5.962857273415527,-6.047146113279924,-5.95403710940743,-6.145670515910859,-6.0225923964948995,-5.9029332878789464,-6.082335628267674,-6.182516096485509,-6.1977320480531715,-6.110591802002174,-6.2699727906216225,-5.9012721735330045,-6.008005841764546,-6.213291265614313,-6.057289321207865,-6.02176767253044,-6.163494203973558,-6.200330068447377,-6.443697499232713,-6.443697499232713,-6.443697499232713,-6.443697499232713,-6.443697499232713,-6.443697499232713,-6.443697499232713,-6.443697499232713,-6.443697499232713,-6.443697499232713,-6.443697499232713,-6.443697499232713,-6.443697499232713,-6.443697499232713,-6.443697499232713,-6.443697499232713,-6.443697499232713,-6.443697499232713,-6.443697499232713,-6.443697499232713
-5.988229868535943,-6.086566800655601,-6.111255132289841,-6.0082931776207245,-6.099131221526872,-6.008732711242612,-6.113327519052084,-6.034896022588966,-6.06104966959466,-6.008121384274782,-6.048272092782839,-6.04710976578783,-6.063656191095922,-6.200242247463476,-6.123726424019374,-6.04642449204818,-6.054961531406058,-6.090310683147229,-6.124067866966292,-6.072454100879326,-6.619788758288394,-6.619788758288394,-6.619788758288394,-6.619788758288394,-6.619788758288394,-6.619788758288394,-6.619788758288394,-6.619788758288394,-6.619788758288394,-6.619788758288394,-6.619788758288394,-6.619788758288394,-6.619788758288394,-6.619788758288394,-6.619788758288394,-6.619788758288394,-6.619788758288394,-6.619788758288394,-6.619788758288394,-6.619788758288394
-6.049440954118098,-6.183958318652369,-6.088895169523413,-6.089825912675422,-6.118715143383104,-6.077676115874595,-6.102376841902788,-6.0932937767000945,-5.991182807551389,-5.9431388484511425,-6.042565370622012,-6.056228803264798,-6.011887734775834,-6.001254531212227,-6.035095559478716,-5.96741860356145,-6.029591577401194,-6.025006002616285,-5.975867802842723,-5.954118946352894,-5.494850021680094,-5.494850021680094,-5.494850021680094,-5.494850021680094,-5.494850021680094,-5.494850021680094,-5.494850021680094,-5.494850021680094,-5.494850021680094,-5.494850021680094,-5.494850021680094,-5.494850021680094,-5.494850021680094,-5.494850021680094,-5.494850021680094,-5.494850021680094,-5.494850021680094,-5.494850021680094,-5.494850021680094,-5.494850021680094
-5.773065145524663,-5.827114977976447,-5.934032350582649,-5.8362413605119885,-5.924997219239749,-5.8132290575657315,-5.849200837054078,-5.834394164664803,-5.884205482775221,-5.885856995660353,-5.8921132972645625,-5.863487469045264,-5.868574218991008,-5.879108788327578,-5.88039730627315,-5.882559581924218,-5.929919241656365,-5.908527570940039,-5.879860272250312,-5.891681281880116,-5.721246399047171,-5.721246399047171,-5.721246399047171,-5.721246399047171,-5.721246399047171,-5.721246399047171,-5.721246399047171,-5.721246399047171,-5.721246399047171,-5.721246399047171,-5.721246399047171,-5.721246399047171,-5.721246399047171,-5.721246399047171,-5.721246399047171,-5.721246399047171,-5.721246399047171,-5.721246399047171,-5.721246399047171,-5.721246399047171
-5.635772906783749,-5.520353763642184,-5.29723447423729,-5.611952100831737,-4.60783644961132,-5.600883378845065,-5.113484154259666,-5.663011145023832,-5.517952998530023,-4.971395097721489,-4.872471260606304,-5.351695123048433,-5.10032866188742,-5.4465399200808875,-5.432144009048612,-5.204925807813939,-5.022618428205922,-5.1704666650941,-5.3272380697100195,-5.278381909692976,-6.173925197299174,-6.173925197299174,-6.173925197299174,-6.173925197299174,-6.173925197299174,-6.173925197299174,-6.173925197299174,-6.173925197299174,-6.173925197299174,-6.173925197299174,-6.173925197299174,-6.173925197299174,-6.173925197299174,-6.173925197299174,-6.173925197299174,-6.173925197299174,-6.173925197299174,-6.173925197299174,-6.173925197299174,-6.173925197299174
-4.771864948637041,-4.67344446600381,-4.9344070512906795,-4.679021319470498,-4.963906740741518,-4.367656849424851,-4.822825707320291,-4.7129947756123745,-4.678669553577558,-4.8131856094961085,-4.938869969268758,-4.854146350777676,-4.756133147048048,-4.816848752982193,-4.754557037108116,-4.802502539252312,-4.789020032905757,-4.871331894430483,-4.781853717088368,-4.722831422545948,-5.167491087293763,-5.167491087293763,-5.167491087293763,-5.167491087293763,-5.167491087293763,-5.167491087293763,-5.167491087293763,-5.167491087293763,-5.167491087293763,-5.167491087293763,-5.167491087293763,-5.167491087293763,-5.167491087293763,-5.167491087293763,-5.167491087293763,-5.167491087293763,-5.167491087293763,-5.167491087293763,-5.167491087293763,-5.167491087293763
-4.441339262067396,-4.466480376708888,-4.591433565038262,-4.4031931089545004,-4.584157475368516,-3.9613170969718077,-4.594336373338667,-4.467373721558222,-4.296754477887746,-4.5167306880624585,-4.708320043642152,-4.635449663030759,-4.53144591543668,-4.635414352725624,-4.543649055258616,-4.606734952806495,-4.56699849765145,-4.574374940675206,-4.541863877310025,-4.560222917456087,-5.795880017344075,-5.795880017344075,-5.795880017344075,-5.795880017344075,-5.795880017344075,-5.795880017344075,-5.795880017344075,-5.795880017344075,-5.795880017344075,-5.795880017344075,-5.795880017344075,-5.795880017344075,-5.795880017344075,-5.795880017344075,-5.795880017344075,-5.795880017344075,-5.795880017344075,-5.795880017344075,-5.795880017344075,-5.795880017344075
-4.650085079064283,-4.619801603133267,-4.664418890746483,-4.619368270010347,-4.6420703614251835,-4.321101134731229,-4.673045837200545,-4.680257896998926,-4.547964506450361,-4.617938481930588,-4.773232356036193,-4.7081829341302175,-4.653649061398462,-4.7198180662791,-4.648857075966569,-4.700772516066417,-4.650762882188135,-4.683872470134359,-4.659352158625876,-4.626529026578842,-5.0,-5.0,-5.0,-5.0,-5.0,-5.0,-5.0,-5.0,-5.0,-5.0,-5.0,-5.0,-5.0,-5.0,-5.0,-5.0,-5.0,-5.0,-5.0,-5.0
-5.671060236207562,-5.521912059190538,-5.311148702301777,-5.614310197602373,-4.630873006710109,-5.648736859854141,-5.012191172165897,-5.661122151874043,-5.528851510218322,-4.944242570066675,-4.855106116484239,-5.310303990166583,-5.068164243369153,-5.2929506955789645,-5.505132012703918,-5.114279818469877,-4.958751278827918,-5.09721882538645,-5.256134310089009,-5.200871594423303,-5.958607314841775,-5.958607314841775,-5.958607314841775,-5.958607314841775,-5.958607314841775,-5.958607314841775,-5.958607314841775,-5.958607314841775,-5.958607314841775,-5.958607314841775,-5.958607314841775,-5.958607314841775,-5.958607314841775,-5.958607314841775,-5.958607314841775,-5.958607314841775,-5.958607314841775,-5.958607314841775,-5.958607314841775,-5.958607314841775
-5.054914057035895,-4.938428496066384,-4.904427073297281,-5.016507130544821,-4.8268872149904904,-4.904367241432325,-4.833087086401016,-5.053809191690872,-5.034071034338035,-4.797216695193388,-4.864163452252336,-4.908397070406031,-4.845652757797629,-4.913444124754158,-4.921611158831345,-4.883605679670769,-4.798066457835137,-4.888842242270431,-4.908961479707719,-4.8106566950733365,-5.468521082957745,-5.468521082957745,-5.468521082957745,-5.468521082957745,-5.468521082957745,-5.468521082957745,-5.468521082957745,-5.468521082957745,-5.468521082957745,-5.468521082957745,-5.468521082957745,-5.468521082957745,-5.468521082957745,-5.468521082957745,-5.468521082957745,-5.468521082957745,-5.468521082957745,-5.468521082957745,-5.468521082957745,-5.468521082957745
-4.669021076143503,-4.574784158271021,-4.82305616056062,-4.572383614532636,-4.9725561170219414,-4.1764179343428305,-4.762925429845736,-4.623176432746389,-4.543894780543331,-4.75540517652675,-4.9281876514926815,-4.748293003940139,-4.695613976805152,-4.755571417375807,-4.598140714056806,-4.731327564418522,-4.706889138249141,-4.792312006522679,-4.680364081040491,-4.633223217087743,-5.0,-5.0,-5.0,-5.0,-5.0,-5.0,-5.0,-5.0,-5.0,-5.0,-5.0,-5.0,-5.0,-5.0,-5.0,-5.0,-5.0,-5.0,-5.0,-5.0
-4.7925087282434875,-4.694755329282179,-4.878450269914485,-4.699721014884887,-4.863221275621501,-4.4451477921517455,-4.80199746845734,-4.748013416324041,-4.673696803663403,-4.779668390528406,-4.875748666265146,-4.882595675179023,-4.773484473846739,-4.809423828545589,-4.787591767409335,-4.824662422876225,-4.781697472921752,-4.828542979262826,-4.793318545088776,-4.7536567524093085,-5.267606240177032,-5.267606240177032,-5.267606240177032,-5.267606240177032,-5.267606240177032,-5.267606240177032,-5.267606240177032,-5.267606240177032,-5.267606240177032,-5.267606240177032,-5.267606240177032,-5.267606240177032,-5.267606240177032,-5.267606240177032,-5.267606240177032,-5.267606240177032,-5.267606240177032,-5.267606240177032,-5.267606240177032,-5.267606240177032
-4.754468045783097,-4.656612442872077,-4.8752507422145195,-4.663181388339343,-4.902993824099395,-4.325571096045047,-4.8161685690833504,-4.700677805401491,-4.636207675436579,-4.749055288707097,-4.881215312800305,-4.812511944601316,-4.723128253801349,-4.828120126708593,-4.704068851436513,-4.785592848235986,-4.749849873632466,-4.842470084241309,-4.760361503053096,-4.694628602021337,-5.619788758288394,-5.619788758288394,-5.619788758288394,-5.619788758288394,-5.619788758288394,-5.619788758288394,-5.619788758288394,-5.619788758288394,-5.619788758288394,-5.619788758288394,-5.619788758288394,-5.619788758288394,-5.619788758288394,-5.619788758288394,-5.619788758288394,-5.619788758288394,-5.619788758288394,-5.619788758288394,-5.619788758288394,-5.619788758288394
-5.347155012585852,-5.18003528691477,-5.044655996260676,-5.102239738816846,-5.159800978307552,-5.270319293393814,-4.843181048606936,-5.219689924683663,-5.174585808136371,-4.804298745192516,-5.089401462203621,-5.016040247479758,-5.1563639524801586,-5.261844353106996,-4.493917089007733,-4.4942920697525635,-4.768500419445542,-4.957394413946895,-4.877633973728038,-4.557140580827055,-5.721246399047171,-5.721246399047171,-5.721246399047171,-5.721246399047171,-5.721246399047171,-5.721246399047171,-5.721246399047171,-5.721246399047171,-5.721246399047171,-5.721246399047171,-5.721246399047171,-5.721246399047171,-5.721246399047171,-5.721246399047171,-5.721246399047171,-5.721246399047171,-5.721246399047171,-5.721246399047171,-5.721246399047171,-5.721246399047171
-5.912242494636064,-6.026502635869238,-6.059482382755416,-5.983370398869821,-6.0077745972259,-6.020486034878047,-6.012769864279784,-5.920747624860972,-6.073595759151036,-6.052440340724598,-6.0633244945587546,-6.0762818933271285,-6.052580714252706,-6.047491267432318,-5.222842649063521,-6.013427051947168,-6.016464042351353,-6.065934007808405,-6.009371645893335,-6.04749911821427,-4.552841968657781,-4.552841968657781,-4.552841968657781,-4.552841968657781,-4.552841968657781,-4.552841968657781,-4.552841968657781,-4.552841968657781,-4.552841968657781,-4.552841968657781,-4.552841968657781,-4.552841968657781,-4.552841968657781,-4.552841968657781,-4.552841968657781,-4.552841968657781,-4.552841968657781,-4.552841968657781,-4.552841968657781,-4.552841968657781
-6.311647527348202,-6.239360171248225,-6.197534370333268,-6.303144913097181,-6.2196462398045265,-6.094623759001349,-6.23386712732762,-6.340809322033043,-6.150691745241368,-6.223921142884842,-6.2405182276593605,-6.165025338794089,-6.1983742672052164,-6.192341403353439,-5.378013273986749,-6.259545918438504,-6.20639436953735,-6.19871507396797,-6.154704942269857,-6.196983729916642,-5.920818753952375,-5.920818753952375,-5.920818753952375,-5.920818753952375,-5.920818753952375,-5.920818753952375,-5.920818753952375,-5.920818753952375,-5.920818753952375,-5.920818753952375,-5.920818753952375,-5.920818753952375,-5.920818753952375,-5.920818753952375,-5.920818753952375,-5.920818753952375,-5.920818753952375,-5.920818753952375,-5.920818753952375,-5.920818753952375
-5.159988068682114,-5.06423236725835,-4.894755334585052,-4.998971168457421,-4.993513413643936,-5.082885705768325,-4.940819598175369,-5.060133178709813,-5.045611214553575,-5.0837106418368325,-5.11440036203076,-4.977029085634955,-5.163182672294888,-4.940953572035923,-5.076502686615793,-5.04277306694205,-5.080275413836726,-4.9865255017381624,-5.101276383993761,-5.028717409951512,-5.013228265733755,-5.013228265733755,-5.013228265733755,-5.013228265733755,-5.013228265733755,-5.013228265733755,-5.013228265733755,-5.013228265733755,-5.013228265733755,-5.013228265733755,-5.013228265733755,-5.013228265733755,-5.013228265733755,-5.013228265733755,-5.013228265733755,-5.013228265733755,-5.013228265733755,-5.013228265733755,-5.013228265733755,-5.013228265733755
-5.8055394573497745,-5.946587060811304,-6.06884442299257,-5.903509545624241,-6.0397244653272155,-5.901619550585871,-6.044342869772987,-5.935764177276996,-5.868269228107468,-5.89474176048238,-5.912853378190216,-5.912227157973224,-5.917642501961517,-6.112057676413664,-5.9822673633253,-5.960367250162064,-6.045392002400754,-6.080999049031634,-6.026001527684478,-5.9210292137146565,-6.259637310505756,-6.259637310505756,-6.259637310505756,-6.259637310505756,-6.259637310505756,-6.259637310505756,-6.259637310505756,-6.259637310505756,-6.259637310505756,-6.259637310505756,-6.259637310505756,-6.259637310505756,-6.259637310505756,-6.259637310505756,-6.259637310505756,-6.259637310505756,-6.259637310505756,-6.259637310505756,-6.259637310505756,-6.259637310505756
-6.090190595268516,-6.171431735207584,-6.1451618283219025,-6.157929346359476,-6.0951718469275855,-6.302372153616948,-6.158671194520109,-6.024294946047682,-6.221143820715085,-6.305928170712434,-6.316133634238079,-6.289829212995623,-6.37833861742981,-6.0737054458831325,-6.19177909533073,-6.29130825408352,-6.184630849304538,-6.182969134473402,-6.3039030440356365,-6.30678685241847,-4.886056647693163,-4.886056647693163,-4.886056647693163,-4.886056647693163,-4.886056647693163,-4.886056647693163,-4.886056647693163,-4.886056647693163,-4.886056647693163,-4.886056647693163,-4.886056647693163,-4.886056647693163,-4.886056647693163,-4.886056647693163,-4.886056647693163,-4.886056647693163,-4.886056647693163,-4.886056647693163,-4.886056647693163,-4.886056647693163
-6.0327019569345675,-6.0515490834339305,-5.956584469982756,-5.994296083993607,-5.929342300184095,-6.065738911453422,-5.953640077145736,-5.947373039265449,-6.061710564613188,-6.058121771719435,-6.066382534731867,-6.073683525192746,-6.0746325545340945,-5.890194262219266,-6.007946408931084,-5.993875363200712,-5.931491165712335,-5.952365289734707,-5.960528573002443,-6.033326191601083,-5.455931955649724,-5.455931955649724,-5.455931955649724,-5.455931955649724,-5.455931955649724,-5.455931955649724,-5.455931955649724,-5.455931955649724,-5.455931955649724,-5.455931955649724,-5.455931955649724,-5.455931955649724,-5.455931955649724,-5.455931955649724,-5.455931955649724,-5.455931955649724,-5.455931955649724,-5.455931955649724,-5.455931955649724,-5.455931955649724
-6.143439938017767,-6.1648189108659945,-6.048324012378087,-6.13270074799308,-5.971294207421565,-6.250240097605855,-6.030882915600278,-5.986820082200004,-6.2464160092814165,-6.279080300149119,-6.262753809353721,-6.282383880011507,-6.2896487257641756,-5.93812420383019,-6.099725875576163,-6.194693621205934,-6.000536772905003,-6.065240298367705,-6.079088588740573,-6.251695284801607,-6.522878745280337,-6.522878745280337,-6.522878745280337,-6.522878745280337,-6.522878745280337,-6.522878745280337,-6.522878745280337,-6.522878745280337,-6.522878745280337,-6.522878745280337,-6.522878745280337,-6.522878745280337,-6.522878745280337,-6.522878745280337,-6.522878745280337,-6.522878745280337,-6.522878745280337,-6.522878745280337,-6.522878745280337,-6.522878745280337
-6.310912562691019,-6.269784784634417,-6.190201772635634,-6.331641064422796,-6.201904939174308,-6.207396587827268,-6.179806791251166,-6.286378604441925,-6.3555347463482725,-6.265282116198677,-6.286397350767468,-6.237429169004442,-6.312908189436883,-6.180410541835143,-6.167169330271939,-6.309186773240247,-6.1769633069286645,-6.184465429383686,-6.212851531855316,-6.3579897887816825,-6.167491087293763,-6.167491087293763,-6.167491087293763,-6.167491087293763,-6.167491087293763,-6.167491087293763,-6.167491087293763,-6.167491087293763,-6.167491087293763,-6.167491087293763,-6.167491087293763,-6.167491087293763,-6.167491087293763,-6.167491087293763,-6.167491087293763,-6.167491087293763,-6.167491087293763,-6.167491087293763,-6.167491087293763,-6.167491087293763
-6.220054174734795,-6.263684564338802,-6.258962055864306,-6.182871275718189,-6.182393493626836,-6.2786198965355,-6.229111941845381,-6.166346236880573,-6.240411546868385,-6.226603176939216,-6.223555773426457,-6.273236209652984,-6.283741561639375,-6.280978012676131,-6.314303077111431,-6.229348302708017,-6.220215966500606,-6.301777473680294,-6.338082819225833,-6.2540423261819615,-6.236572006437063,-6.236572006437063,-6.236572006437063,-6.236572006437063,-6.236572006437063,-6.236572006437063,-6.236572006437063,-6.236572006437063,-6.236572006437063,-6.236572006437063,-6.236572006437063,-6.236572006437063,-6.236572006437063,-6.236572006437063,-6.236572006437063,-6.236572006437063,-6.236572006437063,-6.236572006437063,-6.236572006437063,-6.236572006437063
-6.002193382319588,-6.025584526173865,-6.158232329314793,-6.0001588454529085,-6.07176715110516,-6.1210525945451195,-6.076172855536436,-5.992683943884142,-6.087208274388584,-6.080811947861081,-6.075640267803485,-6.077312818652369,-6.120839861440342,-6.169393842396962,-6.1949933550052005,-6.118203558004193,-6.1668171528621185,-6.212303554890842,-6.210382395701965,-6.128616381005168,-5.958607314841775,-5.958607314841775,-5.958607314841775,-5.958607314841775,-5.958607314841775,-5.958607314841775,-5.958607314841775,-5.958607314841775,-5.958607314841775,-5.958607314841775,-5.958607314841775,-5.958607314841775,-5.958607314841775,-5.958607314841775,-5.958607314841775,-5.958607314841775,-5.958607314841775,-5.958607314841775,-5.958607314841775,-5.958607314841775
-5.675408327553841,-5.645479861316225,-5.712463101519706,-5.603772204514742,-5.643100115535331,-5.660417687869406,-5.66054014359452,-5.609416984050081,-5.615758426792155,-5.717533367687195,-5.689361258518512,-5.6884641087583825,-5.645687887773486,-5.713452364020296,-5.735685203879251,-5.659609811558933,-5.6421278555748655,-5.744474760420053,-5.697062581344487,-5.649160017273037,-6.443697499232713,-6.443697499232713,-6.443697499232713,-6.443697499232713,-6.443697499232713,-6.443697499232713,-6.443697499232713,-6.443697499232713,-6.443697499232713,-6.443697499232713,-6.443697499232713,-6.443697499232713,-6.443697499232713,-6.443697499232713,-6.443697499232713,-6.443697499232713,-6.443697499232713,-6.443697499232713,-6.443697499232713,-6.443697499232713
-6.448561384686178,-6.570901817589825,-6.50611758141909,-6.523010896810532,-6.478225814024694,-6.451351667409039,-6.518188391448265,-6.525948125991024,-6.435905281309191,-6.373715499711066,-6.420282008716768,-6.436366210002327,-6.415196073208883,-6.436554128762212,-6.456264475861695,-6.421711130679155,-6.491183236346833,-6.451017819866563,-6.389203238714809,-6.387366036398459,-6.3979400086720375,-6.3979400086720375,-6.3979400086720375,-6.3979400086720375,-6.3979400086720375,-6.3979400086720375,-6.3979400086720375,-6.3979400086720375,-6.3979400086720375,-6.3979400086720375,-6.3979400086720375,-6.3979400086720375,-6.3979400086720375,-6.3979400086720375,-6.3979400086720375,-6.3979400086720375,-6.3979400086720375,-6.3979400086720375,-6.3979400086720375,-6.3979400086720375
-6.356925054157226,-6.3970587772656895,-6.30069266639809,-6.3958482883046,-6.2827161147008,-6.2909360869195785,-6.288021934101791,-6.355236499174236,-6.334029122285655,-6.296241954407468,-6.301067533555423,-6.296483785251461,-6.300045361133233,-6.257278029959828,-6.27701160154378,-6.323345439467728,-6.2936516441771975,-6.291183801205773,-6.222895288980395,-6.293254966940903,-6.327902142064283,-6.327902142064283,-6.327902142064283,-6.327902142064283,-6.327902142064283,-6.327902142064283,-6.327902142064283,-6.327902142064283,-6.327902142064283,-6.327902142064283,-6.327902142064283,-6.327902142064283,-6.327902142064283,-6.327902142064283,-6.327902142064283,-6.327902142064283,-6.327902142064283,-6.327902142064283,-6.327902142064283,-6.327902142064283
-5.988875584746612,-6.084238561031062,-6.184853324538018,-6.043922959583402,-6.122561225019892,-6.116256281436182,-6.134192235200256,-6.0492686139474,-6.090849773518822,-6.0485739724392555,-6.090469571989275,-6.081086888074327,-6.149972915078199,-6.202167610347662,-6.174535622922082,-6.083974245874134,-6.187644095853738,-6.178401926262998,-6.264676525234849,-6.102064639552429,-6.309803919971486,-6.309803919971486,-6.309803919971486,-6.309803919971486,-6.309803919971486,-6.309803919971486,-6.309803919971486,-6.309803919971486,-6.309803919971486,-6.309803919971486,-6.309803919971486,-6.309803919971486,-6.309803919971486,-6.309803919971486,-6.309803919971486,-6.309803919971486,-6.309803919971486,-6.309803919971486,-6.309803919971486,-6.309803919971486
-5.951453861044844,-5.875904781427599,-5.909485316386383,-5.91217531723599,-5.9400067237981355,-5.861479413292765,-5.982929609902907,-5.987955169051606,-5.850972616783531,-5.856156636573854,-5.869329863565635,-5.8155213046166585,-6.005017683759292,-5.985705819725382,-5.9494001134817385,-5.958069505834081,-6.0005623336686185,-5.9053282958563305,-6.080780249049517,-5.917346819713999,-5.585026652029182,-5.585026652029182,-5.585026652029182,-5.585026652029182,-5.585026652029182,-5.585026652029182,-5.585026652029182,-5.585026652029182,-5.585026652029182,-5.585026652029182,-5.585026652029182,-5.585026652029182,-5.585026652029182,-5.585026652029182,-5.585026652029182,-5.585026652029182,-5.585026652029182,-5.585026652029182,-5.585026652029182,-5.585026652029182
-5.91843513775191,-6.022669547271771,-6.067069406148914,-5.973870928925454,-6.016166733863006,-6.078114673015557,-6.03146378320279,-5.928288487871862,-6.048405113609202,-6.051816271417208,-6.074141710281833,-6.067798380324646,-6.1230598432267875,-6.069724827380405,-6.081381847560121,-6.041472616655892,-6.077715756546469,-6.08167905843955,-6.150794418758673,-6.064377385370163,-6.154901959985743,-6.154901959985743,-6.154901959985743,-6.154901959985743,-6.154901959985743,-6.154901959985743,-6.154901959985743,-6.154901959985743,-6.154901959985743,-6.154901959985743,-6.154901959985743,-6.154901959985743,-6.154901959985743,-6.154901959985743,-6.154901959985743,-6.154901959985743,-6.154901959985743,-6.154901959985743,-6.154901959985743,-6.154901959985743
-6.166342504766818,-6.14132635066606,-6.100744881338518,-6.155128261641855,-6.154030595216089,-6.025331180833983,-6.121160364301064,-6.177710617501151,-6.04012503816085,-6.080612049123078,-6.118446000135402,-6.069928811945217,-6.100604889006117,-6.0773811469331305,-6.061722493190784,-6.091744605691717,-6.099398995780503,-6.070809331872111,-6.097102935571034,-6.063783754452174,-5.4089353929735005,-5.4089353929735005,-5.4089353929735005,-5.4089353929735005,-5.4089353929735005,-5.4089353929735005,-5.4089353929735005,-5.4089353929735005,-5.4089353929735005,-5.4089353929735005,-5.4089353929735005,-5.4089353929735005,-5.4089353929735005,-5.4089353929735005,-5.4089353929735005,-5.4089353929735005,-5.4089353929735005,-5.4089353929735005,-5.4089353929735005,-5.4089353929735005
-6.16890992767914,-6.084938267682156,-6.00675230724309,-6.15868394332523,-6.07166779327106,-5.986830135083435,-6.045282237521884,-6.147668468540951,-6.074884471290385,-6.122154684664227,-6.1459797506654334,-6.066643149663378,-6.139450560465123,-5.96887194266276,-5.962420374129744,-6.092350346325024,-6.030044283369971,-5.952211012551071,-6.009366404963083,-6.075433953810945,-6.102372908709558,-6.102372908709558,-6.102372908709558,-6.102372908709558,-6.102372908709558,-6.102372908709558,-6.102372908709558,-6.102372908709558,-6.102372908709558,-6.102372908709558,-6.102372908709558,-6.102372908709558,-6.102372908709558,-6.102372908709558,-6.102372908709558,-6.102372908709558,-6.102372908709558,-6.102372908709558,-6.102372908709558,-6.102372908709558
-5.77483615568966,-5.774579186261347,-5.787644652880758,-5.819181458126014,-5.805657443261905,-5.730216732696646,-5.803445538098816,-5.804042311447014,-5.782295650987546,-5.8169941033427195,-5.833744940094289,-5.7605257321892935,-5.8645057279326025,-5.7957391884724085,-5.754616616046788,-5.821969538283661,-5.823962575580881,-5.771936735710913,-5.820873081187269,-5.775580157559773,-6.013228265733755,-6.013228265733755,-6.013228265733755,-6.013228265733755,-6.013228265733755,-6.013228265733755,-6.013228265733755,-6.013228265733755,-6.013228265733755,-6.013228265733755,-6.013228265733755,-6.013228265733755,-6.013228265733755,-6.013228265733755,-6.013228265733755,-6.013228265733755,-6.013228265733755,-6.013228265733755,-6.013228265733755,-6.013228265733755
-5.910088482065937,-5.971779224972442,-5.96790778357706,-5.969393901667493,-5.954869564801383,-6.070883768718685,-5.979765969854944,-5.900197253231399,-5.99300655400296,-6.0507125934026655,-6.066065765186433,-6.020572408041765,-6.1314655335576305,-5.934388826599272,-5.981250825547822,-6.109730615180287,-6.037738663664393,-6.038285943335826,-6.098974714200706,-6.087726181750816,-6.251811972993799,-6.251811972993799,-6.251811972993799,-6.251811972993799,-6.251811972993799,-6.251811972993799,-6.251811972993799,-6.251811972993799,-6.251811972993799,-6.251811972993799,-6.251811972993799,-6.251811972993799,-6.251811972993799,-6.251811972993799,-6.251811972993799,-6.251811972993799,-6.251811972993799,-6.251811972993799,-6.251811972993799,-6.251811972993799
-4.657753709683924,-4.647758463061175,-4.543857540755467,-4.594554539457241,-4.750252026043201,-4.727580664740038,-4.6040266153721765,-4.616781759963512,-4.737175766677738,-4.804537400912727,-4.846593566651376,-4.603764088486937,-4.878566794703088,-4.650839282201934,-4.937015682295377,-4.705400276604658,-4.899209775269155,-4.673455732920015,-4.931960668938158,-4.776176955749469,-6.119186407719209,-6.119186407719209,-6.119186407719209,-6.119186407719209,-6.119186407719209,-6.119186407719209,-6.119186407719209,-6.119186407719209,-6.119186407719209,-6.119186407719209,-6.119186407719209,-6.119186407719209,-6.119186407719209,-6.119186407719209,-6.119186407719209,-6.119186407719209,-6.119186407719209,-6.119186407719209,-6.119186407719209,-6.119186407719209
-5.55539219606785,-5.544574107190556,-5.735081421268372,-5.625787252400771,-5.732298098841551,-5.614330820244021,-5.731206972742403,-5.5934187894635174,-5.675632000318381,-5.837200536613782,-5.811594351211418,-5.713228186035616,-5.836015800916417,-5.799596499920465,-5.667482662669053,-5.752228228419527,-5.786455591037847,-5.728217923835786,-5.9062503160624775,-5.713846005318581,-5.958607314841775,-5.958607314841775,-5.958607314841775,-5.958607314841775,-5.958607314841775,-5.958607314841775,-5.958607314841775,-5.958607314841775,-5.958607314841775,-5.958607314841775,-5.958607314841775,-5.958607314841775,-5.958607314841775,-5.958607314841775,-5.958607314841775,-5.958607314841775,-5.958607314841775,-5.958607314841775,-5.958607314841775,-5.958607314841775
-5.660588476980725,-5.699843128854978,-5.777798581353438,-5.723178916912008,-5.798664251639445,-5.703387883240602,-5.801178212827048,-5.734766166028555,-5.667222703519172,-5.818693111083347,-5.797517409256234,-5.69682636166991,-5.8588239346836355,-5.864600144452789,-5.856619151107888,-5.852030221469584,-5.901354422177482,-5.841992790059564,-5.985232436362039,-5.790602496843084,-6.017728766960432,-6.017728766960432,-6.017728766960432,-6.017728766960432,-6.017728766960432,-6.017728766960432,-6.017728766960432,-6.017728766960432,-6.017728766960432,-6.017728766960432,-6.017728766960432,-6.017728766960432,-6.017728766960432,-6.017728766960432,-6.017728766960432,-6.017728766960432,-6.017728766960432,-6.017728766960432,-6.017728766960432,-6.017728766960432
-5.9631414773160145,-5.893821379438992,-5.971124999612393,-5.915755900655482,-5.925162921248647,-5.901436163555457,-5.977797525869747,-5.912087989861417,-5.883011996677199,-5.99347638082055,-5.957083073305347,-5.9255868206262265,-5.984949628087837,-5.9905039739250405,-5.974443094327132,-5.994881450752175,-5.9601183835054155,-5.984637070965499,-6.064520755281621,-5.956689888695888,-5.886056647693163,-5.886056647693163,-5.886056647693163,-5.886056647693163,-5.886056647693163,-5.886056647693163,-5.886056647693163,-5.886056647693163,-5.886056647693163,-5.886056647693163,-5.886056647693163,-5.886056647693163,-5.886056647693163,-5.886056647693163,-5.886056647693163,-5.886056647693163,-5.886056647693163,-5.886056647693163,-5.886056647693163,-5.886056647693163
-5.61131838841459,-5.692160954601299,-5.924704587177055,-5.654399136504984,-5.792499096259058,-5.787983234725505,-5.8838415934427335,-5.649237031078714,-5.738756005976537,-5.896644939473731,-5.856400120899045,-5.838455851549395,-5.8696890778955115,-5.978207867032328,-5.899303312159557,-5.859399087703617,-5.887666384799188,-5.926207333037703,-5.984398132251005,-5.843570325461738,-5.619788758288394,-5.619788758288394,-5.619788758288394,-5.619788758288394,-5.619788758288394,-5.619788758288394,-5.619788758288394,-5.619788758288394,-5.619788758288394,-5.619788758288394,-5.619788758288394,-5.619788758288394,-5.619788758288394,-5.619788758288394,-5.619788758288394,-5.619788758288394,-5.619788758288394,-5.619788758288394,-5.619788758288394,-5.619788758288394
-6.0904004812387145,-6.219783317148207,-6.292012187322304,-6.081313064576526,-6.277591145055231,-6.103754452906993,-6.252586970617476,-6.193189389809507,-5.941991018018327,-5.939796267422849,-6.030022876219034,-6.059465164185583,-6.022541131875677,-6.304174689062439,-6.27547835222649,-6.01493883401586,-6.242338237894703,-6.270155613821494,-6.270314712001263,-5.978624479893319,-5.698970004336019,-5.698970004336019,-5.698970004336019,-5.698970004336019,-5.698970004336019,-5.698970004336019,-5.698970004336019,-5.698970004336019,-5.698970004336019,-5.698970004336019,-5.698970004336019,-5.698970004336019,-5.698970004336019,-5.698970004336019,-5.698970004336019,-5.698970004336019,-5.698970004336019,-5.698970004336019,-5.698970004336019,-5.698970004336019
-5.710624397581629,-5.7285714568149375,-5.936435526491784,-5.730865396048778,-5.851737702012715,-5.813268706219867,-5.924392169476958,-5.734079836846407,-5.7876213335090805,-5.90136933775549,-5.902056014592241,-5.84702311859856,-5.9039500327822925,-5.971915816980678,-5.899665294969323,-5.880416778084165,-5.910503070211842,-5.904885600813027,-6.044737674108681,-5.868103016411962,-6.0,-6.0,-6.0,-6.0,-6.0,-6.0,-6.0,-6.0,-6.0,-6.0,-6.0,-6.0,-6.0,-6.0,-6.0,-6.0,-6.0,-6.0,-6.0,-6.0
-6.236270949117245,-6.1653439408145365,-5.986446251321829,-6.259868548876656,-6.406086051122394,-6.182901011120954,-6.304046981165367,-6.395245079979913,-6.172583812463072,-5.860280802469227,-5.884425485193336,-6.167215002582772,-6.178948447287316,-6.390614047327385,-6.100436683407118,-6.13583242940798,-6.288686219122174,-6.033006033945046,-5.84920940767027,-6.166788639240759,-5.823908740944319,-5.823908740944319,-5.823908740944319,-5.823908740944319,-5.823908740944319,-5.823908740944319,-5.823908740944319,-5.823908740944319,-5.823908740944319,-5.823908740944319,-5.823908740944319,-5.823908740944319,-5.823908740944319,-5.823908740944319,-5.823908740944319,-5.823908740944319,-5.823908740944319,-5.823908740944319,-5.823908740944319,-5.823908740944319
-6.380205023954226,-6.408630111457766,-6.354067129384911,-6.402994592275139,-6.420239204201614,-6.38927188600183,-6.376561854611332,-6.452578685696567,-6.373244886908584,-6.163856877248705,-6.160569331303254,-6.37153960093007,-6.35129460768671,-6.395646439509117,-6.189161211109788,-6.2621319969713465,-6.3647901139586,-6.30220160918935,-6.036522519917771,-6.300987415828566,-6.113509274827519,-6.113509274827519,-6.113509274827519,-6.113509274827519,-6.113509274827519,-6.113509274827519,-6.113509274827519,-6.113509274827519,-6.113509274827519,-6.113509274827519,-6.113509274827519,-6.113509274827519,-6.113509274827519,-6.113509274827519,-6.113509274827519,-6.113509274827519,-6.113509274827519,-6.113509274827519,-6.113509274827519,-6.113509274827519
-5.98062335096883,-5.894357543064005,-5.940508325355719,-5.9758951705029295,-5.952533059903039,-5.860612241926862,-5.976005735571925,-5.923860844903335,-5.833488157825334,-6.0152492682864915,-5.980803566419171,-5.890670187043029,-6.002278766099662,-5.960838132951722,-5.920550479087119,-6.066013789682771,-6.020926143261901,-5.995816127888627,-6.029069817573915,-5.966929041922269,-5.4089353929735005,-5.4089353929735005,-5.4089353929735005,-5.4089353929735005,-5.4089353929735005,-5.4089353929735005,-5.4089353929735005,-5.4089353929735005,-5.4089353929735005,-5.4089353929735005,-5.4089353929735005,-5.4089353929735005,-5.4089353929735005,-5.4089353929735005,-5.4089353929735005,-5.4089353929735005,-5.4089353929735005,-5.4089353929735005,-5.4089353929735005,-5.4089353929735005
-5.842176429007065,-5.889451759158561,-5.883812088326654,-5.847771794518952,-5.845960975675873,-5.9193220698388025,-5.877602591217222,-5.8358111873605765,-5.904937199527391,-5.881904446626621,-5.927217411144019,-5.870276536420457,-5.997455782402365,-5.900799422929637,-5.974410209408846,-5.896295147838473,-5.9527677843871425,-5.920367581277301,-6.024739495836314,-5.894165354209112,-5.795880017344075,-5.795880017344075,-5.795880017344075,-5.795880017344075,-5.795880017344075,-5.795880017344075,-5.795880017344075,-5.795880017344075,-5.795880017344075,-5.795880017344075,-5.795880017344075,-5.795880017344075,-5.795880017344075,-5.795880017344075,-5.795880017344075,-5.795880017344075,-5.795880017344075,-5.795880017344075,-5.795880017344075,-5.795880017344075
-5.667113722395744,-5.755976908824001,-5.801549092792888,-5.750558798453891,-5.785560714257545,-5.717127261003951,-5.846518559259909,-5.770084112879255,-5.702321978340008,-5.665921600880128,-5.716994931565127,-5.687789159673346,-5.80359936563428,-5.825984702484782,-5.740529072012625,-5.770351278980891,-5.808582879146314,-5.758816416237482,-5.761808122697558,-5.714394925717428,-5.619788758288394,-5.619788758288394,-5.619788758288394,-5.619788758288394,-5.619788758288394,-5.619788758288394,-5.619788758288394,-5.619788758288394,-5.619788758288394,-5.619788758288394,-5.619788758288394,-5.619788758288394,-5.619788758288394,-5.619788758288394,-5.619788758288394,-5.619788758288394,-5.619788758288394,-5.619788758288394,-5.619788758288394,-5.619788758288394
-5.969569758481149,-5.907534975996641,-5.945426493262058,-5.971645761156697,-5.950716742399353,-5.842758818787755,-5.961436556543213,-5.936465048248135,-5.857401032511286,-5.973324189277041,-5.957528518782812,-5.886417884908663,-5.964215022685364,-5.961005076072908,-5.89813383852398,-6.001446399071503,-5.9836120974651505,-5.963728458422091,-5.9660593535158535,-5.92301778628143,-5.958607314841775,-5.958607314841775,-5.958607314841775,-5.958607314841775,-5.958607314841775,-5.958607314841775,-5.958607314841775,-5.958607314841775,-5.958607314841775,-5.958607314841775,-5.958607314841775,-5.958607314841775,-5.958607314841775,-5.958607314841775,-5.958607314841775,-5.958607314841775,-5.958607314841775,-5.958607314841775,-5.958607314841775,-5.958607314841775
-5.867545530622783,-5.919146021889812,-5.839455527120555,-5.903811604842685,-5.874028590463955,-5.872686051762542,-5.8598007056694295,-5.872278614277904,-5.912535244695898,-5.8700407631290945,-5.900378975229627,-5.876024529798497,-5.924274710626452,-5.80649345894705,-5.809017100000835,-5.858670604773936,-5.828542359046488,-5.80944912756327,-5.788185088704052,-5.8857321785616135,-5.769551078621726,-5.769551078621726,-5.769551078621726,-5.769551078621726,-5.769551078621726,-5.769551078621726,-5.769551078621726,-5.769551078621726,-5.769551078621726,-5.769551078621726,-5.769551078621726,-5.769551078621726,-5.769551078621726,-5.769551078621726,-5.769551078621726,-5.769551078621726,-5.769551078621726,-5.769551078621726,-5.769551078621726,-5.769551078621726
-6.129822389014167,-6.260966106855077,-6.314764425622074,-6.18596319085261,-6.267460991345064,-6.23648375566795,-6.304864865942728,-6.222688513078344,-6.090028684498362,-6.126680647235798,-6.164554371980871,-6.194205935319129,-6.166470133957932,-6.28205674918334,-6.253884227236987,-6.181365899778608,-6.31191839405888,-6.288783664137489,-6.248785129289888,-6.120292984378751,-5.958607314841775,-5.958607314841775,-5.958607314841775,-5.958607314841775,-5.958607314841775,-5.958607314841775,-5.958607314841775,-5.958607314841775,-5.958607314841775,-5.958607314841775,-5.958607314841775,-5.958607314841775,-5.958607314841775,-5.958607314841775,-5.958607314841775,-5.958607314841775,-5.958607314841775,-5.958607314841775,-5.958607314841775,-5.958607314841775
-5.533371205382773,-5.504306541978426,-5.414265455282193,-5.509529020262523,-5.524152198247702,-5.5144192673993775,-5.491206981086911,-5.530963719141924,-5.424112477775529,-5.62098151532491,-5.6223106456534575,-5.47292211701569,-5.63003402795865,-5.403588258968074,-5.575527180740833,-5.603274971201977,-5.620231839407154,-5.491842770886618,-5.592779585680313,-5.5462249004056465,-5.958607314841775,-5.958607314841775,-5.958607314841775,-5.958607314841775,-5.958607314841775,-5.958607314841775,-5.958607314841775,-5.958607314841775,-5.958607314841775,-5.958607314841775,-5.958607314841775,-5.958607314841775,-5.958607314841775,-5.958607314841775,-5.958607314841775,-5.958607314841775,-5.958607314841775,-5.958607314841775,-5.958607314841775,-5.958607314841775
-5.828881177154718,-5.773187709907977,-5.807411662127225,-5.840225131650699,-5.837270524962496,-5.793428989713227,-5.849891927091764,-5.847661882642685,-5.808791419356095,-5.943467927301216,-5.930982594985303,-5.846552687711047,-5.978363842973237,-5.80852147607055,-5.813460536833929,-5.910105718171868,-5.873366309924758,-5.794489167649729,-5.953986987385188,-5.8764460152107585,-5.823908740944319,-5.823908740944319,-5.823908740944319,-5.823908740944319,-5.823908740944319,-5.823908740944319,-5.823908740944319,-5.823908740944319,-5.823908740944319,-5.823908740944319,-5.823908740944319,-5.823908740944319,-5.823908740944319,-5.823908740944319,-5.823908740944319,-5.823908740944319,-5.823908740944319,-5.823908740944319,-5.823908740944319,-5.823908740944319
-6.203353038985338,-6.259008424691896,-6.145883322500306,-6.254957115813219,-6.166527051419367,-6.150429149539535,-6.155886909142741,-6.254616167744634,-6.236868545043228,-6.198054326348573,-6.214338593565772,-6.19931004484576,-6.217416188746619,-6.09132544322944,-6.118295337092672,-6.1715671954580476,-6.13130057558832,-6.104510636654871,-6.091868909041665,-6.1792307432321945,-6.0,-6.0,-6.0,-6.0,-6.0,-6.0,-6.0,-6.0,-6.0,-6.0,-6.0,-6.0,-6.0,-6.0,-6.0,-6.0,-6.0,-6.0,-6.0,-6.0
-5.778296430302976,-5.817232374865655,-5.860225693005649,-5.736530366628323,-5.831325715212483,-5.771834085350939,-5.79819862762363,-5.761506011307691,-5.778307812976792,-5.754461300384219,-5.7711962792627896,-5.8087073110328,-5.735687273116862,-5.868838850415207,-5.8200726864873875,-5.711501412685725,-5.733484102625849,-5.830427777129858,-5.789550076736165,-5.752308584179851,-4.721246399047171,-4.721246399047171,-4.721246399047171,-4.721246399047171,-4.721246399047171,-4.721246399047171,-4.721246399047171,-4.721246399047171,-4.721246399047171,-4.721246399047171,-4.721246399047171,-4.721246399047171,-4.721246399047171,-4.721246399047171,-4.721246399047171,-4.721246399047171,-4.721246399047171,-4.721246399047171,-4.721246399047171,-4.721246399047171
-5.716426272293395,-5.633086921805493,-5.736127957160361,-5.611717593357557,-5.693969221088468,-5.67696161365964,-5.702482618904706,-5.665639120286015,-5.628663023291226,-5.678064420958549,-5.661995329296376,-5.666337534157365,-5.6778477582074744,-5.73975906872029,-5.732768188569993,-5.663420392854355,-5.681517558682989,-5.72933221844157,-5.800390047461354,-5.652393085266907,-5.619788758288394,-5.619788758288394,-5.619788758288394,-5.619788758288394,-5.619788758288394,-5.619788758288394,-5.619788758288394,-5.619788758288394,-5.619788758288394,-5.619788758288394,-5.619788758288394,-5.619788758288394,-5.619788758288394,-5.619788758288394,-5.619788758288394,-5.619788758288394,-5.619788758288394,-5.619788758288394,-5.619788758288394,-5.619788758288394
-5.728666653646923,-5.649341866654435,-5.726134824394611,-5.625734900867465,-5.6955610252221565,-5.703485482946744,-5.710218720419195,-5.673187603620433,-5.6493908932485555,-5.6891165342380425,-5.677779283469077,-5.689362260742782,-5.710552501577185,-5.716252631955154,-5.729366147292515,-5.669052975269686,-5.679673275288724,-5.702656851285681,-5.7897087081140235,-5.6682491031956745,-6.050609993355088,-6.050609993355088,-6.050609993355088,-6.050609993355088,-6.050609993355088,-6.050609993355088,-6.050609993355088,-6.050609993355088,-6.050609993355088,-6.050609993355088,-6.050609993355088,-6.050609993355088,-6.050609993355088,-6.050609993355088,-6.050609993355088,-6.050609993355088,-6.050609993355088,-6.050609993355088,-6.050609993355088,-6.050609993355088
-6.282491596113699,-6.39982337932525,-6.40986425823394,-6.307413127531542,-6.354444064765708,-6.310681833275984,-6.357074169786115,-6.352062600371802,-6.24188935853337,-6.186010042491885,-6.2275258452455695,-6.260326253433572,-6.248220948026852,-6.385490589676204,-6.373915477654342,-6.248993510788267,-6.379035392349519,-6.394416234022187,-6.357579669681436,-6.206355223329011,-6.070581074285707,-6.070581074285707,-6.070581074285707,-6.070581074285707,-6.070581074285707,-6.070581074285707,-6.070581074285707,-6.070581074285707,-6.070581074285707,-6.070581074285707,-6.070581074285707,-6.070581074285707,-6.070581074285707,-6.070581074285707,-6.070581074285707,-6.070581074285707,-6.070581074285707,-6.070581074285707,-6.070581074285707,-6.070581074285707
-6.081717423283799,-5.9938970615277745,-5.976538664267072,-6.054311774492275,-6.007245930740115,-5.95260739989632,-6.024514200735494,-6.018167298077317,-5.944211338312588,-6.0527781235706986,-5.995042053424952,-5.955786058821981,-6.044018250245904,-6.022993942757807,-6.05386461449912,-6.1335413160187695,-6.08300838146364,-6.056597178984242,-6.090300971518219,-6.074468853590718,-5.638272163982407,-5.638272163982407,-5.638272163982407,-5.638272163982407,-5.638272163982407,-5.638272163982407,-5.638272163982407,-5.638272163982407,-5.638272163982407,-5.638272163982407,-5.638272163982407,-5.638272163982407,-5.638272163982407,-5.638272163982407,-5.638272163982407,-5.638272163982407,-5.638272163982407,-5.638272163982407,-5.638272163982407,-5.638272163982407
-5.110789521451016,-5.216491056789175,-5.073255766667693,-5.21730232906598,-5.029782938777163,-5.271794181484177,-5.036029194848479,-5.218418528244563,-5.27130320474099,-5.043093556976283,-5.070694516199982,-4.928459969511604,-4.990277113642879,-5.183811846295418,-4.942033371108782,-5.078445629004966,-5.107189115990739,-5.162699215600604,-5.1569627353852665,-5.0252438007397515,-5.6020599913279625,-5.6020599913279625,-5.6020599913279625,-5.6020599913279625,-5.6020599913279625,-5.6020599913279625,-5.6020599913279625,-5.6020599913279625,-5.6020599913279625,-5.6020599913279625,-5.6020599913279625,-5.6020599913279625,-5.6020599913279625,-5.6020599913279625,-5.6020599913279625,-5.6020599913279625,-5.6020599913279625,-5.6020599913279625,-5.6020599913279625,-5.6020599913279625
-4.616819808534936,-4.665694258045244,-5.085018588433172,-4.602228618157252,-4.852627531021432,-5.070192177776006,-4.748778975186465,-4.6799993357128375,-4.496243381935286,-4.756015864007171,-4.933999897913037,-4.957709725984798,-4.597662120454464,-4.88208991703487,-4.696418156489513,-4.735425690799673,-4.682936651298837,-4.832009660294266,-4.715049497937469,-4.702252160197859,-5.769551078621726,-5.769551078621726,-5.769551078621726,-5.769551078621726,-5.769551078621726,-5.769551078621726,-5.769551078621726,-5.769551078621726,-5.769551078621726,-5.769551078621726,-5.769551078621726,-5.769551078621726,-5.769551078621726,-5.769551078621726,-5.769551078621726,-5.769551078621726,-5.769551078621726,-5.769551078621726,-5.769551078621726,-5.769551078621726
-4.938074480710704,-4.8185672527299905,-4.869616057744887,-4.854398957651925,-4.844005881864062,-4.969577506464926,-4.889664591441974,-4.881354127919704,-4.898399769820846,-4.756580030997112,-4.758423786715768,-4.942791036137221,-4.895335096396956,-4.922638718851477,-4.983280673118306,-4.860170194512949,-4.827696003811681,-4.869228035766574,-4.943751025620332,-4.8954865136231875,-5.568636235841013,-5.568636235841013,-5.568636235841013,-5.568636235841013,-5.568636235841013,-5.568636235841013,-5.568636235841013,-5.568636235841013,-5.568636235841013,-5.568636235841013,-5.568636235841013,-5.568636235841013,-5.568636235841013,-5.568636235841013,-5.568636235841013,-5.568636235841013,-5.568636235841013,-5.568636235841013,-5.568636235841013,-5.568636235841013
-5.781340854166595,-5.6767928475583735,-5.175826638014441,-5.70963394084029,-5.079055223151084,-5.170154449955009,-5.019640794368179,-5.781366767595134,-5.681428233695005,-5.084198157143546,-5.0929043827596026,-5.076616515323603,-5.226033353149062,-5.344905815199495,-5.156495646507563,-5.03861841995005,-5.041505919520047,-5.144573367613879,-5.229778261981191,-5.114196456085781,-5.886056647693163,-5.886056647693163,-5.886056647693163,-5.886056647693163,-5.886056647693163,-5.886056647693163,-5.886056647693163,-5.886056647693163,-5.886056647693163,-5.886056647693163,-5.886056647693163,-5.886056647693163,-5.886056647693163,-5.886056647693163,-5.886056647693163,-5.886056647693163,-5.886056647693163,-5.886056647693163,-5.886056647693163,-5.886056647693163
-4.868188609635854,-4.871153222627769,-4.996419182660857,-4.858532075602029,-5.010293706350053,-5.018762740913593,-4.885625910271099,-4.900879785888759,-4.840955891318552,-4.788939157614288,-4.899363792953328,-4.857805417015362,-4.755328383938152,-4.999663047364788,-4.761182498779983,-4.812898316582643,-4.8115605253295595,-4.951450744011735,-4.859287982456283,-4.7915433469654785,-6.060480747381382,-6.060480747381382,-6.060480747381382,-6.060480747381382,-6.060480747381382,-6.060480747381382,-6.060480747381382,-6.060480747381382,-6.060480747381382,-6.060480747381382,-6.060480747381382,-6.060480747381382,-6.060480747381382,-6.060480747381382,-6.060480747381382,-6.060480747381382,-6.060480747381382,-6.060480747381382,-6.060480747381382,-6.060480747381382
-5.027066711419419,-5.01592582917359,-4.999743073505072,-5.009109672593438,-5.111714655298355,-5.034901326841371,-4.908498651593909,-5.047595259015253,-5.011666478880411,-4.842900291171547,-4.8941848119628935,-4.898755765134895,-4.859828954818385,-5.027702667765061,-4.854262499799133,-4.871742479318814,-4.864854483682375,-4.967136219125377,-4.951650895077502,-4.880315862055591,-6.327902142064283,-6.327902142064283,-6.327902142064283,-6.327902142064283,-6.327902142064283,-6.327902142064283,-6.327902142064283,-6.327902142064283,-6.327902142064283,-6.327902142064283,-6.327902142064283,-6.327902142064283,-6.327902142064283,-6.327902142064283,-6.327902142064283,-6.327902142064283,-6.327902142064283,-6.327902142064283,-6.327902142064283,-6.327902142064283
-4.814063491641517,-4.802463461395498,-5.0123521699855935,-4.755025388521211,-5.155449795429411,-4.766155952740409,-4.8724913706346875,-4.829493711665146,-4.670597801949793,-4.835421402939555,-4.985572110992377,-4.820533282168531,-4.731299284516834,-4.960580804371879,-4.609509687658981,-4.800720864068606,-4.778651831977668,-4.937364734068707,-4.786717711182966,-4.7330799340567005,-5.958607314841775,-5.958607314841775,-5.958607314841775,-5.958607314841775,-5.958607314841775,-5.958607314841775,-5.958607314841775,-5.958607314841775,-5.958607314841775,-5.958607314841775,-5.958607314841775,-5.958607314841775,-5.958607314841775,-5.958607314841775,-5.958607314841775,-5.958607314841775,-5.958607314841775,-5.958607314841775,-5.958607314841775,-5.958607314841775
-4.566498568989344,-4.668355811003332,-5.124422725567342,-4.546114435971759,-5.165593405811843,-4.90002487860186,-4.790119243677816,-4.578885831716058,-4.523774228368366,-4.786733340004994,-4.991561857331817,-4.916467068565899,-4.6174153237971005,-4.9462089306337145,-4.567561754502144,-4.7017505221778695,-4.726267574714665,-4.87264642834148,-4.748436142216792,-4.685645984472804,-5.795880017344075,-5.795880017344075,-5.795880017344075,-5.795880017344075,-5.795880017344075,-5.795880017344075,-5.795880017344075,-5.795880017344075,-5.795880017344075,-5.795880017344075,-5.795880017344075,-5.795880017344075,-5.795880017344075,-5.795880017344075,-5.795880017344075,-5.795880017344075,-5.795880017344075,-5.795880017344075,-5.795880017344075,-5.795880017344075
-4.805134254476994,-4.806462132766748,-5.069486372911935,-4.745616460483612,-5.268881318422041,-4.790102227821956,-4.868170643717936,-4.8180311745302555,-4.7028608979655715,-4.88066373993038,-5.03909886935095,-4.86607096666811,-4.755840485226009,-4.972696354747765,-4.6031934103246,-4.786067740150821,-4.7853994173670475,-4.944931245829868,-4.802430314214989,-4.74638227573483,-5.443697499232713,-5.443697499232713,-5.443697499232713,-5.443697499232713,-5.443697499232713,-5.443697499232713,-5.443697499232713,-5.443697499232713,-5.443697499232713,-5.443697499232713,-5.443697499232713,-5.443697499232713,-5.443697499232713,-5.443697499232713,-5.443697499232713,-5.443697499232713,-5.443697499232713,-5.443697499232713,-5.443697499232713,-5.443697499232713
-4.949814272375443,-5.100080692855761,-4.998723729191546,-5.068077713848757,-5.029869257309243,-5.153900634688257,-4.9850968498760135,-5.037905917986629,-5.10821370688386,-4.815654482550487,-4.853291867715628,-4.844867525668275,-4.792125575408572,-5.143030924991774,-4.801476701697367,-4.977629290114037,-4.971762048223845,-5.067223742166935,-5.058060749809547,-4.9038716559527185,-5.154901959985743,-5.154901959985743,-5.154901959985743,-5.154901959985743,-5.154901959985743,-5.154901959985743,-5.154901959985743,-5.154901959985743,-5.154901959985743,-5.154901959985743,-5.154901959985743,-5.154901959985743,-5.154901959985743,-5.154901959985743,-5.154901959985743,-5.154901959985743,-5.154901959985743,-5.154901959985743,-5.154901959985743,-5.154901959985743
-4.902147612272946,-4.915966161067635,-5.06675504670877,-4.871539487827528,-5.105820678237871,-4.98265909823205,-4.87140601619709,-4.9375171775534366,-4.781124263062015,-4.811876392862211,-4.9300539546864375,-4.90347474434375,-4.7408225875523975,-5.026709330983488,-4.716786787186693,-4.823837217338101,-4.79469631704721,-4.94445224697762,-4.846050076847463,-4.797166836630267,-4.2441251443275085,-4.2441251443275085,-4.2441251443275085,-4.2441251443275085,-4.2441251443275085,-4.2441251443275085,-4.2441251443275085,-4.2441251443275085,-4.2441251443275085,-4.2441251443275085,-4.2441251443275085,-4.2441251443275085,-4.2441251443275085,-4.2441251443275085,-4.2441251443275085,-4.2441251443275085,-4.2441251443275085,-4.2441251443275085,-4.2441251443275085,-4.2441251443275085
-4.91542688687801,-4.915291935656177,-5.037079226229153,-4.902758313369143,-5.096918401267634,-4.998389806877082,-4.920639954952815,-4.943045988292344,-4.900424742719884,-4.832000128779558,-4.9257605653434435,-4.886083225994182,-4.791070315880076,-5.03474994215731,-4.772931989411409,-4.848978830626742,-4.845969686250635,-4.99013378915865,-4.902898756963032,-4.8261244838787976,-6.251811972993799,-6.251811972993799,-6.251811972993799,-6.251811972993799,-6.251811972993799,-6.251811972993799,-6.251811972993799,-6.251811972993799,-6.251811972993799,-6.251811972993799,-6.251811972993799,-6.251811972993799,-6.251811972993799,-6.251811972993799,-6.251811972993799,-6.251811972993799,-6.251811972993799,-6.251811972993799,-6.251811972993799,-6.251811972993799
-5.059075913040113,-4.90714775734019,-5.082564094158015,-4.92638123434868,-5.078942113833155,-5.00613408582473,-4.942603799214935,-4.98092676497963,-4.988183511918631,-4.915727075734605,-4.936810109012242,-5.146392575446438,-5.0231098461549015,-5.048773437924612,-4.966277866368479,-4.875134881699245,-4.885776157331119,-4.965767066424838,-5.007682223297944,-4.942271494938216,-5.853871964321762,-5.853871964321762,-5.853871964321762,-5.853871964321762,-5.853871964321762,-5.853871964321762,-5.853871964321762,-5.853871964321762,-5.853871964321762,-5.853871964321762,-5.853871964321762,-5.853871964321762,-5.853871964321762,-5.853871964321762,-5.853871964321762,-5.853871964321762,-5.853871964321762,-5.853871964321762,-5.853871964321762,-5.853871964321762
-4.606015022671689,-4.663436272010459,-5.029529692134756,-4.585373809445137,-4.8707985155854665,-5.045219167319138,-4.735657972912233,-4.666357680526957,-4.473647895317084,-4.749037740129952,-4.917918958997871,-4.924883170001716,-4.607409645898832,-4.859851987428831,-4.675285475634701,-4.741336143611977,-4.6837313113559755,-4.80149657747255,-4.709585730871479,-4.712015387077044,-5.920818753952375,-5.920818753952375,-5.920818753952375,-5.920818753952375,-5.920818753952375,-5.920818753952375,-5.920818753952375,-5.920818753952375,-5.920818753952375,-5.920818753952375,-5.920818753952375,-5.920818753952375,-5.920818753952375,-5.920818753952375,-5.920818753952375,-5.920818753952375,-5.920818753952375,-5.920818753952375,-5.920818753952375,-5.920818753952375
-4.569025433073167,-4.638412288228793,-4.949829469866938,-4.541099146231709,-4.826767084761959,-5.049486181297649,-4.685109425756663,-4.633756750323143,-4.421761863345853,-4.730502052293379,-4.897364228833703,-4.88106577756852,-4.606869088359947,-4.79189670092153,-4.675161779181084,-4.716239387822895,-4.65775887574783,-4.733123042538652,-4.675719770016376,-4.710460868686992,-5.920818753952375,-5.920818753952375,-5.920818753952375,-5.920818753952375,-5.920818753952375,-5.920818753952375,-5.920818753952375,-5.920818753952375,-5.920818753952375,-5.920818753952375,-5.920818753952375,-5.920818753952375,-5.920818753952375,-5.920818753952375,-5.920818753952375,-5.920818753952375,-5.920818753952375,-5.920818753952375,-5.920818753952375,-5.920818753952375
-4.905070400599205,-4.916780984607717,-5.094374086805569,-4.867877119136142,-5.105757410268226,-5.0422655605755216,-4.87055862452651,-4.934964206685562,-4.783403906061278,-4.839315298700774,-4.94872148742064,-4.949772973729199,-4.76825916940334,-5.023058988605304,-4.754312984333255,-4.828870507082734,-4.812600696644771,-4.948314500268671,-4.859891944345144,-4.819766518594606,-5.920818753952375,-5.920818753952375,-5.920818753952375,-5.920818753952375,-5.920818753952375,-5.920818753952375,-5.920818753952375,-5.920818753952375,-5.920818753952375,-5.920818753952375,-5.920818753952375,-5.920818753952375,-5.920818753952375,-5.920818753952375,-5.920818753952375,-5.920818753952375,-5.920818753952375,-5.920818753952375,-5.920818753952375,-5.920818753952375
-4.801957117663428,-4.800737247211696,-5.00099952774246,-4.750943688485235,-5.1119217787229445,-4.934992982434451,-4.85228220798765,-4.816628314107,-4.709874254503459,-4.828739134863076,-4.9589156533147385,-4.859422251574839,-4.761376334289992,-4.947170047832763,-4.694157325184651,-4.782656525078133,-4.784943748999751,-4.908251481923827,-4.809047751523534,-4.776535877497873,-5.6777807052660805,-5.6777807052660805,-5.6777807052660805,-5.6777807052660805,-5.6777807052660805,-5.6777807052660805,-5.6777807052660805,-5.6777807052660805,-5.6777807052660805,-5.6777807052660805,-5.6777807052660805,-5.6777807052660805,-5.6777807052660805,-5.6777807052660805,-5.6777807052660805,-5.6777807052660805,-5.6777807052660805,-5.6777807052660805,-5.6777807052660805,-5.6777807052660805
-5.0262402459132725,-4.88270238969257,-4.962350036034046,-4.92660417531184,-4.991383774277998,-5.006178632452663,-4.876480750064428,-4.964669205313899,-4.973026205178984,-4.851860846836803,-4.834657258068092,-5.041268360512279,-4.956665976001876,-4.915239376001525,-5.03949441744848,-4.89905710281226,-4.852836201502726,-4.879889747532533,-4.977732588766566,-4.945183099686829,-5.366531544420414,-5.366531544420414,-5.366531544420414,-5.366531544420414,-5.366531544420414,-5.366531544420414,-5.366531544420414,-5.366531544420414,-5.366531544420414,-5.366531544420414,-5.366531544420414,-5.366531544420414,-5.366531544420414,-5.366531544420414,-5.366531544420414,-5.366531544420414,-5.366531544420414,-5.366531544420414,-5.366531544420414,-5.366531544420414
-4.989491947051728,-4.858897476265962,-4.941706458410565,-4.899656567924804,-4.873084011076092,-5.039530765132941,-4.8532926567518,-4.9306720820965015,-4.939014197942913,-4.79389927885487,-4.80419889729572,-5.01708466478481,-4.916006252528516,-4.9147133412166175,-5.0325997069017685,-4.849564949897924,-4.827445481606626,-4.862438765601955,-4.94312659012379,-4.900953069222566,-5.638272163982407,-5.638272163982407,-5.638272163982407,-5.638272163982407,-5.638272163982407,-5.638272163982407,-5.638272163982407,-5.638272163982407,-5.638272163982407,-5.638272163982407,-5.638272163982407,-5.638272163982407,-5.638272163982407,-5.638272163982407,-5.638272163982407,-5.638272163982407,-5.638272163982407,-5.638272163982407,-5.638272163982407,-5.638272163982407
-4.739648795577627,-4.8881362571503715,-5.024884389228328,-4.788895050096772,-5.072497329546963,-4.9866555395247705,-4.891576302579572,-4.7671585733045125,-4.800819932146856,-4.7551067329597085,-4.849919850933152,-4.8411663935936655,-4.683374792671914,-5.026629245959816,-4.714559822495368,-4.848483944729392,-4.861716964503583,-4.9533998106155,-4.91725737514819,-4.8083310286305565,-5.853871964321762,-5.853871964321762,-5.853871964321762,-5.853871964321762,-5.853871964321762,-5.853871964321762,-5.853871964321762,-5.853871964321762,-5.853871964321762,-5.853871964321762,-5.853871964321762,-5.853871964321762,-5.853871964321762,-5.853871964321762,-5.853871964321762,-5.853871964321762,-5.853871964321762,-5.853871964321762,-5.853871964321762,-5.853871964321762
-5.619257216237341,-5.699024607001368,-5.818024589634102,-5.6871035622034505,-5.772107024149459,-5.732399194378739,-5.7994471832395895,-5.6761405180049245,-5.719990789127045,-5.78311503043492,-5.78335763146073,-5.7729791617692285,-5.820670246171419,-5.8574781923810795,-5.748545084497002,-5.810248874340545,-5.7991810960589305,-5.7910826226687275,-5.823403261098686,-5.784273634630625,-5.958607314841775,-5.958607314841775,-5.958607314841775,-5.958607314841775,-5.958607314841775,-5.958607314841775,-5.958607314841775,-5.958607314841775,-5.958607314841775,-5.958607314841775,-5.958607314841775,-5.958607314841775,-5.958607314841775,-5.958607314841775,-5.958607314841775,-5.958607314841775,-5.958607314841775,-5.958607314841775,-5.958607314841775,-5.958607314841775
-6.134349027909452,-6.166836317102994,-6.141829641584034,-6.17659615082685,-6.144687404714875,-6.053131579955377,-6.115385220658643,-6.15066892920965,-6.137610223371235,-6.1073196322032,-6.122284308216294,-6.09722040042056,-6.102517279201753,-6.139437986709221,-6.087810624726249,-6.109185900992408,-6.113950050136007,-6.109708459306294,-6.075382807702209,-6.09347264857817,-6.0,-6.0,-6.0,-6.0,-6.0,-6.0,-6.0,-6.0,-6.0,-6.0,-6.0,-6.0,-6.0,-6.0,-6.0,-6.0,-6.0,-6.0,-6.0,-6.0
-5.668260263152851,-5.722242663396877,-5.770137400150658,-5.7235464246302135,-5.772014949965883,-5.7281059731575,-5.76418117630906,-5.710613318050308,-5.771063401492724,-5.78069280688487,-5.775194275441807,-5.760924332478035,-5.803570122641913,-5.771332780534463,-5.696525943297618,-5.755655190533698,-5.775569505721887,-5.732167072413575,-5.736836857309006,-5.741329517545952,-6.1487416512809245,-6.1487416512809245,-6.1487416512809245,-6.1487416512809245,-6.1487416512809245,-6.1487416512809245,-6.1487416512809245,-6.1487416512809245,-6.1487416512809245,-6.1487416512809245,-6.1487416512809245,-6.1487416512809245,-6.1487416512809245,-6.1487416512809245,-6.1487416512809245,-6.1487416512809245,-6.1487416512809245,-6.1487416512809245,-6.1487416512809245,-6.1487416512809245
-6.244609751495909,-6.3200476341458405,-6.267321097382272,-6.306499353043572,-6.247024533256274,-6.245993157052099,-6.216390588139335,-6.226799076066529,-6.272867866458687,-6.2052382316908385,-6.245632202840041,-6.237901154523705,-6.248836667558642,-6.237275148496108,-6.222036625780752,-6.179854478986013,-6.260414040294882,-6.231348197558444,-6.120003571614977,-6.203422744931238,-6.031517051446065,-6.031517051446065,-6.031517051446065,-6.031517051446065,-6.031517051446065,-6.031517051446065,-6.031517051446065,-6.031517051446065,-6.031517051446065,-6.031517051446065,-6.031517051446065,-6.031517051446065,-6.031517051446065,-6.031517051446065,-6.031517051446065,-6.031517051446065,-6.031517051446065,-6.031517051446065,-6.031517051446065,-6.031517051446065
-5.921042465463641,-5.952806308906991,-6.0625215089602635,-5.940353045593897,-5.979378167731303,-6.028840617995535,-6.022079665630429,-5.941245968336819,-5.99119018401465,-6.05526485031134,-6.064032379873228,-6.05082246101077,-6.099192104643081,-6.07902588998701,-6.057420937022391,-6.057434415975537,-6.039714957285625,-6.083258877239932,-6.14982671906161,-6.068061795958021,-6.214670164989233,-6.214670164989233,-6.214670164989233,-6.214670164989233,-6.214670164989233,-6.214670164989233,-6.214670164989233,-6.214670164989233,-6.214670164989233,-6.214670164989233,-6.214670164989233,-6.214670164989233,-6.214670164989233,-6.214670164989233,-6.214670164989233,-6.214670164989233,-6.214670164989233,-6.214670164989233,-6.214670164989233,-6.214670164989233
-5.682233365909965,-5.5758360865484144,-5.648827356501974,-5.603907890168149,-5.672413605199602,-5.644098284171798,-5.687166077364262,-5.640207617767977,-5.610129520683172,-5.756685431722155,-5.731676651198061,-5.641732796335469,-5.768778636590254,-5.69076057631634,-5.723835290060625,-5.721156276436715,-5.7492133912442815,-5.682211937946315,-5.8386225911418475,-5.697443661492184,-5.958607314841775,-5.958607314841775,-5.958607314841775,-5.958607314841775,-5.958607314841775,-5.958607314841775,-5.958607314841775,-5.958607314841775,-5.958607314841775,-5.958607314841775,-5.958607314841775,-5.958607314841775,-5.958607314841775,-5.958607314841775,-5.958607314841775,-5.958607314841775,-5.958607314841775,-5.958607314841775,-5.958607314841775,-5.958607314841775
-5.3622897422392635,-5.294448989659854,-5.31311072451521,-5.268889639142427,-5.403893614218619,-5.36027412015856,-5.361053754394806,-5.322694109132333,-5.316565543438952,-5.428996901874545,-5.448311225086028,-5.30921936403587,-5.4771083899295085,-5.3560565098511255,-5.474243356567161,-5.368293678640566,-5.505894285704296,-5.355147778547113,-5.558124718432296,-5.37407109659932,-5.698970004336019,-5.698970004336019,-5.698970004336019,-5.698970004336019,-5.698970004336019,-5.698970004336019,-5.698970004336019,-5.698970004336019,-5.698970004336019,-5.698970004336019,-5.698970004336019,-5.698970004336019,-5.698970004336019,-5.698970004336019,-5.698970004336019,-5.698970004336019,-5.698970004336019,-5.698970004336019,-5.698970004336019,-5.698970004336019
-5.881774096552608,-5.9522383608248735,-5.909414884896823,-5.945428744097191,-5.891480717721164,-5.973040562859373,-5.970169559024812,-5.870461415929099,-6.003370091677201,-5.997983977231758,-6.02437953882389,-5.986603808775246,-6.117740198647242,-5.952365254557822,-5.941372287268742,-6.015642580336322,-5.90007090490445,-5.903846167258866,-5.9898740721044526,-6.040967911047387,-5.113509274827519,-5.113509274827519,-5.113509274827519,-5.113509274827519,-5.113509274827519,-5.113509274827519,-5.113509274827519,-5.113509274827519,-5.113509274827519,-5.113509274827519,-5.113509274827519,-5.113509274827519,-5.113509274827519,-5.113509274827519,-5.113509274827519,-5.113509274827519,-5.113509274827519,-5.113509274827519,-5.113509274827519,-5.113509274827519
-5.893383358403709,-5.958867217119071,-6.04134558420894,-5.9407327454036105,-6.031960271101422,-5.977625146800152,-6.066386481500377,-5.943119495968654,-5.963324049051812,-5.986905279625085,-6.028399680618782,-5.982005726841325,-6.07536674955725,-6.085831368820793,-6.038620692462886,-5.997388363868751,-6.040692549445118,-6.0055416110067155,-6.101908186482592,-6.030380838174459,-5.958607314841775,-5.958607314841775,-5.958607314841775,-5.958607314841775,-5.958607314841775,-5.958607314841775,-5.958607314841775,-5.958607314841775,-5.958607314841775,-5.958607314841775,-5.958607314841775,-5.958607314841775,-5.958607314841775,-5.958607314841775,-5.958607314841775,-5.958607314841775,-5.958607314841775,-5.958607314841775,-5.958607314841775,-5.958607314841775
-5.193703711108405,-5.135967682423162,-5.263801106054835,-5.203301065049183,-5.397543654242796,-5.1691007507062885,-5.191659816356989,-5.238649220429985,-5.3156258126289675,-5.326345013056134,-5.362921041636711,-5.296007888598011,-5.250318082708907,-5.2663813540246975,-5.104425433314106,-5.131494892679639,-5.195548559817193,-5.165401469351308,-5.2707322310643026,-5.214118275716775,-4.481486060122113,-4.481486060122113,-4.481486060122113,-4.481486060122113,-4.481486060122113,-4.481486060122113,-4.481486060122113,-4.481486060122113,-4.481486060122113,-4.481486060122113,-4.481486060122113,-4.481486060122113,-4.481486060122113,-4.481486060122113,-4.481486060122113,-4.481486060122113,-4.481486060122113,-4.481486060122113,-4.481486060122113,-4.481486060122113
-5.316237090557559,-5.396553193513099,-5.54720707552532,-5.273095391707685,-5.39508231957052,-5.473214193556609,-5.460081316110561,-5.286749241791133,-5.3204325554840235,-5.383770668826969,-5.330546715075846,-5.459833825715892,-5.370884937681242,-5.500376180229619,-5.485242503246848,-5.387976674086491,-5.3941058862647,-5.483042340892553,-5.389524943136721,-5.346857410315138,-5.6020599913279625,-5.6020599913279625,-5.6020599913279625,-5.6020599913279625,-5.6020599913279625,-5.6020599913279625,-5.6020599913279625,-5.6020599913279625,-5.6020599913279625,-5.6020599913279625,-5.6020599913279625,-5.6020599913279625,-5.6020599913279625,-5.6020599913279625,-5.6020599913279625,-5.6020599913279625,-5.6020599913279625,-5.6020599913279625,-5.6020599913279625,-5.6020599913279625
-5.409423321018818,-5.468380166610111,-5.6380258233620335,-5.313083878101521,-5.443533055575494,-5.541928606520637,-5.5638149201504135,-5.357487088469188,-5.318132483672241,-5.368411662156034,-5.335976472872686,-5.518688593764211,-5.39278744137096,-5.542886157530876,-5.5495299190646765,-5.406035025468861,-5.393054187992875,-5.522688728721908,-5.438692348948695,-5.358176702284675,-5.4089353929735005,-5.4089353929735005,-5.4089353929735005,-5.4089353929735005,-5.4089353929735005,-5.4089353929735005,-5.4089353929735005,-5.4089353929735005,-5.4089353929735005,-5.4089353929735005,-5.4089353929735005,-5.4089353929735005,-5.4089353929735005,-5.4089353929735005,-5.4089353929735005,-5.4089353929735005,-5.4089353929735005,-5.4089353929735005,-5.4089353929735005,-5.4089353929735005
-5.673231285280451,-5.591580480307667,-5.757298116282847,-5.530379370757232,-5.618848683158232,-5.705600498927837,-5.717435504606176,-5.589884517245501,-5.508557203244081,-5.565598460272187,-5.530563740577286,-5.634672269841663,-5.595174816491877,-5.657616486920632,-5.705013722444438,-5.633485114106716,-5.600011007562957,-5.691085531430374,-5.754445768579806,-5.58044007120385,-5.886056647693163,-5.886056647693163,-5.886056647693163,-5.886056647693163,-5.886056647693163,-5.886056647693163,-5.886056647693163,-5.886056647693163,-5.886056647693163,-5.886056647693163,-5.886056647693163,-5.886056647693163,-5.886056647693163,-5.886056647693163,-5.886056647693163,-5.886056647693163,-5.886056647693163,-5.886056647693163,-5.886056647693163,-5.886056647693163
-5.395245442601826,-5.459680534727228,-5.59981363264372,-5.2657814272365915,-5.395588319824499,-5.545292122264637,-5.537412373507247,-5.3035340968417195,-5.298913725792987,-5.384964515378792,-5.34695558319884,-5.537203858418875,-5.389743655335177,-5.514514486370591,-5.566293827617829,-5.369307436112682,-5.354960213669067,-5.5058539871100685,-5.429476640906259,-5.329234715474925,-5.7447274948966935,-5.7447274948966935,-5.7447274948966935,-5.7447274948966935,-5.7447274948966935,-5.7447274948966935,-5.7447274948966935,-5.7447274948966935,-5.7447274948966935,-5.7447274948966935,-5.7447274948966935,-5.7447274948966935,-5.7447274948966935,-5.7447274948966935,-5.7447274948966935,-5.7447274948966935,-5.7447274948966935,-5.7447274948966935,-5.7447274948966935,-5.7447274948966935
-5.403130230908911,-5.460869997311124,-5.640203977228522,-5.300262959355524,-5.451629580278822,-5.553385694809297,-5.584686015544283,-5.352485594411913,-5.316120622321654,-5.370599404974005,-5.349475417620665,-5.527565779221848,-5.428269688988497,-5.553298002072974,-5.57043521677421,-5.398676866239187,-5.415768594905322,-5.509126659065085,-5.484445323675731,-5.3583035410575794,-6.0,-6.0,-6.0,-6.0,-6.0,-6.0,-6.0,-6.0,-6.0,-6.0,-6.0,-6.0,-6.0,-6.0,-6.0,-6.0,-6.0,-6.0,-6.0,-6.0
-5.316237090557559,-5.396553193513099,-5.54720707552532,-5.273095391707685,-5.39508231957052,-5.473214193556609,-5.460081316110561,-5.286749241791133,-5.3204325554840235,-5.383770668826969,-5.330546715075846,-5.459833825715892,-5.370884937681242,-5.500376180229619,-5.485242503246848,-5.387976674086491,-5.3941058862647,-5.483042340892553,-5.389524943136721,-5.346857410315138,-5.301029995663981,-5.301029995663981,-5.301029995663981,-5.301029995663981,-5.301029995663981,-5.301029995663981,-5.301029995663981,-5.301029995663981,-5.301029995663981,-5.301029995663981,-5.301029995663981,-5.301029995663981,-5.301029995663981,-5.301029995663981,-5.301029995663981,-5.301029995663981,-5.301029995663981,-5.301029995663981,-5.301029995663981,-5.301029995663981
-5.435424816160058,-5.501753206198082,-5.653264834880609,-5.325788572666294,-5.4523690500473005,-5.586222517566157,-5.590988548963621,-5.35377058669349,-5.354030856491733,-5.447808352623041,-5.408121979417728,-5.582961168490094,-5.446674016925833,-5.568834761519326,-5.606250462531028,-5.440310678954536,-5.418778137561274,-5.562061244077989,-5.4968903422244155,-5.396751306256168,-5.958607314841775,-5.958607314841775,-5.958607314841775,-5.958607314841775,-5.958607314841775,-5.958607314841775,-5.958607314841775,-5.958607314841775,-5.958607314841775,-5.958607314841775,-5.958607314841775,-5.958607314841775,-5.958607314841775,-5.958607314841775,-5.958607314841775,-5.958607314841775,-5.958607314841775,-5.958607314841775,-5.958607314841775,-5.958607314841775
-5.579969979205037,-5.539265883079667,-5.709560120053428,-5.461153111323354,-5.54904260889832,-5.6367857117018945,-5.651393373821628,-5.5014755489158995,-5.436582713427097,-5.491167310264441,-5.471752917417669,-5.593793604907632,-5.508959034687142,-5.576687132921017,-5.612012170910646,-5.542326685001144,-5.491340053993501,-5.602485103996616,-5.60930916122646,-5.492900443116511,-6.0,-6.0,-6.0,-6.0,-6.0,-6.0,-6.0,-6.0,-6.0,-6.0,-6.0,-6.0,-6.0,-6.0,-6.0,-6.0,-6.0,-6.0,-6.0,-6.0
-5.159439245509663,-5.231647348666883,-5.37307887493885,-5.0992901395869294,-5.238303421586015,-5.295804012681358,-5.278862906270392,-5.153523595997012,-5.200317561654059,-5.179666666199511,-5.157565833039132,-5.292439374127632,-5.194379687490783,-5.348308325644665,-5.309224168761997,-5.130381678247859,-5.1995367008777755,-5.273016134407845,-5.142748585519639,-5.137269942013689,-5.886056647693163,-5.886056647693163,-5.886056647693163,-5.886056647693163,-5.886056647693163,-5.886056647693163,-5.886056647693163,-5.886056647693163,-5.886056647693163,-5.886056647693163,-5.886056647693163,-5.886056647693163,-5.886056647693163,-5.886056647693163,-5.886056647693163,-5.886056647693163,-5.886056647693163,-5.886056647693163,-5.886056647693163,-5.886056647693163
-5.875346015781002,-5.903820609699507,-5.929582833806754,-5.911271095519937,-5.960321439550763,-5.841468471231517,-5.934706630039508,-5.9092478288902734,-5.887104229405522,-5.909456619947964,-5.948744070239202,-5.901556069087271,-5.948258983579433,-5.930548095061329,-5.870677760837168,-5.888296610538944,-5.922409980975659,-5.87193965078377,-5.923787420921911,-5.884312302253457,-5.823908740944319,-5.823908740944319,-5.823908740944319,-5.823908740944319,-5.823908740944319,-5.823908740944319,-5.823908740944319,-5.823908740944319,-5.823908740944319,-5.823908740944319,-5.823908740944319,-5.823908740944319,-5.823908740944319,-5.823908740944319,-5.823908740944319,-5.823908740944319,-5.823908740944319,-5.823908740944319,-5.823908740944319,-5.823908740944319
-5.854392416683844,-5.837393307726088,-5.84717537491543,-5.866043037276311,-5.888924724395655,-5.805941380575893,-5.854560629335458,-5.848785893442171,-5.860176695934193,-5.898063810341189,-5.9111467682522685,-5.8563426419592375,-5.9156578100623545,-5.842479951185837,-5.80886047457063,-5.857496303216434,-5.870344000136716,-5.811161979788231,-5.8775195839485574,-5.850794790592496,-5.958607314841775,-5.958607314841775,-5.958607314841775,-5.958607314841775,-5.958607314841775,-5.958607314841775,-5.958607314841775,-5.958607314841775,-5.958607314841775,-5.958607314841775,-5.958607314841775,-5.958607314841775,-5.958607314841775,-5.958607314841775,-5.958607314841775,-5.958607314841775,-5.958607314841775,-5.958607314841775,-5.958607314841775,-5.958607314841775
-5.686392196772222,-5.737794852811515,-5.721448835399396,-5.6965513444394364,-5.765919542056221,-5.664673722807394,-5.646276053964309,-5.711598877787228,-5.741270484019714,-5.68472475055177,-5.721021931554384,-5.724252406192492,-5.671604294990553,-5.725069800340707,-5.66496682365959,-5.6170293229094135,-5.643853503836812,-5.68547563583242,-5.625498686169187,-5.676922073874505,-5.853871964321762,-5.853871964321762,-5.853871964321762,-5.853871964321762,-5.853871964321762,-5.853871964321762,-5.853871964321762,-5.853871964321762,-5.853871964321762,-5.853871964321762,-5.853871964321762,-5.853871964321762,-5.853871964321762,-5.853871964321762,-5.853871964321762,-5.853871964321762,-5.853871964321762,-5.853871964321762,-5.853871964321762,-5.853871964321762
-5.915635704663332,-5.943135881099267,-5.901627781547982,-5.933350506918606,-5.934076014200436,-5.853105677531354,-5.859682184123603,-5.918605094129552,-5.954570803761961,-5.8893644988333005,-5.922896650997168,-5.911479546145234,-5.891322036610237,-5.879612945034434,-5.8391920044494965,-5.846688852240658,-5.82819997191677,-5.856798372760187,-5.829339749649704,-5.889113328769687,-6.008773924307505,-6.008773924307505,-6.008773924307505,-6.008773924307505,-6.008773924307505,-6.008773924307505,-6.008773924307505,-6.008773924307505,-6.008773924307505,-6.008773924307505,-6.008773924307505,-6.008773924307505,-6.008773924307505,-6.008773924307505,-6.008773924307505,-6.008773924307505,-6.008773924307505,-6.008773924307505,-6.008773924307505,-6.008773924307505
-5.839705937864146,-5.8916087435962865,-5.942811680397753,-5.874664334184048,-5.922913099114544,-5.904010781552678,-5.926594122814913,-5.857577862669517,-5.902806396874856,-5.927295996601392,-5.97482989488799,-5.924233362975795,-5.972537740842841,-5.943646234450683,-5.928540696287463,-5.912019214998814,-5.917062028317215,-5.922626337195642,-6.000684138384823,-5.933980957555264,-5.920818753952375,-5.920818753952375,-5.920818753952375,-5.920818753952375,-5.920818753952375,-5.920818753952375,-5.920818753952375,-5.920818753952375,-5.920818753952375,-5.920818753952375,-5.920818753952375,-5.920818753952375,-5.920818753952375,-5.920818753952375,-5.920818753952375,-5.920818753952375,-5.920818753952375,-5.920818753952375,-5.920818753952375,-5.920818753952375
-5.998437191919624,-6.063647633383274,-5.996848749016838,-6.023101796648044,-6.001388218892377,-6.015830979069704,-5.993574470980327,-6.004569256821938,-6.0256834383390645,-6.001229632221651,-6.031098067909602,-6.004369966512002,-6.025294720837264,-5.967463623710094,-6.017429370616562,-5.997649731049077,-5.99711308013064,-6.0091141001174035,-6.002427472021198,-6.00534061379211,-5.853871964321762,-5.853871964321762,-5.853871964321762,-5.853871964321762,-5.853871964321762,-5.853871964321762,-5.853871964321762,-5.853871964321762,-5.853871964321762,-5.853871964321762,-5.853871964321762,-5.853871964321762,-5.853871964321762,-5.853871964321762,-5.853871964321762,-5.853871964321762,-5.853871964321762,-5.853871964321762,-5.853871964321762,-5.853871964321762
-5.677578112371902,-5.453795569057175,-5.353141012877104,-5.565727859375079,-5.456896990871084,-5.128933790930049,-5.3378141441508244,-5.643783617944291,-5.589595999307281,-5.534149133855941,-5.44032290118408,-5.308308024102864,-5.581812492055499,-5.497593101355781,-5.519015408549267,-5.5785964135547506,-5.549833447034361,-5.4583966226018585,-5.528947889318592,-5.589317129690577,-5.886056647693163,-5.886056647693163,-5.886056647693163,-5.886056647693163,-5.886056647693163,-5.886056647693163,-5.886056647693163,-5.886056647693163,-5.886056647693163,-5.886056647693163,-5.886056647693163,-5.886056647693163,-5.886056647693163,-5.886056647693163,-5.886056647693163,-5.886056647693163,-5.886056647693163,-5.886056647693163,-5.886056647693163,-5.886056647693163
-5.731521952500301,-5.72511360121781,-5.682154196884081,-5.749845028512796,-5.7178862363800915,-5.579563535118961,-5.703340100291461,-5.778081278408273,-5.727111599112098,-5.656673099891237,-5.615698432887255,-5.664806867476455,-5.760004220860113,-5.665046787019392,-5.63437012724874,-5.686104611842256,-5.674713132256997,-5.6222363662842145,-5.654015938355729,-5.6762825967260095,-4.657577319177793,-4.657577319177793,-4.657577319177793,-4.657577319177793,-4.657577319177793,-4.657577319177793,-4.657577319177793,-4.657577319177793,-4.657577319177793,-4.657577319177793,-4.657577319177793,-4.657577319177793,-4.657577319177793,-4.657577319177793,-4.657577319177793,-4.657577319177793,-4.657577319177793,-4.657577319177793,-4.657577319177793,-4.657577319177793
-5.393624739600051,-5.509694204567698,-5.441824055096383,-5.4626795292775014,-5.519195921797571,-5.1837958326905635,-5.409005369006659,-5.3963688231445195,-5.470020564875109,-5.466852335591086,-5.374777598949422,-5.491238518729198,-5.463064446706446,-5.431577956537431,-5.371008477848027,-5.4470594489528485,-5.373997260911658,-5.413197208624126,-5.332089429660941,-5.468191104590025,-5.346787486224656,-5.346787486224656,-5.346787486224656,-5.346787486224656,-5.346787486224656,-5.346787486224656,-5.346787486224656,-5.346787486224656,-5.346787486224656,-5.346787486224656,-5.346787486224656,-5.346787486224656,-5.346787486224656,-5.346787486224656,-5.346787486224656,-5.346787486224656,-5.346787486224656,-5.346787486224656,-5.346787486224656,-5.346787486224656
-5.5040261238514105,-5.6235421316732035,-5.590559983378469,-5.578463514667681,-5.6396821697928985,-5.272322770792059,-5.609658198431809,-5.534066126302969,-5.5871291275534825,-5.578875852316778,-5.517341553381419,-5.622733239217564,-5.704424081276589,-5.635583868811005,-5.544510805028042,-5.600312268450762,-5.560375544631135,-5.543109515114323,-5.585936053720726,-5.600704894687218,-4.7447274948966935,-4.7447274948966935,-4.7447274948966935,-4.7447274948966935,-4.7447274948966935,-4.7447274948966935,-4.7447274948966935,-4.7447274948966935,-4.7447274948966935,-4.7447274948966935,-4.7447274948966935,-4.7447274948966935,-4.7447274948966935,-4.7447274948966935,-4.7447274948966935,-4.7447274948966935,-4.7447274948966935,-4.7447274948966935,-4.7447274948966935,-4.7447274948966935
-5.885370763020624,-5.847841475419163,-5.7994173532467155,-5.85239027679341,-5.813019757946584,-5.498145979247351,-5.821283999027759,-5.901658577629699,-5.832023266655388,-5.821858782595538,-5.681013231528584,-5.77569245573865,-5.867076838431493,-5.818178743675228,-5.846032665670757,-5.843469544000873,-5.840076040370752,-5.822434340340604,-5.849523907005146,-5.827740975611409,-5.585026652029182,-5.585026652029182,-5.585026652029182,-5.585026652029182,-5.585026652029182,-5.585026652029182,-5.585026652029182,-5.585026652029182,-5.585026652029182,-5.585026652029182,-5.585026652029182,-5.585026652029182,-5.585026652029182,-5.585026652029182,-5.585026652029182,-5.585026652029182,-5.585026652029182,-5.585026652029182,-5.585026652029182,-5.585026652029182
-5.442514344828703,-5.551609653434168,-5.532377579983658,-5.512646227168182,-5.5930741285895635,-5.166974826879273,-5.541149079922132,-5.453874749226531,-5.5171562854697385,-5.543354003226272,-5.4493113719993564,-5.5690495233277595,-5.648546212913709,-5.584683995577712,-5.495280111326493,-5.561389709436393,-5.509343295628154,-5.503383415611133,-5.555907654608123,-5.565253696193551,-5.086186147616283,-5.086186147616283,-5.086186147616283,-5.086186147616283,-5.086186147616283,-5.086186147616283,-5.086186147616283,-5.086186147616283,-5.086186147616283,-5.086186147616283,-5.086186147616283,-5.086186147616283,-5.086186147616283,-5.086186147616283,-5.086186147616283,-5.086186147616283,-5.086186147616283,-5.086186147616283,-5.086186147616283,-5.086186147616283
-5.435239106288736,-5.559396289782487,-5.48052292031276,-5.50194000212003,-5.52162144474133,-5.1577005244243015,-5.472672854867429,-5.430948252902977,-5.533609463155341,-5.528033003789181,-5.4470898183813246,-5.555344303122434,-5.604286978389732,-5.536065026684318,-5.452159095048689,-5.5289147234677465,-5.430113377925065,-5.47550490292952,-5.445290089724254,-5.527328791061307,-5.031517051446065,-5.031517051446065,-5.031517051446065,-5.031517051446065,-5.031517051446065,-5.031517051446065,-5.031517051446065,-5.031517051446065,-5.031517051446065,-5.031517051446065,-5.031517051446065,-5.031517051446065,-5.031517051446065,-5.031517051446065,-5.031517051446065,-5.031517051446065,-5.031517051446065,-5.031517051446065,-5.031517051446065,-5.031517051446065
-5.25091120219759,-5.301779496247727,-4.740489682509094,-5.330553732848239,-4.812872299546987,-4.898367057660041,-4.9648832675921675,-5.2856965800794145,-5.320527629354431,-4.756142583307604,-4.690782300096864,-4.648595761369773,-4.876886216918833,-4.983082118538796,-4.997790476479449,-5.057341612368032,-5.015238997477731,-5.02006758750693,-5.085070908801874,-4.920657907173919,-5.657577319177793,-5.657577319177793,-5.657577319177793,-5.657577319177793,-5.657577319177793,-5.657577319177793,-5.657577319177793,-5.657577319177793,-5.657577319177793,-5.657577319177793,-5.657577319177793,-5.657577319177793,-5.657577319177793,-5.657577319177793,-5.657577319177793,-5.657577319177793,-5.657577319177793,-5.657577319177793,-5.657577319177793,-5.657577319177793
-4.9771426061696635,-4.848921781170721,-4.897573321423717,-4.815440822817112,-4.994154344362646,-4.879436538943398,-4.869866964178927,-4.895358410398397,-4.892842809054204,-4.8910435144675315,-4.907490530169504,-5.007704586177197,-5.046466670952755,-4.9028070931181595,-4.9093304982880115,-4.832319818544557,-4.861307969614591,-4.8540188425369655,-4.939190796570828,-4.9189388232964175,-5.102372908709558,-5.102372908709558,-5.102372908709558,-5.102372908709558,-5.102372908709558,-5.102372908709558,-5.102372908709558,-5.102372908709558,-5.102372908709558,-5.102372908709558,-5.102372908709558,-5.102372908709558,-5.102372908709558,-5.102372908709558,-5.102372908709558,-5.102372908709558,-5.102372908709558,-5.102372908709558,-5.102372908709558,-5.102372908709558
-4.4238239127688805,-4.331468998274976,-4.7586495895500835,-4.279011566804211,-4.62037566213212,-4.938183928741735,-4.734306347791964,-4.377823276721284,-4.2321374865077495,-4.67630651224843,-4.7598129794489346,-4.853992707532932,-4.692927458666537,-4.635191772943228,-4.82272984094179,-4.6965041800105665,-4.643564409076087,-4.659545804028569,-4.655615203925937,-4.760577016468666,-5.522878745280337,-5.522878745280337,-5.522878745280337,-5.522878745280337,-5.522878745280337,-5.522878745280337,-5.522878745280337,-5.522878745280337,-5.522878745280337,-5.522878745280337,-5.522878745280337,-5.522878745280337,-5.522878745280337,-5.522878745280337,-5.522878745280337,-5.522878745280337,-5.522878745280337,-5.522878745280337,-5.522878745280337,-5.522878745280337
-5.10713574535666,-5.1695763465232485,-4.628548631682833,-5.154262116631894,-4.812088818938463,-4.897810029039409,-4.8762924618067816,-5.134346517344362,-5.125974943090987,-4.716589580318903,-4.658864938763369,-4.599018661826841,-4.853301045039079,-4.864558011300344,-4.9552530647432755,-4.981492320751817,-4.937068812734967,-4.884003049082441,-4.999165364183143,-4.907102892762786,-5.173925197299174,-5.173925197299174,-5.173925197299174,-5.173925197299174,-5.173925197299174,-5.173925197299174,-5.173925197299174,-5.173925197299174,-5.173925197299174,-5.173925197299174,-5.173925197299174,-5.173925197299174,-5.173925197299174,-5.173925197299174,-5.173925197299174,-5.173925197299174,-5.173925197299174,-5.173925197299174,-5.173925197299174,-5.173925197299174
-5.114427196934124,-5.234105500375597,-4.672419625064964,-5.226186471603761,-4.806751094371862,-5.027860583675721,-4.891362481807736,-5.181117046016704,-5.239506626911784,-4.719211373704687,-4.6530384253431905,-4.671912023538651,-4.843833693688422,-4.945900562379987,-4.945621328575045,-5.051451495541579,-4.9821547433148305,-4.9193822570561565,-5.068828093019608,-4.9400360940850065,-5.585026652029182,-5.585026652029182,-5.585026652029182,-5.585026652029182,-5.585026652029182,-5.585026652029182,-5.585026652029182,-5.585026652029182,-5.585026652029182,-5.585026652029182,-5.585026652029182,-5.585026652029182,-5.585026652029182,-5.585026652029182,-5.585026652029182,-5.585026652029182,-5.585026652029182,-5.585026652029182,-5.585026652029182,-5.585026652029182
-5.158677485642663,-5.266654156628632,-4.70847303154028,-5.263613558422324,-4.792454459552381,-5.019591535972376,-4.8972953070278376,-5.219723200231386,-5.263780146102571,-4.72917472542452,-4.656476734874763,-4.6827284261289925,-4.845968609261119,-4.9488348309609735,-4.997742992428774,-5.059001204633153,-4.988717976310853,-4.934310268289003,-5.078611396884041,-4.9523716573483405,-5.568636235841013,-5.568636235841013,-5.568636235841013,-5.568636235841013,-5.568636235841013,-5.568636235841013,-5.568636235841013,-5.568636235841013,-5.568636235841013,-5.568636235841013,-5.568636235841013,-5.568636235841013,-5.568636235841013,-5.568636235841013,-5.568636235841013,-5.568636235841013,-5.568636235841013,-5.568636235841013,-5.568636235841013,-5.568636235841013
-4.808976287736601,-4.6206024570880855,-4.88670836354965,-4.628953183117944,-5.006961972859042,-4.891521549940924,-4.897592847486751,-4.705468353575699,-4.619212959757046,-4.834031413491135,-4.865655255263643,-5.010371296573776,-4.97101506419723,-4.890223242664918,-4.879857241347847,-4.794010648147183,-4.822442086956614,-4.851736521976277,-4.869868424044934,-4.875643748514704,-4.161150909262744,-4.161150909262744,-4.161150909262744,-4.161150909262744,-4.161150909262744,-4.161150909262744,-4.161150909262744,-4.161150909262744,-4.161150909262744,-4.161150909262744,-4.161150909262744,-4.161150909262744,-4.161150909262744,-4.161150909262744,-4.161150909262744,-4.161150909262744,-4.161150909262744,-4.161150909262744,-4.161150909262744,-4.161150909262744
-4.682439567428736,-4.675049844411013,-4.928981557416903,-4.5890869050832555,-4.826833358920326,-4.939533478514889,-4.958669701580991,-4.638831879030769,-4.567729619834043,-4.824152938682945,-4.860135141027073,-4.918282175739656,-4.83744609442719,-4.923564766880026,-4.833497040778788,-4.863810232985913,-4.887817529563074,-4.9425773233869315,-4.896134460994901,-4.875049007667188,-5.0,-5.0,-5.0,-5.0,-5.0,-5.0,-5.0,-5.0,-5.0,-5.0,-5.0,-5.0,-5.0,-5.0,-5.0,-5.0,-5.0,-5.0,-5.0,-5.0
-4.804140366162235,-4.781588250613764,-4.765652630922444,-4.697042504594381,-4.917085334794556,-4.717040737486927,-4.997219945852502,-4.736503285621131,-4.6718097721252665,-4.792244545082087,-4.791369225403269,-4.797330751748779,-4.910504954629568,-4.934643112865258,-4.744927072992495,-4.893262065493274,-4.927443416980109,-4.9506851779900085,-4.93010707273194,-4.859340948374457,-4.920818753952375,-4.920818753952375,-4.920818753952375,-4.920818753952375,-4.920818753952375,-4.920818753952375,-4.920818753952375,-4.920818753952375,-4.920818753952375,-4.920818753952375,-4.920818753952375,-4.920818753952375,-4.920818753952375,-4.920818753952375,-4.920818753952375,-4.920818753952375,-4.920818753952375,-4.920818753952375,-4.920818753952375,-4.920818753952375
-4.5435169888278715,-4.422611293871612,-4.799599290738761,-4.388839149958043,-4.823173282960946,-4.894039915966754,-4.775410383290587,-4.4677186165182805,-4.402043797025076,-4.739158408622201,-4.790358310812591,-4.9262321271769345,-4.807327124108924,-4.714084830274149,-4.859572205592001,-4.744672097137885,-4.709147818936725,-4.6969695550670325,-4.758434824333566,-4.831709279110999,-4.958607314841775,-4.958607314841775,-4.958607314841775,-4.958607314841775,-4.958607314841775,-4.958607314841775,-4.958607314841775,-4.958607314841775,-4.958607314841775,-4.958607314841775,-4.958607314841775,-4.958607314841775,-4.958607314841775,-4.958607314841775,-4.958607314841775,-4.958607314841775,-4.958607314841775,-4.958607314841775,-4.958607314841775,-4.958607314841775
-5.152237631186308,-5.254597160668923,-4.801896069291015,-5.240815348551653,-4.939362920370333,-4.978740760255276,-4.9544925077088235,-5.194186269933382,-5.27461699616451,-4.800551017315678,-4.760030271566571,-4.7264140379943305,-4.88763926180697,-5.025828572568316,-4.927605328436711,-5.051318530217514,-5.03133723754059,-5.012988016719081,-5.097802297276566,-4.943686219528448,-5.698970004336019,-5.698970004336019,-5.698970004336019,-5.698970004336019,-5.698970004336019,-5.698970004336019,-5.698970004336019,-5.698970004336019,-5.698970004336019,-5.698970004336019,-5.698970004336019,-5.698970004336019,-5.698970004336019,-5.698970004336019,-5.698970004336019,-5.698970004336019,-5.698970004336019,-5.698970004336019,-5.698970004336019,-5.698970004336019
-5.20750828861245,-5.275723265770707,-4.737977102594056,-5.29152173227952,-4.809933536484109,-4.9263442914051785,-4.943942314451568,-5.247396966893489,-5.28578861097466,-4.747627449873711,-4.6859202837716,-4.6597171935998505,-4.861847911743865,-4.970524604603639,-4.99101990640751,-5.049014914224752,-5.00436118273323,-4.994809952974502,-5.075469500456829,-4.923153337077851,-5.698970004336019,-5.698970004336019,-5.698970004336019,-5.698970004336019,-5.698970004336019,-5.698970004336019,-5.698970004336019,-5.698970004336019,-5.698970004336019,-5.698970004336019,-5.698970004336019,-5.698970004336019,-5.698970004336019,-5.698970004336019,-5.698970004336019,-5.698970004336019,-5.698970004336019,-5.698970004336019,-5.698970004336019,-5.698970004336019
-4.8358773408268165,-4.789500176780709,-4.832948215053742,-4.7392453222433515,-4.864878661183322,-4.777916802950932,-5.022768191667881,-4.784486746024704,-4.705460804597635,-4.79960351377645,-4.799808414426738,-4.8431370263841345,-4.892968191490735,-4.9621423714367205,-4.7846114942141815,-4.902266572465648,-4.918768262511685,-4.996008627268793,-4.936594548654417,-4.854079917895075,-4.7447274948966935,-4.7447274948966935,-4.7447274948966935,-4.7447274948966935,-4.7447274948966935,-4.7447274948966935,-4.7447274948966935,-4.7447274948966935,-4.7447274948966935,-4.7447274948966935,-4.7447274948966935,-4.7447274948966935,-4.7447274948966935,-4.7447274948966935,-4.7447274948966935,-4.7447274948966935,-4.7447274948966935,-4.7447274948966935,-4.7447274948966935,-4.7447274948966935
-4.985620449054097,-5.066965522547266,-4.698300076023378,-4.992604862666278,-4.9810621720288415,-4.818523672376171,-4.934335943259062,-4.970701806186861,-5.0019251999944805,-4.752673005701694,-4.702428479069277,-4.66072787980241,-4.866738262861226,-4.9150758543365844,-4.855700023259983,-4.978375088790178,-4.970308302704451,-4.92072275711386,-5.010078661683564,-4.920255861026995,-4.337242168318426,-4.337242168318426,-4.337242168318426,-4.337242168318426,-4.337242168318426,-4.337242168318426,-4.337242168318426,-4.337242168318426,-4.337242168318426,-4.337242168318426,-4.337242168318426,-4.337242168318426,-4.337242168318426,-4.337242168318426,-4.337242168318426,-4.337242168318426,-4.337242168318426,-4.337242168318426,-4.337242168318426,-4.337242168318426
-5.2739168626043895,-5.336086138328841,-4.7523793286544045,-5.348462881000293,-4.924629390621156,-4.905291981601356,-4.960387410459385,-5.302834047310571,-5.335651922117653,-4.777012928769872,-4.69469118186129,-4.63693635697748,-4.884085398309576,-4.973537324322145,-5.011914580012523,-5.067007026525836,-5.0178415874449005,-5.008994973841845,-5.096282307909791,-4.953893267586603,-5.309803919971486,-5.309803919971486,-5.309803919971486,-5.309803919971486,-5.309803919971486,-5.309803919971486,-5.309803919971486,-5.309803919971486,-5.309803919971486,-5.309803919971486,-5.309803919971486,-5.309803919971486,-5.309803919971486,-5.309803919971486,-5.309803919971486,-5.309803919971486,-5.309803919971486,-5.309803919971486,-5.309803919971486,-5.309803919971486
-4.513498980936089,-4.3833973916663656,-4.801399872191035,-4.374196087901145,-4.685268195869501,-4.96721912661395,-4.766854673279962,-4.4625430695551405,-4.368509575843266,-4.710271916344842,-4.770422210606531,-4.936214458376676,-4.767079162004676,-4.699510895562058,-4.878590133597825,-4.731632441215962,-4.67834154489974,-4.696191509989934,-4.730555187439299,-4.805314504434022,-4.886056647693163,-4.886056647693163,-4.886056647693163,-4.886056647693163,-4.886056647693163,-4.886056647693163,-4.886056647693163,-4.886056647693163,-4.886056647693163,-4.886056647693163,-4.886056647693163,-4.886056647693163,-4.886056647693163,-4.886056647693163,-4.886056647693163,-4.886056647693163,-4.886056647693163,-4.886056647693163,-4.886056647693163,-4.886056647693163
-4.556212461657572,-4.463342914213523,-4.854589081535168,-4.435977670721558,-4.7849156221129885,-4.980344923642091,-4.806561975661906,-4.504317217153069,-4.439624047452706,-4.725500799287045,-4.796351852671557,-4.929654827227498,-4.7648312027376765,-4.7780403629033135,-4.838693458986102,-4.747054235456072,-4.719640650628922,-4.756989735239209,-4.763610210250702,-4.8084733043157915,-5.443697499232713,-5.443697499232713,-5.443697499232713,-5.443697499232713,-5.443697499232713,-5.443697499232713,-5.443697499232713,-5.443697499232713,-5.443697499232713,-5.443697499232713,-5.443697499232713,-5.443697499232713,-5.443697499232713,-5.443697499232713,-5.443697499232713,-5.443697499232713,-5.443697499232713,-5.443697499232713,-5.443697499232713,-5.443697499232713
-4.974423448392588,-5.04331833161077,-4.7037296382798,-4.987977970408609,-4.818513046010267,-4.902211345931299,-4.912410192288345,-4.971931898355536,-4.9658599935709935,-4.700618437163111,-4.658190872992403,-4.684183523743969,-4.82389535496319,-4.909618728922586,-4.905175614064622,-4.954192736681143,-4.931045459889332,-4.901208757167145,-4.98412864971727,-4.901404487504647,-4.920818753952375,-4.920818753952375,-4.920818753952375,-4.920818753952375,-4.920818753952375,-4.920818753952375,-4.920818753952375,-4.920818753952375,-4.920818753952375,-4.920818753952375,-4.920818753952375,-4.920818753952375,-4.920818753952375,-4.920818753952375,-4.920818753952375,-4.920818753952375,-4.920818753952375,-4.920818753952375,-4.920818753952375,-4.920818753952375
-5.007920427280558,-5.061066554859194,-4.665705653727612,-5.010835178531933,-4.98892449634171,-4.816285750995781,-4.935015703288558,-5.005632368849831,-5.011051808453065,-4.79440831499185,-4.7296499563012855,-4.660219127710027,-4.902287012918626,-4.881626552903102,-4.856899098581981,-5.010435952407485,-4.975023701911509,-4.918099335820802,-5.011321330313609,-4.933445886202352,-5.537602002101044,-5.537602002101044,-5.537602002101044,-5.537602002101044,-5.537602002101044,-5.537602002101044,-5.537602002101044,-5.537602002101044,-5.537602002101044,-5.537602002101044,-5.537602002101044,-5.537602002101044,-5.537602002101044,-5.537602002101044,-5.537602002101044,-5.537602002101044,-5.537602002101044,-5.537602002101044,-5.537602002101044,-5.537602002101044
-5.035274336507891,-5.108177546860367,-4.680476860843884,-5.057273628316507,-4.919471960135698,-4.802461987113943,-4.928407203946122,-5.029402516251772,-5.053012140652232,-4.745954810218464,-4.684786225276235,-4.6305357993931615,-4.8588913777407114,-4.894976179678155,-4.903522060205298,-5.003793968606847,-4.978397750508953,-4.9247385946452065,-5.017873243123097,-4.920983263315491,-5.251811972993799,-5.251811972993799,-5.251811972993799,-5.251811972993799,-5.251811972993799,-5.251811972993799,-5.251811972993799,-5.251811972993799,-5.251811972993799,-5.251811972993799,-5.251811972993799,-5.251811972993799,-5.251811972993799,-5.251811972993799,-5.251811972993799,-5.251811972993799,-5.251811972993799,-5.251811972993799,-5.251811972993799,-5.251811972993799
-5.507218774750587,-5.452967315397457,-5.386647890016395,-5.483641995529347,-5.191945910442738,-5.188727919330619,-5.210916539026495,-5.4895441238973,-5.537817514719367,-5.176700988850278,-5.145883553241588,-5.146296900644625,-5.145838144476369,-5.376802152304501,-5.1859154035272255,-5.16696355164887,-5.2118299798924745,-5.363969018913783,-5.305217722221725,-5.1572699570194045,-5.537602002101044,-5.537602002101044,-5.537602002101044,-5.537602002101044,-5.537602002101044,-5.537602002101044,-5.537602002101044,-5.537602002101044,-5.537602002101044,-5.537602002101044,-5.537602002101044,-5.537602002101044,-5.537602002101044,-5.537602002101044,-5.537602002101044,-5.537602002101044,-5.537602002101044,-5.537602002101044,-5.537602002101044,-5.537602002101044
-5.98153387199679,-6.011036157582158,-5.989218977550683,-5.97275662036266,-5.948646304465839,-5.982908410535997,-5.965273906301794,-5.949337044083714,-6.004081375287745,-6.005314133565648,-6.011848992814649,-6.019346926219601,-5.994184133219975,-5.959516417835457,-5.995785254263948,-5.96247938669083,-5.938012508238658,-5.97847394827828,-5.950310390179062,-5.98313829505611,-5.619788758288394,-5.619788758288394,-5.619788758288394,-5.619788758288394,-5.619788758288394,-5.619788758288394,-5.619788758288394,-5.619788758288394,-5.619788758288394,-5.619788758288394,-5.619788758288394,-5.619788758288394,-5.619788758288394,-5.619788758288394,-5.619788758288394,-5.619788758288394,-5.619788758288394,-5.619788758288394,-5.619788758288394,-5.619788758288394
-6.100299650401582,-6.117817554502481,-6.077239436702987,-6.14459612247118,-6.046978936460251,-6.011528341083175,-6.064306998586061,-6.081509006478588,-6.106132456067704,-6.1119981303778825,-6.107809457505908,-6.0892898066274945,-6.0949801496266875,-6.0727640810418455,-6.035755291421766,-6.107961827301643,-6.046913638909359,-6.052102257311813,-6.007196817857301,-6.078841101934691,-5.853871964321762,-5.853871964321762,-5.853871964321762,-5.853871964321762,-5.853871964321762,-5.853871964321762,-5.853871964321762,-5.853871964321762,-5.853871964321762,-5.853871964321762,-5.853871964321762,-5.853871964321762,-5.853871964321762,-5.853871964321762,-5.853871964321762,-5.853871964321762,-5.853871964321762,-5.853871964321762,-5.853871964321762,-5.853871964321762
-5.3511271044602715,-5.377102537258071,-5.544002228041754,-5.315133784759856,-5.537384199651821,-5.425333253816658,-5.270821728307735,-5.4252149529311255,-5.480470613167027,-5.480130511072179,-5.495579308205399,-5.517604735035797,-5.232963624991447,-5.5017790608369745,-5.286154271950394,-5.416600236279197,-5.3600546292704925,-5.30506382377388,-5.402592764547705,-5.42534391640609,-5.7447274948966935,-5.7447274948966935,-5.7447274948966935,-5.7447274948966935,-5.7447274948966935,-5.7447274948966935,-5.7447274948966935,-5.7447274948966935,-5.7447274948966935,-5.7447274948966935,-5.7447274948966935,-5.7447274948966935,-5.7447274948966935,-5.7447274948966935,-5.7447274948966935,-5.7447274948966935,-5.7447274948966935,-5.7447274948966935,-5.7447274948966935,-5.7447274948966935
-5.319726982856253,-5.249629241101749,-5.69411776180641,-5.419193542047946,-5.703821831602962,-5.538025176801853,-5.269425460955766,-5.429978752890218,-5.531445083755034,-5.668329939938534,-5.677942022300328,-5.604534493989157,-5.163756429394212,-5.691396530890134,-5.224030139751603,-5.5766165924944024,-5.6111621414994195,-5.125112873805747,-5.603971784637205,-5.609024611654393,-5.886056647693163,-5.886056647693163,-5.886056647693163,-5.886056647693163,-5.886056647693163,-5.886056647693163,-5.886056647693163,-5.886056647693163,-5.886056647693163,-5.886056647693163,-5.886056647693163,-5.886056647693163,-5.886056647693163,-5.886056647693163,-5.886056647693163,-5.886056647693163,-5.886056647693163,-5.886056647693163,-5.886056647693163,-5.886056647693163
-5.1186866378276985,-4.952109348040054,-4.9611271037570335,-5.026548389727122,-5.104247146012408,-4.895082721098495,-5.04302102015785,-4.824435191955942,-4.992670410768471,-5.043648430445065,-5.055252517468316,-5.064568495144237,-5.053155486300676,-4.941336650007747,-5.136342775447806,-4.899357759779312,-4.915857646643539,-5.14448453507597,-5.040582031679718,-4.901811907248733,-5.7447274948966935,-5.7447274948966935,-5.7447274948966935,-5.7447274948966935,-5.7447274948966935,-5.7447274948966935,-5.7447274948966935,-5.7447274948966935,-5.7447274948966935,-5.7447274948966935,-5.7447274948966935,-5.7447274948966935,-5.7447274948966935,-5.7447274948966935,-5.7447274948966935,-5.7447274948966935,-5.7447274948966935,-5.7447274948966935,-5.7447274948966935,-5.7447274948966935
-5.274511202790255,-4.9928032559838424,-4.99154355288558,-5.039671938566623,-5.106938509501511,-4.886655731202057,-4.981534186450845,-4.89088638412438,-5.013047630582788,-4.986640402187038,-4.998005456463354,-5.050831120663373,-5.083243724217141,-4.948355274143362,-5.159634904613018,-4.880212933082427,-4.855134571141885,-5.066200829020999,-4.965902234717518,-4.876112157784663,-5.7447274948966935,-5.7447274948966935,-5.7447274948966935,-5.7447274948966935,-5.7447274948966935,-5.7447274948966935,-5.7447274948966935,-5.7447274948966935,-5.7447274948966935,-5.7447274948966935,-5.7447274948966935,-5.7447274948966935,-5.7447274948966935,-5.7447274948966935,-5.7447274948966935,-5.7447274948966935,-5.7447274948966935,-5.7447274948966935,-5.7447274948966935,-5.7447274948966935
-5.685826948717965,-5.6040522476152015,-5.659520940982457,-5.676506177217217,-5.693685458530655,-5.636815503749051,-5.735715056320203,-5.652454698137099,-5.622380362811909,-5.740114232014102,-5.7437186575374835,-5.619689100115573,-5.799703306959196,-5.705078714252239,-5.707397155699106,-5.792630452405876,-5.791324191204973,-5.684620720594603,-5.609421153133947,-5.74425560226612,-5.886056647693163,-5.886056647693163,-5.886056647693163,-5.886056647693163,-5.886056647693163,-5.886056647693163,-5.886056647693163,-5.886056647693163,-5.886056647693163,-5.886056647693163,-5.886056647693163,-5.886056647693163,-5.886056647693163,-5.886056647693163,-5.886056647693163,-5.886056647693163,-5.886056647693163,-5.886056647693163,-5.886056647693163,-5.886056647693163
-5.869522810101245,-5.971555604128306,-6.061926145709676,-5.931707506295257,-6.040705737663809,-5.965694399152148,-6.067116505524412,-5.959627749387873,-5.952377939830103,-5.956578914784089,-5.97151308704229,-5.963212970441082,-6.0322281964709425,-6.130779592844032,-6.067527160494765,-6.003447762697718,-6.09393928534464,-6.0724321065023235,-5.899609304996828,-5.997519035369718,-5.886056647693163,-5.886056647693163,-5.886056647693163,-5.886056647693163,-5.886056647693163,-5.886056647693163,-5.886056647693163,-5.886056647693163,-5.886056647693163,-5.886056647693163,-5.886056647693163,-5.886056647693163,-5.886056647693163,-5.886056647693163,-5.886056647693163,-5.886056647693163,-5.886056647693163,-5.886056647693163,-5.886056647693163,-5.886056647693163
-5.665347876307715,-5.577682108703697,-5.64933767776273,-5.6281674402134705,-5.676061014558824,-5.610617377321192,-5.690561747991889,-5.620490304309769,-5.592647252403536,-5.701632005183052,-5.680483801799272,-5.5862514440271145,-5.718309218418812,-5.696326709665744,-5.693965167245807,-5.738653680369027,-5.760165571848403,-5.697518195480121,-5.591339485672633,-5.691148102769218,-5.619788758288394,-5.619788758288394,-5.619788758288394,-5.619788758288394,-5.619788758288394,-5.619788758288394,-5.619788758288394,-5.619788758288394,-5.619788758288394,-5.619788758288394,-5.619788758288394,-5.619788758288394,-5.619788758288394,-5.619788758288394,-5.619788758288394,-5.619788758288394,-5.619788758288394,-5.619788758288394,-5.619788758288394,-5.619788758288394
-5.2981339363423094,-5.270201906039431,-5.12157945256928,-5.190819010175198,-5.320404928601384,-5.060168158102402,-4.983257536868668,-5.101891457573253,-5.115840780015634,-5.079611973330145,-5.224563445613638,-5.187680756494718,-4.918453198930905,-5.001108487522821,-4.961624166250258,-4.958072894532503,-4.805404726668414,-5.04774379587444,-4.851141253477415,-5.0734896259873885,-5.958607314841775,-5.958607314841775,-5.958607314841775,-5.958607314841775,-5.958607314841775,-5.958607314841775,-5.958607314841775,-5.958607314841775,-5.958607314841775,-5.958607314841775,-5.958607314841775,-5.958607314841775,-5.958607314841775,-5.958607314841775,-5.958607314841775,-5.958607314841775,-5.958607314841775,-5.958607314841775,-5.958607314841775,-5.958607314841775
-4.866946981658429,-4.947242044278909,-4.662890321535426,-4.832145979539658,-4.854867033305334,-5.092745375038341,-4.801659446608183,-4.7634084414204265,-5.006056917246783,-5.114680513090218,-5.191201840490532,-4.984747679762338,-5.227755104580184,-4.593326732239575,-5.041935434010166,-4.934521544328184,-5.000976011981763,-4.734346751701895,-5.032787391349481,-5.003790424797142,-5.886056647693163,-5.886056647693163,-5.886056647693163,-5.886056647693163,-5.886056647693163,-5.886056647693163,-5.886056647693163,-5.886056647693163,-5.886056647693163,-5.886056647693163,-5.886056647693163,-5.886056647693163,-5.886056647693163,-5.886056647693163,-5.886056647693163,-5.886056647693163,-5.886056647693163,-5.886056647693163,-5.886056647693163,-5.886056647693163
-5.209382287435047,-5.267506323723143,-5.295522983642271,-5.142251998034079,-5.30957874623263,-5.271480699398551,-5.274071522575018,-5.249332292636536,-5.223403563765959,-5.271555513418467,-5.310011369974233,-5.227471076802001,-5.28630349617747,-5.3571303930162415,-5.4814750814052955,-5.1737115960069255,-5.379293227609498,-5.3413608103579095,-5.42023692930323,-5.198514746256394,-5.886056647693163,-5.886056647693163,-5.886056647693163,-5.886056647693163,-5.886056647693163,-5.886056647693163,-5.886056647693163,-5.886056647693163,-5.886056647693163,-5.886056647693163,-5.886056647693163,-5.886056647693163,-5.886056647693163,-5.886056647693163,-5.886056647693163,-5.886056647693163,-5.886056647693163,-5.886056647693163,-5.886056647693163,-5.886056647693163
-6.0454904824348015,-5.961933185132092,-6.039976540220947,-6.130180755912055,-6.024383250715586,-5.757345095789134,-6.041689151474044,-6.123504927250828,-5.956738989709413,-6.170070030271473,-6.217830354083952,-5.944847021246394,-6.056918309827307,-6.008635702922977,-5.915844569725103,-6.159674161639658,-6.056730477025185,-5.977216070958439,-5.962311992696129,-6.0904978010877535,-5.958607314841775,-5.958607314841775,-5.958607314841775,-5.958607314841775,-5.958607314841775,-5.958607314841775,-5.958607314841775,-5.958607314841775,-5.958607314841775,-5.958607314841775,-5.958607314841775,-5.958607314841775,-5.958607314841775,-5.958607314841775,-5.958607314841775,-5.958607314841775,-5.958607314841775,-5.958607314841775,-5.958607314841775,-5.958607314841775
-5.385368222078765,-5.276829161778772,-5.325597296700925,-5.238697979129675,-5.262297422838462,-5.3108497044525835,-5.284164031069795,-5.308677460929374,-5.311240162732013,-5.289170566850358,-5.268343934273789,-5.320559592622273,-5.319524748625638,-5.317207266592209,-5.316959593056331,-5.235167921508056,-5.226327702466846,-5.280897123223381,-5.224995227248336,-5.239733629876993,-5.823908740944319,-5.823908740944319,-5.823908740944319,-5.823908740944319,-5.823908740944319,-5.823908740944319,-5.823908740944319,-5.823908740944319,-5.823908740944319,-5.823908740944319,-5.823908740944319,-5.823908740944319,-5.823908740944319,-5.823908740944319,-5.823908740944319,-5.823908740944319,-5.823908740944319,-5.823908740944319,-5.823908740944319,-5.823908740944319
-5.607334854394134,-5.451033110756892,-5.523711447539989,-5.508656072557165,-5.569593315415119,-5.536511798037018,-5.5736454350881095,-5.555867892391413,-5.503552831049492,-5.624662586546764,-5.612088921465926,-5.516910127412116,-5.703092514018556,-5.558471858737698,-5.594495011692209,-5.6265926986876735,-5.646570510605661,-5.5300713681256655,-5.738503482664399,-5.609527478854029,-5.3872161432802645,-5.3872161432802645,-5.3872161432802645,-5.3872161432802645,-5.3872161432802645,-5.3872161432802645,-5.3872161432802645,-5.3872161432802645,-5.3872161432802645,-5.3872161432802645,-5.3872161432802645,-5.3872161432802645,-5.3872161432802645,-5.3872161432802645,-5.3872161432802645,-5.3872161432802645,-5.3872161432802645,-5.3872161432802645,-5.3872161432802645,-5.3872161432802645
-5.380442599876509,-5.28348352556599,-5.345224070834316,-5.231349152595611,-5.258202223444616,-5.304591024942836,-5.287995459707441,-5.305413563460225,-5.3092804379654766,-5.290305820299954,-5.2551720175049885,-5.32330102478497,-5.292651788737288,-5.3467128511018895,-5.327676594173595,-5.234491074872001,-5.221421035157435,-5.3174475911790555,-5.208903267684829,-5.232224333721705,-5.309803919971486,-5.309803919971486,-5.309803919971486,-5.309803919971486,-5.309803919971486,-5.309803919971486,-5.309803919971486,-5.309803919971486,-5.309803919971486,-5.309803919971486,-5.309803919971486,-5.309803919971486,-5.309803919971486,-5.309803919971486,-5.309803919971486,-5.309803919971486,-5.309803919971486,-5.309803919971486,-5.309803919971486,-5.309803919971486
-6.334495419449313,-6.308502318933585,-6.187976717867781,-6.332961576473573,-6.23012277592558,-6.181016142070711,-6.198415180069889,-6.330796411657899,-6.278105622867309,-6.224644524628623,-6.257199658592301,-6.2266571512213265,-6.259140618829307,-6.1399920350326305,-6.146831745740576,-6.231455404030217,-6.166669540419905,-6.141159393456867,-6.152477878645864,-6.2467450468639205,-6.221848749616356,-6.221848749616356,-6.221848749616356,-6.221848749616356,-6.221848749616356,-6.221848749616356,-6.221848749616356,-6.221848749616356,-6.221848749616356,-6.221848749616356,-6.221848749616356,-6.221848749616356,-6.221848749616356,-6.221848749616356,-6.221848749616356,-6.221848749616356,-6.221848749616356,-6.221848749616356,-6.221848749616356,-6.221848749616356
-5.5233936820924034,-5.442026726172817,-5.4829893331597,-5.42418444710015,-5.429053640396293,-5.457558799713719,-5.442052223482198,-5.469632439101763,-5.490625274873704,-5.470227847763493,-5.448176727145318,-5.479656441470353,-5.488685998683731,-5.479582937219731,-5.458392243436083,-5.428213560234253,-5.400075579967987,-5.444864959619993,-5.392548019690256,-5.437480830660554,-5.721246399047171,-5.721246399047171,-5.721246399047171,-5.721246399047171,-5.721246399047171,-5.721246399047171,-5.721246399047171,-5.721246399047171,-5.721246399047171,-5.721246399047171,-5.721246399047171,-5.721246399047171,-5.721246399047171,-5.721246399047171,-5.721246399047171,-5.721246399047171,-5.721246399047171,-5.721246399047171,-5.721246399047171,-5.721246399047171
-5.805736296762872,-5.775888734420674,-5.746585189433983,-5.718059661694467,-5.680252791413067,-5.781524776245428,-5.7081214809713705,-5.733142476092885,-5.844366419057734,-5.719224435078266,-5.724180996694334,-5.809268466212915,-5.842140992690958,-5.7582560367291356,-5.753520280404025,-5.682256690264178,-5.63794966193814,-5.666586344881284,-5.670664593773328,-5.762300835258057,-6.142667503568732,-6.142667503568732,-6.142667503568732,-6.142667503568732,-6.142667503568732,-6.142667503568732,-6.142667503568732,-6.142667503568732,-6.142667503568732,-6.142667503568732,-6.142667503568732,-6.142667503568732,-6.142667503568732,-6.142667503568732,-6.142667503568732,-6.142667503568732,-6.142667503568732,-6.142667503568732,-6.142667503568732,-6.142667503568732
-6.0082313786870305,-5.884853883094311,-5.990743223975652,-5.942326957893678,-6.010661805201662,-5.937305812781015,-6.041648769110931,-6.01315924053437,-5.876128457193023,-6.022027173792195,-5.974961791797952,-5.904371236916316,-6.043627598975432,-6.060114038640961,-6.034234033323922,-6.094475425052303,-6.075808315412563,-6.044352472538339,-6.215109898488261,-6.057215614196147,-6.055517327849832,-6.055517327849832,-6.055517327849832,-6.055517327849832,-6.055517327849832,-6.055517327849832,-6.055517327849832,-6.055517327849832,-6.055517327849832,-6.055517327849832,-6.055517327849832,-6.055517327849832,-6.055517327849832,-6.055517327849832,-6.055517327849832,-6.055517327849832,-6.055517327849832,-6.055517327849832,-6.055517327849832,-6.055517327849832
-5.763289898460285,-5.799602729933802,-5.934309612137835,-5.775265888539096,-5.936417897743486,-5.899608052403262,-5.97539156728204,-5.780887865214517,-5.823025716172561,-5.904856092786109,-5.929800094151846,-5.907183605017587,-6.055449836520116,-6.00535787284833,-5.959852631796708,-5.911407949979251,-5.9773870072430935,-5.875511400318807,-6.1480577289528915,-5.944851412224781,-6.0,-6.0,-6.0,-6.0,-6.0,-6.0,-6.0,-6.0,-6.0,-6.0,-6.0,-6.0,-6.0,-6.0,-6.0,-6.0,-6.0,-6.0,-6.0,-6.0
-5.0869006530671,-5.035802404060155,-4.931036649067447,-4.969801294103143,-5.0301519635276675,-5.0723566893916585,-4.954538150994153,-4.99427976925878,-5.057769890029343,-5.1133238729123915,-5.173307244957714,-5.009302518260968,-5.129525532973053,-4.913612630258346,-5.149292589382666,-5.000661046330017,-5.097118838409596,-5.098748666292732,-5.0909073240373015,-5.022502130097985,-5.958607314841775,-5.958607314841775,-5.958607314841775,-5.958607314841775,-5.958607314841775,-5.958607314841775,-5.958607314841775,-5.958607314841775,-5.958607314841775,-5.958607314841775,-5.958607314841775,-5.958607314841775,-5.958607314841775,-5.958607314841775,-5.958607314841775,-5.958607314841775,-5.958607314841775,-5.958607314841775,-5.958607314841775,-5.958607314841775
-5.487185534526337,-5.352850355163786,-5.26441415663206,-5.329173232423447,-5.335041973238426,-5.365634057231857,-5.264468484578258,-5.382904949831916,-5.344887652031436,-5.389507668163644,-5.393490253003965,-5.313141737998089,-5.387137423843805,-5.251332289301497,-5.415122393188486,-5.33161117836885,-5.356598161858818,-5.325191514995925,-5.358989934115137,-5.339937682591735,-6.107905397309519,-6.107905397309519,-6.107905397309519,-6.107905397309519,-6.107905397309519,-6.107905397309519,-6.107905397309519,-6.107905397309519,-6.107905397309519,-6.107905397309519,-6.107905397309519,-6.107905397309519,-6.107905397309519,-6.107905397309519,-6.107905397309519,-6.107905397309519,-6.107905397309519,-6.107905397309519,-6.107905397309519,-6.107905397309519
-4.6780256546545145,-4.691034030477134,-4.539817325227113,-4.562420091986279,-4.688957062061359,-4.753937532104177,-4.59862164113041,-4.598304295557288,-4.776357192322281,-4.7523104288598725,-4.881278955708121,-4.657211453601577,-4.837576405991076,-4.53711476285591,-4.860945532239612,-4.575233010257929,-4.778454356987392,-4.787604043375895,-4.76773640857355,-4.665028761822746,-6.1938200260161125,-6.1938200260161125,-6.1938200260161125,-6.1938200260161125,-6.1938200260161125,-6.1938200260161125,-6.1938200260161125,-6.1938200260161125,-6.1938200260161125,-6.1938200260161125,-6.1938200260161125,-6.1938200260161125,-6.1938200260161125,-6.1938200260161125,-6.1938200260161125,-6.1938200260161125,-6.1938200260161125,-6.1938200260161125,-6.1938200260161125,-6.1938200260161125
-5.300684029249126,-5.179514181711796,-5.123625798486001,-5.138912571292037,-5.205627371908414,-5.211813760562004,-5.127529364167596,-5.203495836606438,-5.1712025251284865,-5.229257357242297,-5.273466127644082,-5.150903079998957,-5.260879482800415,-5.118743812683869,-5.309806049684155,-5.147274200805824,-5.250734403519549,-5.215744039575495,-5.276182855976656,-5.165952656034357,-5.657577319177793,-5.657577319177793,-5.657577319177793,-5.657577319177793,-5.657577319177793,-5.657577319177793,-5.657577319177793,-5.657577319177793,-5.657577319177793,-5.657577319177793,-5.657577319177793,-5.657577319177793,-5.657577319177793,-5.657577319177793,-5.657577319177793,-5.657577319177793,-5.657577319177793,-5.657577319177793,-5.657577319177793,-5.657577319177793
-5.596146459645576,-5.594081339225808,-5.508193020764958,-5.610482980523386,-5.518803174184648,-5.532285926198546,-5.502364616900763,-5.597178673392597,-5.578483769326368,-5.5427164474929285,-5.533056935056107,-5.510670671108716,-5.534968316110806,-5.480760622775847,-5.484410011033933,-5.583356219069135,-5.485730568112604,-5.533085265937225,-5.413458696906868,-5.530801723980865,-5.958607314841775,-5.958607314841775,-5.958607314841775,-5.958607314841775,-5.958607314841775,-5.958607314841775,-5.958607314841775,-5.958607314841775,-5.958607314841775,-5.958607314841775,-5.958607314841775,-5.958607314841775,-5.958607314841775,-5.958607314841775,-5.958607314841775,-5.958607314841775,-5.958607314841775,-5.958607314841775,-5.958607314841775,-5.958607314841775
-5.481300460489391,-5.471576311504117,-5.546361381148632,-5.402762161539565,-5.587023108677763,-5.525404455011911,-5.589947493912225,-5.51043999741447,-5.468511288693537,-5.484167790580813,-5.512995850878374,-5.451104491924631,-5.576480426071555,-5.644411270379776,-5.704449591128943,-5.479093436058674,-5.632194207346413,-5.552416265259316,-5.753142604200994,-5.513670051449792,-5.537602002101044,-5.537602002101044,-5.537602002101044,-5.537602002101044,-5.537602002101044,-5.537602002101044,-5.537602002101044,-5.537602002101044,-5.537602002101044,-5.537602002101044,-5.537602002101044,-5.537602002101044,-5.537602002101044,-5.537602002101044,-5.537602002101044,-5.537602002101044,-5.537602002101044,-5.537602002101044,-5.537602002101044,-5.537602002101044
-5.874447382094481,-5.92516488670739,-6.1751766387747775,-5.898719946207081,-6.071142999532825,-6.035909897873351,-6.1711631673151315,-5.929592476751392,-5.965230572144317,-6.052737890076122,-6.092667197510044,-6.054505795982352,-6.161041179509769,-6.306449773273757,-6.194753899926638,-6.107263036007647,-6.150719922712267,-6.1893004615746285,-6.378789689651109,-6.121252410983986,-6.292429823902063,-6.292429823902063,-6.292429823902063,-6.292429823902063,-6.292429823902063,-6.292429823902063,-6.292429823902063,-6.292429823902063,-6.292429823902063,-6.292429823902063,-6.292429823902063,-6.292429823902063,-6.292429823902063,-6.292429823902063,-6.292429823902063,-6.292429823902063,-6.292429823902063,-6.292429823902063,-6.292429823902063,-6.292429823902063
-5.941858313734297,-6.030119162547914,-6.178571940121962,-6.026914473113908,-6.126838736596788,-6.047989831762804,-6.152361715531733,-6.0310416930075315,-6.044437423086524,-6.095566509822137,-6.109602484096695,-6.0798588173012265,-6.160742624117339,-6.233738690697849,-6.118344548542038,-6.117700697492927,-6.197120135882796,-6.165282831243886,-6.243571664146098,-6.105149755719505,-6.102372908709558,-6.102372908709558,-6.102372908709558,-6.102372908709558,-6.102372908709558,-6.102372908709558,-6.102372908709558,-6.102372908709558,-6.102372908709558,-6.102372908709558,-6.102372908709558,-6.102372908709558,-6.102372908709558,-6.102372908709558,-6.102372908709558,-6.102372908709558,-6.102372908709558,-6.102372908709558,-6.102372908709558,-6.102372908709558
-5.840250807497256,-5.881510332162921,-6.029815576698032,-5.892411160406921,-6.009571487874652,-5.9017243715996015,-6.021482106177342,-5.919352590292685,-5.903246815455475,-5.958650257774854,-5.966514265741006,-5.918080009086278,-6.01283895240664,-6.088608033100954,-5.986763919442175,-5.97918715943721,-6.069220791084518,-6.009691223159086,-6.114700091226092,-5.968153287710497,-6.4089353929735005,-6.4089353929735005,-6.4089353929735005,-6.4089353929735005,-6.4089353929735005,-6.4089353929735005,-6.4089353929735005,-6.4089353929735005,-6.4089353929735005,-6.4089353929735005,-6.4089353929735005,-6.4089353929735005,-6.4089353929735005,-6.4089353929735005,-6.4089353929735005,-6.4089353929735005,-6.4089353929735005,-6.4089353929735005,-6.4089353929735005,-6.4089353929735005
-6.055499764911293,-5.900654205963011,-5.903100724229679,-5.987742708854825,-5.926421508962413,-5.852654603522498,-5.929353494328711,-6.01037931391963,-5.850286570032783,-6.039329824306481,-5.993504221644456,-5.895775124254755,-6.023320188209803,-5.916262968831211,-5.960415150613793,-6.083207096538493,-6.006217814969648,-5.967310696756512,-6.032170703105604,-5.990793415714479,-6.318758762624412,-6.318758762624412,-6.318758762624412,-6.318758762624412,-6.318758762624412,-6.318758762624412,-6.318758762624412,-6.318758762624412,-6.318758762624412,-6.318758762624412,-6.318758762624412,-6.318758762624412,-6.318758762624412,-6.318758762624412,-6.318758762624412,-6.318758762624412,-6.318758762624412,-6.318758762624412,-6.318758762624412,-6.318758762624412
-5.4924669898870695,-5.564768647769944,-5.464470509327691,-5.563277524981241,-5.427901165244101,-5.501332310183951,-5.448200885409243,-5.501755874909985,-5.570657096780056,-5.51830706869106,-5.513108772806593,-5.502312873090406,-5.524462842189231,-5.434951463935074,-5.380082419617605,-5.593596549576254,-5.401770985506145,-5.50748418405993,-5.25431558616539,-5.519689237924844,-5.886056647693163,-5.886056647693163,-5.886056647693163,-5.886056647693163,-5.886056647693163,-5.886056647693163,-5.886056647693163,-5.886056647693163,-5.886056647693163,-5.886056647693163,-5.886056647693163,-5.886056647693163,-5.886056647693163,-5.886056647693163,-5.886056647693163,-5.886056647693163,-5.886056647693163,-5.886056647693163,-5.886056647693163,-5.886056647693163
-5.749702894988973,-5.750167503948135,-5.7089730713893445,-5.800471061361832,-5.762697536761088,-5.719331197919857,-5.753107287963962,-5.80537987063751,-5.719840168911716,-5.744054713897349,-5.75548413343122,-5.706223902605688,-5.814694193656963,-5.691277647390541,-5.6806526023479815,-5.793293490320373,-5.758795091839176,-5.7060240862699825,-5.71229000877117,-5.730139668876628,-5.795880017344075,-5.795880017344075,-5.795880017344075,-5.795880017344075,-5.795880017344075,-5.795880017344075,-5.795880017344075,-5.795880017344075,-5.795880017344075,-5.795880017344075,-5.795880017344075,-5.795880017344075,-5.795880017344075,-5.795880017344075,-5.795880017344075,-5.795880017344075,-5.795880017344075,-5.795880017344075,-5.795880017344075,-5.795880017344075
-5.719051555033964,-5.751766472233385,-5.700465012976998,-5.788399868593724,-5.740565233919018,-5.732052175744598,-5.7444438532347615,-5.764925598531482,-5.758178615158901,-5.743384209902691,-5.774039038993032,-5.730733033797911,-5.824843569788212,-5.655568361851846,-5.6435176376295235,-5.7750701206469515,-5.720813712771512,-5.659470802779122,-5.6550452627613,-5.737390434458418,-5.7447274948966935,-5.7447274948966935,-5.7447274948966935,-5.7447274948966935,-5.7447274948966935,-5.7447274948966935,-5.7447274948966935,-5.7447274948966935,-5.7447274948966935,-5.7447274948966935,-5.7447274948966935,-5.7447274948966935,-5.7447274948966935,-5.7447274948966935,-5.7447274948966935,-5.7447274948966935,-5.7447274948966935,-5.7447274948966935,-5.7447274948966935,-5.7447274948966935
-5.66118549939577,-5.681197300481355,-5.444006491922601,-5.795711972252298,-5.505031089075384,-5.672268392227639,-5.535679292433399,-5.662246261424775,-5.83327941125999,-5.723508556241857,-5.754819646447362,-5.615324307637892,-5.911388437840379,-5.463042639056572,-5.488194238583603,-5.8708776806122485,-5.580045461141468,-5.534453142065856,-5.552542715634774,-5.807461377967381,-5.823908740944319,-5.823908740944319,-5.823908740944319,-5.823908740944319,-5.823908740944319,-5.823908740944319,-5.823908740944319,-5.823908740944319,-5.823908740944319,-5.823908740944319,-5.823908740944319,-5.823908740944319,-5.823908740944319,-5.823908740944319,-5.823908740944319,-5.823908740944319,-5.823908740944319,-5.823908740944319,-5.823908740944319,-5.823908740944319
-5.598529597567848,-5.660436273561146,-5.706241427767609,-5.613445610594335,-5.683238632497318,-5.6095685675401645,-5.673095246767597,-5.643629839299233,-5.6794303969871365,-5.7025337261268225,-5.67264408041046,-5.670919326612087,-5.605474486029864,-5.692907856563596,-5.611634593742236,-5.671087940313428,-5.628860646837065,-5.697728538548527,-5.681130781676392,-5.618865750417394,-5.920818753952375,-5.920818753952375,-5.920818753952375,-5.920818753952375,-5.920818753952375,-5.920818753952375,-5.920818753952375,-5.920818753952375,-5.920818753952375,-5.920818753952375,-5.920818753952375,-5.920818753952375,-5.920818753952375,-5.920818753952375,-5.920818753952375,-5.920818753952375,-5.920818753952375,-5.920818753952375,-5.920818753952375,-5.920818753952375
-5.52681662673323,-5.518948849043437,-5.534322992555398,-5.465304278214316,-5.548165761657375,-5.556032436722718,-5.534657283941458,-5.4935048232579975,-5.513074297229913,-5.597655529360937,-5.604596475352709,-5.530668610596894,-5.594079215858184,-5.567257210922246,-5.651331439630424,-5.546272926368494,-5.610582570001769,-5.584779575117009,-5.670287832530252,-5.549963408112425,-5.886056647693163,-5.886056647693163,-5.886056647693163,-5.886056647693163,-5.886056647693163,-5.886056647693163,-5.886056647693163,-5.886056647693163,-5.886056647693163,-5.886056647693163,-5.886056647693163,-5.886056647693163,-5.886056647693163,-5.886056647693163,-5.886056647693163,-5.886056647693163,-5.886056647693163,-5.886056647693163,-5.886056647693163,-5.886056647693163
-5.4062109264625375,-5.349100300687426,-5.59499343301628,-5.449340611957315,-5.635110441511361,-5.459411629699203,-5.592421552252571,-5.439262797784137,-5.59023785796422,-5.657118879151386,-5.661994511744793,-5.58326990525003,-5.699424730219862,-5.660630665876651,-5.4457690272923935,-5.5175258867119314,-5.618551881512972,-5.493715724608817,-5.726323505208054,-5.546152418265189,-5.657577319177793,-5.657577319177793,-5.657577319177793,-5.657577319177793,-5.657577319177793,-5.657577319177793,-5.657577319177793,-5.657577319177793,-5.657577319177793,-5.657577319177793,-5.657577319177793,-5.657577319177793,-5.657577319177793,-5.657577319177793,-5.657577319177793,-5.657577319177793,-5.657577319177793,-5.657577319177793,-5.657577319177793,-5.657577319177793
-5.175138171516193,-5.298406813093019,-5.3894588257744545,-5.302881802249718,-5.455933771966742,-5.313943031860572,-5.343892035987824,-5.285415297193676,-5.5115598581303855,-5.4902778889810415,-5.432765724462913,-5.436993832107211,-5.474178386727043,-5.49221594432098,-5.268626887466057,-5.303396142759534,-5.48618070021336,-5.302890573720503,-5.272077365061628,-5.327867369908479,-5.823908740944319,-5.823908740944319,-5.823908740944319,-5.823908740944319,-5.823908740944319,-5.823908740944319,-5.823908740944319,-5.823908740944319,-5.823908740944319,-5.823908740944319,-5.823908740944319,-5.823908740944319,-5.823908740944319,-5.823908740944319,-5.823908740944319,-5.823908740944319,-5.823908740944319,-5.823908740944319,-5.823908740944319,-5.823908740944319
-5.238693834165576,-5.4362376881832075,-5.500385021114599,-5.410753969172741,-5.566935874583046,-5.4034249513258406,-5.453663904367882,-5.366594544265256,-5.620766242607472,-5.615114893899731,-5.540213219878644,-5.569802832429681,-5.558940453797996,-5.633688637008794,-5.355674076559917,-5.416203086370258,-5.576828014569437,-5.4524545846931645,-5.318004211279864,-5.43360804837971,-5.552841968657781,-5.552841968657781,-5.552841968657781,-5.552841968657781,-5.552841968657781,-5.552841968657781,-5.552841968657781,-5.552841968657781,-5.552841968657781,-5.552841968657781,-5.552841968657781,-5.552841968657781,-5.552841968657781,-5.552841968657781,-5.552841968657781,-5.552841968657781,-5.552841968657781,-5.552841968657781,-5.552841968657781,-5.552841968657781
-5.297857011381206,-5.460510452672709,-5.546745184888626,-5.474610787475042,-5.626450369983479,-5.455384929238002,-5.51844613785919,-5.44113515247708,-5.659907998308586,-5.665848450759683,-5.59604429384936,-5.601910541540145,-5.663911345371326,-5.685856378727539,-5.4157142045376165,-5.498534728150512,-5.6775692451370485,-5.473890192017166,-5.431640953080863,-5.51364682482096,-5.721246399047171,-5.721246399047171,-5.721246399047171,-5.721246399047171,-5.721246399047171,-5.721246399047171,-5.721246399047171,-5.721246399047171,-5.721246399047171,-5.721246399047171,-5.721246399047171,-5.721246399047171,-5.721246399047171,-5.721246399047171,-5.721246399047171,-5.721246399047171,-5.721246399047171,-5.721246399047171,-5.721246399047171,-5.721246399047171
-5.650618455291231,-5.539236947079201,-5.664002600493286,-5.610529225259245,-5.681243704435053,-5.568260504626234,-5.681418627200028,-5.645047059569887,-5.554698028058483,-5.765953071580817,-5.730994854683967,-5.605677941105943,-5.768954874195105,-5.74745117413573,-5.7057996400237,-5.756225287936477,-5.796231975333598,-5.731798108131394,-5.874531034591881,-5.674272041528685,-5.657577319177793,-5.657577319177793,-5.657577319177793,-5.657577319177793,-5.657577319177793,-5.657577319177793,-5.657577319177793,-5.657577319177793,-5.657577319177793,-5.657577319177793,-5.657577319177793,-5.657577319177793,-5.657577319177793,-5.657577319177793,-5.657577319177793,-5.657577319177793,-5.657577319177793,-5.657577319177793,-5.657577319177793,-5.657577319177793
-5.319093408824287,-5.39537725468278,-5.523472632486289,-5.402965673370344,-5.531342434005686,-5.399530707924315,-5.46097757763602,-5.38771589826775,-5.6051696672859475,-5.5974451194314705,-5.533562597139174,-5.54374868459261,-5.540679208719114,-5.628476268388192,-5.384352295008046,-5.4209643260068265,-5.532389583590273,-5.483817201693625,-5.415933865143984,-5.43566344002738,-5.568636235841013,-5.568636235841013,-5.568636235841013,-5.568636235841013,-5.568636235841013,-5.568636235841013,-5.568636235841013,-5.568636235841013,-5.568636235841013,-5.568636235841013,-5.568636235841013,-5.568636235841013,-5.568636235841013,-5.568636235841013,-5.568636235841013,-5.568636235841013,-5.568636235841013,-5.568636235841013,-5.568636235841013,-5.568636235841013
-5.34985597917187,-5.579511827041822,-5.621970072353654,-5.543172397219716,-5.65662474424148,-5.549902721298957,-5.588199473102866,-5.460107475143321,-5.713828904026588,-5.7616864328685145,-5.673870947833649,-5.720938252050916,-5.712885199948947,-5.7451644204474075,-5.4841181242335875,-5.598366566349614,-5.691710685941332,-5.6065843904677575,-5.4400053660949785,-5.583170100325892,-5.7447274948966935,-5.7447274948966935,-5.7447274948966935,-5.7447274948966935,-5.7447274948966935,-5.7447274948966935,-5.7447274948966935,-5.7447274948966935,-5.7447274948966935,-5.7447274948966935,-5.7447274948966935,-5.7447274948966935,-5.7447274948966935,-5.7447274948966935,-5.7447274948966935,-5.7447274948966935,-5.7447274948966935,-5.7447274948966935,-5.7447274948966935,-5.7447274948966935
-5.323499133498579,-5.533398084528129,-5.537966859491731,-5.490019478148414,-5.6204655848284855,-5.499347058428705,-5.522900973091493,-5.448543806169041,-5.699368786338619,-5.678188795239695,-5.616258406889526,-5.647597086026659,-5.717780764096117,-5.703681030671654,-5.471322832757885,-5.4969750023509105,-5.687789480430391,-5.487199430749524,-5.430701898604076,-5.519668108843498,-5.522878745280337,-5.522878745280337,-5.522878745280337,-5.522878745280337,-5.522878745280337,-5.522878745280337,-5.522878745280337,-5.522878745280337,-5.522878745280337,-5.522878745280337,-5.522878745280337,-5.522878745280337,-5.522878745280337,-5.522878745280337,-5.522878745280337,-5.522878745280337,-5.522878745280337,-5.522878745280337,-5.522878745280337,-5.522878745280337
-5.801451007340766,-5.856309602174906,-5.787148741390918,-5.894300214110345,-5.7618964465896925,-5.874536887892265,-5.802971075317481,-5.817801070489647,-5.931598376125405,-5.900432014061526,-5.926011461065442,-5.8435941160565354,-6.001309809812797,-5.796864164459347,-5.7966591834589805,-6.01094859646515,-5.859827847687921,-5.875607088812878,-5.8755835920856745,-5.945321921737301,-5.638272163982407,-5.638272163982407,-5.638272163982407,-5.638272163982407,-5.638272163982407,-5.638272163982407,-5.638272163982407,-5.638272163982407,-5.638272163982407,-5.638272163982407,-5.638272163982407,-5.638272163982407,-5.638272163982407,-5.638272163982407,-5.638272163982407,-5.638272163982407,-5.638272163982407,-5.638272163982407,-5.638272163982407,-5.638272163982407
-6.228288891851728,-6.268697423477394,-6.2257708914702405,-6.301776172157755,-6.211459334481162,-6.210405533366112,-6.2621718897713325,-6.263856273769852,-6.253712732911247,-6.241454084612305,-6.267846526085011,-6.227585637744189,-6.279685795220006,-6.205775044166933,-6.195467266630086,-6.289157098372874,-6.245284790932501,-6.218280473787882,-6.2030436214991,-6.25473109594357,-6.522878745280337,-6.522878745280337,-6.522878745280337,-6.522878745280337,-6.522878745280337,-6.522878745280337,-6.522878745280337,-6.522878745280337,-6.522878745280337,-6.522878745280337,-6.522878745280337,-6.522878745280337,-6.522878745280337,-6.522878745280337,-6.522878745280337,-6.522878745280337,-6.522878745280337,-6.522878745280337,-6.522878745280337,-6.522878745280337
-6.110785602085532,-6.1754433064588525,-6.2402235276444875,-6.131653803054779,-6.221238219293022,-6.139397808578068,-6.195393385890149,-6.1913604852285,-6.110077879081498,-6.0508235648624,-6.083227527371345,-6.090561580966099,-6.138808737152721,-6.264213664543544,-6.224476260484274,-6.12160525262434,-6.244179061667402,-6.226860709670052,-6.25036245190568,-6.105473661829742,-5.795880017344075,-5.795880017344075,-5.795880017344075,-5.795880017344075,-5.795880017344075,-5.795880017344075,-5.795880017344075,-5.795880017344075,-5.795880017344075,-5.795880017344075,-5.795880017344075,-5.795880017344075,-5.795880017344075,-5.795880017344075,-5.795880017344075,-5.795880017344075,-5.795880017344075,-5.795880017344075,-5.795880017344075,-5.795880017344075
-6.172258185443016,-6.1740541276708605,-6.2484288933626,-6.225492568203644,-6.2301950363294,-6.3238989835742325,-6.210056546890566,-6.1990561620167295,-6.294790726298783,-6.254846446697206,-6.241985411729407,-6.239071959771542,-6.313972385078521,-6.189112166306415,-6.259443627692617,-6.324384090711076,-6.303659697772657,-6.276598681199962,-6.357633663077721,-6.36764499623337,-5.769551078621726,-5.769551078621726,-5.769551078621726,-5.769551078621726,-5.769551078621726,-5.769551078621726,-5.769551078621726,-5.769551078621726,-5.769551078621726,-5.769551078621726,-5.769551078621726,-5.769551078621726,-5.769551078621726,-5.769551078621726,-5.769551078621726,-5.769551078621726,-5.769551078621726,-5.769551078621726,-5.769551078621726,-5.769551078621726
-5.936340470571754,-5.8500870213239695,-5.845451519797844,-5.893567047746292,-5.913789634497638,-5.8320121437059615,-5.89230085129139,-5.9436625153040445,-5.800760080683489,-5.923804047393397,-5.88771111689214,-5.798004134721352,-5.93758743878491,-5.891506997117705,-5.921176767006959,-5.984782956350287,-5.984142298965917,-5.919469426388425,-6.011603807743462,-5.933103435288847,-6.031517051446065,-6.031517051446065,-6.031517051446065,-6.031517051446065,-6.031517051446065,-6.031517051446065,-6.031517051446065,-6.031517051446065,-6.031517051446065,-6.031517051446065,-6.031517051446065,-6.031517051446065,-6.031517051446065,-6.031517051446065,-6.031517051446065,-6.031517051446065,-6.031517051446065,-6.031517051446065,-6.031517051446065,-6.031517051446065
-5.920431176876543,-5.982404342661034,-6.0961904746021105,-5.92971205483787,-6.00022891934816,-6.070696041867123,-6.092764366813305,-5.894141540298777,-6.0013810096126585,-6.1113525293448125,-6.112641538186988,-6.104363522728387,-6.125572117830961,-6.1051688331428355,-6.10843104111302,-6.070606313958355,-6.035189296870788,-6.098834397206679,-6.211170839060404,-6.094658663334467,-6.4089353929735005,-6.4089353929735005,-6.4089353929735005,-6.4089353929735005,-6.4089353929735005,-6.4089353929735005,-6.4089353929735005,-6.4089353929735005,-6.4089353929735005,-6.4089353929735005,-6.4089353929735005,-6.4089353929735005,-6.4089353929735005,-6.4089353929735005,-6.4089353929735005,-6.4089353929735005,-6.4089353929735005,-6.4089353929735005,-6.4089353929735005,-6.4089353929735005
-5.925491871066227,-5.940690817730516,-5.997208238449863,-5.90526094380568,-5.9317382745828064,-5.98193923508688,-5.996420056295454,-5.894436220725859,-5.93843034462242,-6.036507353705422,-6.025423667214554,-6.007718953381859,-6.032697443872916,-5.999150004791478,-6.023609140236213,-6.002219681786462,-5.9652996845726625,-6.012313173320556,-6.076269719560226,-6.004847610485031,-6.130768280269024,-6.130768280269024,-6.130768280269024,-6.130768280269024,-6.130768280269024,-6.130768280269024,-6.130768280269024,-6.130768280269024,-6.130768280269024,-6.130768280269024,-6.130768280269024,-6.130768280269024,-6.130768280269024,-6.130768280269024,-6.130768280269024,-6.130768280269024,-6.130768280269024,-6.130768280269024,-6.130768280269024,-6.130768280269024
-6.051081367028534,-6.031191530551859,-6.037692115873192,-6.034981400137668,-6.051544686637046,-5.959063157780772,-6.006479182632815,-6.0755757037754865,-6.042981455785766,-5.978453166891402,-5.9880058388727875,-5.978873810399618,-6.004284350854361,-6.016212535512157,-6.022538238338097,-5.999456519286223,-6.027056482470819,-6.02328095270808,-6.012858371963567,-6.026560355890098,-6.031517051446065,-6.031517051446065,-6.031517051446065,-6.031517051446065,-6.031517051446065,-6.031517051446065,-6.031517051446065,-6.031517051446065,-6.031517051446065,-6.031517051446065,-6.031517051446065,-6.031517051446065,-6.031517051446065,-6.031517051446065,-6.031517051446065,-6.031517051446065,-6.031517051446065,-6.031517051446065,-6.031517051446065,-6.031517051446065
-5.647626346326306,-5.567870510923794,-5.398623259438571,-5.567075258360795,-5.512216418167162,-5.590659717538304,-5.488647173840773,-5.562040152580165,-5.524926068712067,-5.672534269004261,-5.683501302676372,-5.53167126900666,-5.70869680983272,-5.397118929878966,-5.57968064876639,-5.643642856590655,-5.612878790817,-5.479972070741697,-5.586724728852858,-5.6084731318490375,-6.537602002101044,-6.537602002101044,-6.537602002101044,-6.537602002101044,-6.537602002101044,-6.537602002101044,-6.537602002101044,-6.537602002101044,-6.537602002101044,-6.537602002101044,-6.537602002101044,-6.537602002101044,-6.537602002101044,-6.537602002101044,-6.537602002101044,-6.537602002101044,-6.537602002101044,-6.537602002101044,-6.537602002101044,-6.537602002101044
-5.5415017426380535,-5.505590964232117,-5.514802843518096,-5.48703930396553,-5.550324538006308,-5.496361192850742,-5.532530468969381,-5.496741511401482,-5.4739293343804984,-5.580924767245507,-5.589985005711256,-5.484034153754725,-5.58892488103489,-5.568551914627374,-5.623117311279501,-5.56676747170961,-5.6136167956458225,-5.568493938506792,-5.651211310845801,-5.538316250909648,-6.318758762624412,-6.318758762624412,-6.318758762624412,-6.318758762624412,-6.318758762624412,-6.318758762624412,-6.318758762624412,-6.318758762624412,-6.318758762624412,-6.318758762624412,-6.318758762624412,-6.318758762624412,-6.318758762624412,-6.318758762624412,-6.318758762624412,-6.318758762624412,-6.318758762624412,-6.318758762624412,-6.318758762624412,-6.318758762624412
-5.504418025009949,-5.446871559686164,-5.4887421989331155,-5.484144543635145,-5.592489491943703,-5.440558714411556,-5.449333798680199,-5.470061429264161,-5.486209752046082,-5.511209163229859,-5.5647454484399645,-5.493242685485631,-5.472829769634787,-5.438098596136426,-5.387634091191079,-5.435818727014513,-5.415667452111685,-5.424031080230447,-5.496467570561538,-5.477397732867347,-6.0,-6.0,-6.0,-6.0,-6.0,-6.0,-6.0,-6.0,-6.0,-6.0,-6.0,-6.0,-6.0,-6.0,-6.0,-6.0,-6.0,-6.0,-6.0,-6.0
-5.383252074515417,-5.291150833244073,-5.413514782372285,-5.3366481161067405,-5.488519590727509,-5.364511319609276,-5.367641807905288,-5.34366314426676,-5.390460770219975,-5.444140011052211,-5.463735027792746,-5.377000070002818,-5.386773416422499,-5.376008131306893,-5.350701751845943,-5.359175827547293,-5.397232576275179,-5.3775026152313155,-5.495737500507892,-5.395831963553683,-5.318758762624412,-5.318758762624412,-5.318758762624412,-5.318758762624412,-5.318758762624412,-5.318758762624412,-5.318758762624412,-5.318758762624412,-5.318758762624412,-5.318758762624412,-5.318758762624412,-5.318758762624412,-5.318758762624412,-5.318758762624412,-5.318758762624412,-5.318758762624412,-5.318758762624412,-5.318758762624412,-5.318758762624412,-5.318758762624412
-5.46491295134705,-5.424163294955908,-5.435580722859988,-5.445064807970218,-5.549360068314802,-5.394109519063923,-5.391550249026407,-5.4381681228413346,-5.441106479579035,-5.4368497863163,-5.500926603868693,-5.44189786592431,-5.402512316220036,-5.378316972013268,-5.332099899780067,-5.365413859472632,-5.345629261819748,-5.3636800061254535,-5.39915960908058,-5.412375616981861,-5.853871964321762,-5.853871964321762,-5.853871964321762,-5.853871964321762,-5.853871964321762,-5.853871964321762,-5.853871964321762,-5.853871964321762,-5.853871964321762,-5.853871964321762,-5.853871964321762,-5.853871964321762,-5.853871964321762,-5.853871964321762,-5.853871964321762,-5.853871964321762,-5.853871964321762,-5.853871964321762,-5.853871964321762,-5.853871964321762
-5.3356164762143115,-5.235626266051786,-5.3374617790682395,-5.27260363981025,-5.4159628859013305,-5.2987739816328565,-5.28013474048567,-5.2896619002593335,-5.331892533557905,-5.349612538948085,-5.371561822103654,-5.30546756155805,-5.295952225279463,-5.2959147588320805,-5.2703117471271295,-5.26429190566854,-5.294794285036353,-5.294458872586177,-5.382139588654141,-5.309651911740721,-5.721246399047171,-5.721246399047171,-5.721246399047171,-5.721246399047171,-5.721246399047171,-5.721246399047171,-5.721246399047171,-5.721246399047171,-5.721246399047171,-5.721246399047171,-5.721246399047171,-5.721246399047171,-5.721246399047171,-5.721246399047171,-5.721246399047171,-5.721246399047171,-5.721246399047171,-5.721246399047171,-5.721246399047171,-5.721246399047171
-6.1275310290344915,-6.125029399120749,-6.121185684382677,-6.16341505731848,-6.1677787404212765,-6.032522258152287,-6.12388251628084,-6.170224818109825,-6.109909505362651,-6.109495127615331,-6.156754154791523,-6.100139024145837,-6.103839535791382,-6.0930398304519455,-6.028967681131163,-6.080398896615505,-6.082386763497396,-6.05233614514204,-6.086100381258866,-6.079870746553332,-6.070581074285707,-6.070581074285707,-6.070581074285707,-6.070581074285707,-6.070581074285707,-6.070581074285707,-6.070581074285707,-6.070581074285707,-6.070581074285707,-6.070581074285707,-6.070581074285707,-6.070581074285707,-6.070581074285707,-6.070581074285707,-6.070581074285707,-6.070581074285707,-6.070581074285707,-6.070581074285707,-6.070581074285707,-6.070581074285707
-5.904959923239186,-5.961133624328654,-5.993163152220107,-5.916537149632411,-5.9791416978631595,-5.946414479311205,-6.040242530236695,-6.009307591076543,-5.941308822763686,-6.016130379205479,-5.936882769794462,-5.981986177937989,-6.002841148505581,-6.007105383723912,-6.017437909574922,-6.0401865254538745,-5.972213748996226,-6.004665682815797,-6.115890848404,-5.983599442379094,-6.494850021680094,-6.494850021680094,-6.494850021680094,-6.494850021680094,-6.494850021680094,-6.494850021680094,-6.494850021680094,-6.494850021680094,-6.494850021680094,-6.494850021680094,-6.494850021680094,-6.494850021680094,-6.494850021680094,-6.494850021680094,-6.494850021680094,-6.494850021680094,-6.494850021680094,-6.494850021680094,-6.494850021680094,-6.494850021680094
-5.7154938901679255,-5.716263665959811,-5.659845519855432,-5.687874357454272,-5.65617307493774,-5.67938119628059,-5.6520147525326045,-5.636465698098294,-5.644608797524631,-5.760854581665649,-5.737982902921007,-5.676916228473812,-5.74693153389674,-5.6776434489893415,-5.7506664203419335,-5.754351188683635,-5.725631416144365,-5.723574950412074,-5.74555623313941,-5.697621877282241,-5.346787486224656,-5.346787486224656,-5.346787486224656,-5.346787486224656,-5.346787486224656,-5.346787486224656,-5.346787486224656,-5.346787486224656,-5.346787486224656,-5.346787486224656,-5.346787486224656,-5.346787486224656,-5.346787486224656,-5.346787486224656,-5.346787486224656,-5.346787486224656,-5.346787486224656,-5.346787486224656,-5.346787486224656,-5.346787486224656
-5.285087071070837,-5.350807658631936,-5.551485365630651,-5.010929928256455,-5.4645673845066,-5.524769655341999,-5.529894572496728,-5.239802201752418,-5.3195343040816745,-5.285871968590264,-5.259054034964884,-5.407232701408833,-5.308351028630155,-5.748659666977144,-5.862686214381921,-5.1169657458920454,-5.465310822872091,-5.595876789596038,-5.695101781143992,-5.30515279579413,-5.920818753952375,-5.920818753952375,-5.920818753952375,-5.920818753952375,-5.920818753952375,-5.920818753952375,-5.920818753952375,-5.920818753952375,-5.920818753952375,-5.920818753952375,-5.920818753952375,-5.920818753952375,-5.920818753952375,-5.920818753952375,-5.920818753952375,-5.920818753952375,-5.920818753952375,-5.920818753952375,-5.920818753952375,-5.920818753952375
-5.848427408595952,-5.760179206134139,-5.775086810235601,-5.7737662000737435,-5.802331505551412,-5.789085636212928,-5.797674684471661,-5.823826709722211,-5.761315281147857,-5.833227303466593,-5.805809450638391,-5.751449726342412,-5.870572241473226,-5.826242115054756,-5.85958114795248,-5.853141374910822,-5.871001251056047,-5.834301526675811,-5.952819791635988,-5.826021875714205,-6.468521082957745,-6.468521082957745,-6.468521082957745,-6.468521082957745,-6.468521082957745,-6.468521082957745,-6.468521082957745,-6.468521082957745,-6.468521082957745,-6.468521082957745,-6.468521082957745,-6.468521082957745,-6.468521082957745,-6.468521082957745,-6.468521082957745,-6.468521082957745,-6.468521082957745,-6.468521082957745,-6.468521082957745,-6.468521082957745
-5.791345835348253,-5.850543161937423,-5.714181484558407,-5.876307454553749,-5.7532455598191845,-5.83464172953749,-5.799125582632089,-5.824684024260011,-5.913173619839728,-5.859702959889986,-5.916886376509688,-5.838770934172736,-6.003863590864817,-5.682779877580282,-5.726393839151319,-5.876896278366126,-5.77750736909151,-5.673423588848909,-5.756591217750533,-5.870592446273405,-6.031517051446065,-6.031517051446065,-6.031517051446065,-6.031517051446065,-6.031517051446065,-6.031517051446065,-6.031517051446065,-6.031517051446065,-6.031517051446065,-6.031517051446065,-6.031517051446065,-6.031517051446065,-6.031517051446065,-6.031517051446065,-6.031517051446065,-6.031517051446065,-6.031517051446065,-6.031517051446065,-6.031517051446065,-6.031517051446065
-5.789072293972098,-5.8410878614566695,-5.859155169388531,-5.850455157127785,-5.884646338906903,-5.861757485967177,-5.919734514476788,-5.859009645347392,-5.839179078032707,-5.850979992230643,-5.892968321776441,-5.843097770738742,-5.977820732650905,-5.8569781881652965,-5.844754173810394,-5.894435549176308,-5.916691345604805,-5.812221633916514,-5.932265908568255,-5.877928959679985,-6.3979400086720375,-6.3979400086720375,-6.3979400086720375,-6.3979400086720375,-6.3979400086720375,-6.3979400086720375,-6.3979400086720375,-6.3979400086720375,-6.3979400086720375,-6.3979400086720375,-6.3979400086720375,-6.3979400086720375,-6.3979400086720375,-6.3979400086720375,-6.3979400086720375,-6.3979400086720375,-6.3979400086720375,-6.3979400086720375,-6.3979400086720375,-6.3979400086720375
-5.7752415456492745,-5.874442259003404,-5.85405470359161,-5.859579886010917,-5.879164697115378,-5.825374397293206,-5.8392473341451625,-5.8069641627944275,-5.931201785386749,-5.924226046320253,-5.905321783357887,-5.908300628996177,-5.907642618055787,-5.890654245428883,-5.7725551447342385,-5.832604275843684,-5.88233114516005,-5.829884565159529,-5.76472030102662,-5.825711165574941,-5.7447274948966935,-5.7447274948966935,-5.7447274948966935,-5.7447274948966935,-5.7447274948966935,-5.7447274948966935,-5.7447274948966935,-5.7447274948966935,-5.7447274948966935,-5.7447274948966935,-5.7447274948966935,-5.7447274948966935,-5.7447274948966935,-5.7447274948966935,-5.7447274948966935,-5.7447274948966935,-5.7447274948966935,-5.7447274948966935,-5.7447274948966935,-5.7447274948966935
-6.133932589056307,-6.1938428110161965,-6.183112086207517,-6.218775074943126,-6.178880747716487,-6.071275023577665,-6.170232610781599,-6.147571301500811,-6.106136358828762,-6.14488756417397,-6.161022120085623,-6.120697364904637,-6.128878390567399,-6.1765197588796426,-6.114451038186486,-6.176022459211289,-6.156538325523672,-6.155086318533976,-6.114817400723968,-6.125051678106929,-5.823908740944319,-5.823908740944319,-5.823908740944319,-5.823908740944319,-5.823908740944319,-5.823908740944319,-5.823908740944319,-5.823908740944319,-5.823908740944319,-5.823908740944319,-5.823908740944319,-5.823908740944319,-5.823908740944319,-5.823908740944319,-5.823908740944319,-5.823908740944319,-5.823908740944319,-5.823908740944319,-5.823908740944319,-5.823908740944319
-6.24339170935979,-6.206854293689082,-6.20039167198228,-6.295496298951418,-6.162944666093514,-6.0235679656754,-6.208177601285697,-6.281349973667803,-6.114126781882151,-6.265867276323027,-6.257058482424282,-6.161891005076439,-6.210541337366372,-6.205209590565691,-6.131468841006553,-6.277290108229956,-6.188973364710954,-6.187879872636076,-6.134571301703863,-6.180852107809395,-5.795880017344075,-5.795880017344075,-5.795880017344075,-5.795880017344075,-5.795880017344075,-5.795880017344075,-5.795880017344075,-5.795880017344075,-5.795880017344075,-5.795880017344075,-5.795880017344075,-5.795880017344075,-5.795880017344075,-5.795880017344075,-5.795880017344075,-5.795880017344075,-5.795880017344075,-5.795880017344075,-5.795880017344075,-5.795880017344075
-6.0263506478854625,-6.124368910613317,-6.095533387485511,-6.094060103397341,-6.136096126880642,-5.983912421195192,-6.069811901626627,-6.114247811270372,-6.135471576917806,-6.012146499167425,-6.051824471040833,-6.06298982180574,-6.079204993521805,-6.132189811457876,-6.014144132395208,-5.967160208467682,-6.068192435585754,-6.0057700018579085,-6.000586754945704,-6.013877422552941,-5.769551078621726,-5.769551078621726,-5.769551078621726,-5.769551078621726,-5.769551078621726,-5.769551078621726,-5.769551078621726,-5.769551078621726,-5.769551078621726,-5.769551078621726,-5.769551078621726,-5.769551078621726,-5.769551078621726,-5.769551078621726,-5.769551078621726,-5.769551078621726,-5.769551078621726,-5.769551078621726,-5.769551078621726,-5.769551078621726
-4.912938575022024,-4.9949019140485245,-5.240716792369528,-5.026291107878575,-5.202960013600848,-4.80711660594688,-5.166135760365339,-5.0774081168364145,-5.176758378303519,-5.220110169026191,-5.470083773823412,-5.028648039337925,-5.1671680535746916,-5.236413904620834,-5.193383569240374,-4.9847302475865725,-5.25598760300838,-5.02914682059902,-5.1671640288193235,-5.082117946194237,-5.920818753952375,-5.920818753952375,-5.920818753952375,-5.920818753952375,-5.920818753952375,-5.920818753952375,-5.920818753952375,-5.920818753952375,-5.920818753952375,-5.920818753952375,-5.920818753952375,-5.920818753952375,-5.920818753952375,-5.920818753952375,-5.920818753952375,-5.920818753952375,-5.920818753952375,-5.920818753952375,-5.920818753952375,-5.920818753952375
-5.625253351004296,-5.531688627941643,-5.675141631184006,-5.564048019874993,-5.699934239770962,-5.633633662674074,-5.722134829510412,-5.586918440265752,-5.564898342492815,-5.757578172383776,-5.723009545635104,-5.617759104856819,-5.7543873875409846,-5.725992865682342,-5.7382062357510115,-5.754999754731525,-5.789017854193055,-5.7211498582252505,-5.904853869892207,-5.733333809247811,-5.853871964321762,-5.853871964321762,-5.853871964321762,-5.853871964321762,-5.853871964321762,-5.853871964321762,-5.853871964321762,-5.853871964321762,-5.853871964321762,-5.853871964321762,-5.853871964321762,-5.853871964321762,-5.853871964321762,-5.853871964321762,-5.853871964321762,-5.853871964321762,-5.853871964321762,-5.853871964321762,-5.853871964321762,-5.853871964321762
-6.189265457055055,-6.253593003132167,-6.2660470573932505,-6.248252986528594,-6.194874843675326,-6.352762509736215,-6.246695462960542,-6.175552254315074,-6.297258610130509,-6.311511628115177,-6.331021212483691,-6.325124902439299,-6.34735983479031,-6.178455656139658,-6.255016609223819,-6.3132497327977015,-6.283895128896054,-6.280986792822474,-6.319876613194154,-6.317598679291875,-6.0655015487564325,-6.0655015487564325,-6.0655015487564325,-6.0655015487564325,-6.0655015487564325,-6.0655015487564325,-6.0655015487564325,-6.0655015487564325,-6.0655015487564325,-6.0655015487564325,-6.0655015487564325,-6.0655015487564325,-6.0655015487564325,-6.0655015487564325,-6.0655015487564325,-6.0655015487564325,-6.0655015487564325,-6.0655015487564325,-6.0655015487564325,-6.0655015487564325
-6.035849560431392,-5.907611072020547,-6.026717071684045,-6.032186643828382,-5.954766787402758,-5.725268383035447,-5.9961275511569,-6.055667648436829,-5.759384534264687,-6.090525738717839,-6.087847059216677,-5.882165745002561,-5.983099707843804,-6.056620227088513,-5.966749500117111,-6.134391301840438,-6.022586986924486,-6.073553948087239,-6.014346536333409,-5.967762411950901,-5.251811972993799,-5.251811972993799,-5.251811972993799,-5.251811972993799,-5.251811972993799,-5.251811972993799,-5.251811972993799,-5.251811972993799,-5.251811972993799,-5.251811972993799,-5.251811972993799,-5.251811972993799,-5.251811972993799,-5.251811972993799,-5.251811972993799,-5.251811972993799,-5.251811972993799,-5.251811972993799,-5.251811972993799,-5.251811972993799
-5.112184598092103,-5.096835404686163,-5.13570145074088,-4.861254493371582,-4.910645408350322,-5.083716389810604,-4.9967374084435985,-5.0203254192007,-4.953909575518557,-4.82036076801841,-4.755474802677341,-5.039750552472177,-4.774512516299338,-5.079091216043144,-5.107269486517743,-4.78959366962368,-4.7769588055555845,-5.075256558234636,-4.636212154881134,-4.797923391193609,-5.376750709602099,-5.376750709602099,-5.376750709602099,-5.376750709602099,-5.376750709602099,-5.376750709602099,-5.376750709602099,-5.376750709602099,-5.376750709602099,-5.376750709602099,-5.376750709602099,-5.376750709602099,-5.376750709602099,-5.376750709602099,-5.376750709602099,-5.376750709602099,-5.376750709602099,-5.376750709602099,-5.376750709602099,-5.376750709602099
-5.421832191237938,-5.290508922019588,-5.423221259976433,-5.317004775945542,-5.437966341597227,-5.410785109365116,-5.426571378518303,-5.3610994141398995,-5.341887482842934,-5.47027785505225,-5.477708667510467,-5.373655473366703,-5.4723295332567625,-5.402704090859123,-5.47545598393073,-5.429321075591598,-5.463836384975641,-5.405528730552232,-5.619611824017326,-5.423196769637874,-5.920818753952375,-5.920818753952375,-5.920818753952375,-5.920818753952375,-5.920818753952375,-5.920818753952375,-5.920818753952375,-5.920818753952375,-5.920818753952375,-5.920818753952375,-5.920818753952375,-5.920818753952375,-5.920818753952375,-5.920818753952375,-5.920818753952375,-5.920818753952375,-5.920818753952375,-5.920818753952375,-5.920818753952375,-5.920818753952375
-5.049739104949385,-5.1008767270281785,-5.130066383074354,-4.719887177835627,-4.780309183327151,-4.997565895855129,-4.875670643266609,-4.891789260598833,-4.8115606597971805,-4.751413603657776,-4.62137688031111,-4.997493996790353,-4.433637571540983,-5.055177948295284,-5.111068174020605,-4.629375832033151,-4.585641138732508,-5.188798019166583,-4.384517277540716,-4.608071133422459,-5.958607314841775,-5.958607314841775,-5.958607314841775,-5.958607314841775,-5.958607314841775,-5.958607314841775,-5.958607314841775,-5.958607314841775,-5.958607314841775,-5.958607314841775,-5.958607314841775,-5.958607314841775,-5.958607314841775,-5.958607314841775,-5.958607314841775,-5.958607314841775,-5.958607314841775,-5.958607314841775,-5.958607314841775,-5.958607314841775
-5.874596107523882,-5.8460454777916,-5.92515574730641,-5.865856354511702,-5.885725781024416,-5.826637350502905,-5.919729324522017,-5.900438562932415,-5.83548364409273,-5.913196431491253,-5.889753657873223,-5.838910362505106,-5.868183166735463,-5.94148710615091,-5.892068386190219,-5.945344572658587,-5.878983611824611,-5.955968751279034,-5.948911498336354,-5.903734838495988,-6.154901959985743,-6.154901959985743,-6.154901959985743,-6.154901959985743,-6.154901959985743,-6.154901959985743,-6.154901959985743,-6.154901959985743,-6.154901959985743,-6.154901959985743,-6.154901959985743,-6.154901959985743,-6.154901959985743,-6.154901959985743,-6.154901959985743,-6.154901959985743,-6.154901959985743,-6.154901959985743,-6.154901959985743,-6.154901959985743
-5.119986333663109,-5.11567742050253,-5.165172936306917,-4.874281381666994,-4.9394610123738625,-5.0979606809480895,-5.022565280613727,-5.0306167493113385,-4.957655308682445,-4.84536881367559,-4.798582430435062,-5.062148232550536,-4.789011791267839,-5.100228986768451,-5.142485300991139,-4.797162118914372,-4.80448094174986,-5.091871985109244,-4.6823790255415565,-4.808530415064999,-5.886056647693163,-5.886056647693163,-5.886056647693163,-5.886056647693163,-5.886056647693163,-5.886056647693163,-5.886056647693163,-5.886056647693163,-5.886056647693163,-5.886056647693163,-5.886056647693163,-5.886056647693163,-5.886056647693163,-5.886056647693163,-5.886056647693163,-5.886056647693163,-5.886056647693163,-5.886056647693163,-5.886056647693163,-5.886056647693163
-5.8770492792238445,-5.842144598098459,-5.9189832662617405,-5.862507783054369,-5.888542317428123,-5.836163591499157,-5.913825700515128,-5.896172968137728,-5.827867066621799,-5.908840065094443,-5.877972926805444,-5.83317705347012,-5.8647175425516105,-5.932771593864277,-5.892895830021569,-5.950229903373907,-5.884680165483624,-5.960085700884688,-5.958276803979342,-5.907240825018707,-6.366531544420414,-6.366531544420414,-6.366531544420414,-6.366531544420414,-6.366531544420414,-6.366531544420414,-6.366531544420414,-6.366531544420414,-6.366531544420414,-6.366531544420414,-6.366531544420414,-6.366531544420414,-6.366531544420414,-6.366531544420414,-6.366531544420414,-6.366531544420414,-6.366531544420414,-6.366531544420414,-6.366531544420414,-6.366531544420414
-5.745624964211328,-5.799977056054425,-5.770457934202256,-5.747549691447416,-5.784522042822831,-5.786247775767183,-5.748394501916129,-5.722158951646263,-5.8183719530813764,-5.7858503780347394,-5.8180521709853,-5.8386165326737585,-5.810563176210425,-5.732278562852703,-5.732691713183151,-5.701606202149862,-5.68868573341494,-5.699766248319554,-5.712008993444083,-5.762418958593266,-5.200659450546418,-5.200659450546418,-5.200659450546418,-5.200659450546418,-5.200659450546418,-5.200659450546418,-5.200659450546418,-5.200659450546418,-5.200659450546418,-5.200659450546418,-5.200659450546418,-5.200659450546418,-5.200659450546418,-5.200659450546418,-5.200659450546418,-5.200659450546418,-5.200659450546418,-5.200659450546418,-5.200659450546418,-5.200659450546418
-6.195468099836181,-6.236195513166939,-6.183333555925561,-6.216428102444084,-6.18225180436789,-6.11836920250716,-6.158222506215359,-6.233077655263915,-6.200375352507393,-6.116249308298466,-6.151147348525992,-6.146344945509055,-6.163367951584997,-6.168804154608857,-6.149765215451401,-6.124039757073255,-6.135801030398701,-6.137463062879229,-6.136683922993888,-6.142374774282964,-6.119186407719209,-6.119186407719209,-6.119186407719209,-6.119186407719209,-6.119186407719209,-6.119186407719209,-6.119186407719209,-6.119186407719209,-6.119186407719209,-6.119186407719209,-6.119186407719209,-6.119186407719209,-6.119186407719209,-6.119186407719209,-6.119186407719209,-6.119186407719209,-6.119186407719209,-6.119186407719209,-6.119186407719209,-6.119186407719209
-5.825896215521767,-5.798039130859805,-5.864205806362895,-5.835897287357074,-5.855992652375074,-5.786700430410641,-5.830603089611446,-5.818997191959158,-5.817009573514071,-5.915508664204246,-5.92029780023401,-5.830161317440219,-5.792830127099809,-5.800174335139676,-5.776336526883298,-5.790634530042604,-5.755251324952797,-5.838805354421508,-5.686176774064948,-5.812171311764891,-5.886056647693163,-5.886056647693163,-5.886056647693163,-5.886056647693163,-5.886056647693163,-5.886056647693163,-5.886056647693163,-5.886056647693163,-5.886056647693163,-5.886056647693163,-5.886056647693163,-5.886056647693163,-5.886056647693163,-5.886056647693163,-5.886056647693163,-5.886056647693163,-5.886056647693163,-5.886056647693163,-5.886056647693163,-5.886056647693163
-5.459233569255178,-5.876869406177605,-5.469390160576062,-5.814673910830614,-5.847709076952909,-5.813117565259157,-5.810098430739333,-5.826313664675125,-5.83879821401421,-5.767833093562669,-5.8218860594017094,-5.864892413539631,-5.805279368260475,-5.842618453547646,-5.826507628470857,-5.742357261163293,-5.707060905705188,-5.782328562464773,-5.766180491165128,-5.8057041732435986,-5.886056647693163,-5.886056647693163,-5.886056647693163,-5.886056647693163,-5.886056647693163,-5.886056647693163,-5.886056647693163,-5.886056647693163,-5.886056647693163,-5.886056647693163,-5.886056647693163,-5.886056647693163,-5.886056647693163,-5.886056647693163,-5.886056647693163,-5.886056647693163,-5.886056647693163,-5.886056647693163,-5.886056647693163,-5.886056647693163
-5.093980712236192,-5.6394406632502285,-5.287709713054185,-5.517619144661431,-5.538516196463148,-5.568343014166903,-5.541969941464933,-5.59727797917129,-5.573542624772832,-5.488737075789487,-5.473770187188925,-5.587135331842901,-5.4437973139459785,-5.648890359273038,-5.649540129425162,-5.445001638119958,-5.4353548659502104,-5.619283892740909,-5.415292372507919,-5.478961343724271,-4.6020599913279625,-4.6020599913279625,-4.6020599913279625,-4.6020599913279625,-4.6020599913279625,-4.6020599913279625,-4.6020599913279625,-4.6020599913279625,-4.6020599913279625,-4.6020599913279625,-4.6020599913279625,-4.6020599913279625,-4.6020599913279625,-4.6020599913279625,-4.6020599913279625,-4.6020599913279625,-4.6020599913279625,-4.6020599913279625,-4.6020599913279625,-4.6020599913279625
-5.2285066755482905,-5.651440152808435,-5.162868862325764,-5.591737140941363,-5.560444631520871,-5.561213939515433,-5.535414180625214,-5.647881337558686,-5.637772252993547,-5.475532511191292,-5.495165247137433,-5.5918825896029976,-5.498049259645017,-5.593980066266734,-5.554220137326549,-5.468667854251053,-5.38719267442918,-5.525833619902268,-5.36708804805822,-5.528921858924956,-4.958607314841775,-4.958607314841775,-4.958607314841775,-4.958607314841775,-4.958607314841775,-4.958607314841775,-4.958607314841775,-4.958607314841775,-4.958607314841775,-4.958607314841775,-4.958607314841775,-4.958607314841775,-4.958607314841775,-4.958607314841775,-4.958607314841775,-4.958607314841775,-4.958607314841775,-4.958607314841775,-4.958607314841775,-4.958607314841775
-5.719080207354608,-5.918012663510264,-5.5451267407113765,-5.856733625555689,-5.9281825148594915,-5.802033333679442,-5.802446837480792,-5.862759162402398,-5.832619439740602,-5.765877077285443,-5.873320325074705,-5.869042427950679,-5.782934926301379,-5.823962748820281,-5.807819227195779,-5.729809407806187,-5.685296025133545,-5.7746028416708315,-5.796826286634616,-5.826009897981028,-5.853871964321762,-5.853871964321762,-5.853871964321762,-5.853871964321762,-5.853871964321762,-5.853871964321762,-5.853871964321762,-5.853871964321762,-5.853871964321762,-5.853871964321762,-5.853871964321762,-5.853871964321762,-5.853871964321762,-5.853871964321762,-5.853871964321762,-5.853871964321762,-5.853871964321762,-5.853871964321762,-5.853871964321762,-5.853871964321762
-5.570084136839378,-5.933305591697344,-5.516495169119331,-5.881791525170505,-5.916093537472835,-5.852970195869576,-5.853885586269557,-5.884386934083324,-5.8903083366399915,-5.814329699841012,-5.888694591220306,-5.909795573245305,-5.84648005778394,-5.868297194137703,-5.852645696675775,-5.787930379805375,-5.74984447157527,-5.813965018279341,-5.816026508034469,-5.858822995479778,-5.552841968657781,-5.552841968657781,-5.552841968657781,-5.552841968657781,-5.552841968657781,-5.552841968657781,-5.552841968657781,-5.552841968657781,-5.552841968657781,-5.552841968657781,-5.552841968657781,-5.552841968657781,-5.552841968657781,-5.552841968657781,-5.552841968657781,-5.552841968657781,-5.552841968657781,-5.552841968657781,-5.552841968657781,-5.552841968657781
-5.577795310078844,-5.623036011165647,-5.664761387475725,-5.6249198661789706,-5.7107242585661995,-5.591902023150991,-5.6214922645948056,-5.609833997305905,-5.689411036737994,-5.690525762355457,-5.694770876550345,-5.679466907824312,-5.658105361556123,-5.6736456808838875,-5.566196440710776,-5.5950578774482675,-5.629145141961895,-5.596995912550415,-5.588069057968218,-5.6287205104098526,-6.022276394711152,-6.022276394711152,-6.022276394711152,-6.022276394711152,-6.022276394711152,-6.022276394711152,-6.022276394711152,-6.022276394711152,-6.022276394711152,-6.022276394711152,-6.022276394711152,-6.022276394711152,-6.022276394711152,-6.022276394711152,-6.022276394711152,-6.022276394711152,-6.022276394711152,-6.022276394711152,-6.022276394711152,-6.022276394711152
-5.526120634378811,-5.490508675578294,-5.56084511747112,-5.506819094286309,-5.5730218718502185,-5.4611992792936865,-5.491095200863395,-5.513878709251532,-5.565478197434032,-5.583264951419807,-5.567766616723739,-5.542454641190061,-5.481725851819074,-5.553089261356717,-5.457291169457639,-5.47801559850329,-5.476897625796986,-5.525201354294014,-5.471083952021739,-5.490484255179668,-5.657577319177793,-5.657577319177793,-5.657577319177793,-5.657577319177793,-5.657577319177793,-5.657577319177793,-5.657577319177793,-5.657577319177793,-5.657577319177793,-5.657577319177793,-5.657577319177793,-5.657577319177793,-5.657577319177793,-5.657577319177793,-5.657577319177793,-5.657577319177793,-5.657577319177793,-5.657577319177793,-5.657577319177793,-5.657577319177793
-5.270619310956581,-5.336313516196466,-5.24354471631583,-5.274611587620087,-5.271608030730979,-5.245186217746338,-5.17681471046553,-5.3844511384174,-5.266245152184629,-5.156576618751509,-5.182176271188232,-5.199300318295743,-5.125810851224922,-5.2272296490923935,-5.2065050467420795,-5.2001484310568165,-5.167625987025747,-5.239783910727647,-5.004127946377552,-5.186776177071781,-4.455931955649724,-4.455931955649724,-4.455931955649724,-4.455931955649724,-4.455931955649724,-4.455931955649724,-4.455931955649724,-4.455931955649724,-4.455931955649724,-4.455931955649724,-4.455931955649724,-4.455931955649724,-4.455931955649724,-4.455931955649724,-4.455931955649724,-4.455931955649724,-4.455931955649724,-4.455931955649724,-4.455931955649724,-4.455931955649724
-5.218791764324627,-5.281213359965896,-5.190342990251235,-5.2155442283555145,-5.208879673190372,-5.210940360398282,-5.129944124004427,-5.302361055199989,-5.222478311931325,-5.1198135553023585,-5.145339243281057,-5.163291793507695,-5.113003790101239,-5.187483762560245,-5.178103239709763,-5.163827014322344,-5.130412904301491,-5.184001433140306,-4.993005215063912,-5.146019726766557,-5.958607314841775,-5.958607314841775,-5.958607314841775,-5.958607314841775,-5.958607314841775,-5.958607314841775,-5.958607314841775,-5.958607314841775,-5.958607314841775,-5.958607314841775,-5.958607314841775,-5.958607314841775,-5.958607314841775,-5.958607314841775,-5.958607314841775,-5.958607314841775,-5.958607314841775,-5.958607314841775,-5.958607314841775,-5.958607314841775
-6.170901285838005,-6.17607310278889,-6.096409977111689,-6.182790649537871,-6.073907147853086,-6.091584239881941,-6.113055491168043,-5.99215936071947,-6.106601463682883,-6.183875014084922,-6.153279916809473,-6.122031318636474,-5.9087443186119835,-6.080951445811556,-6.135000637645255,-6.19065795236623,-6.135170729112612,-6.126865883386664,-6.123426677761652,-6.140546455843474,-5.886056647693163,-5.886056647693163,-5.886056647693163,-5.886056647693163,-5.886056647693163,-5.886056647693163,-5.886056647693163,-5.886056647693163,-5.886056647693163,-5.886056647693163,-5.886056647693163,-5.886056647693163,-5.886056647693163,-5.886056647693163,-5.886056647693163,-5.886056647693163,-5.886056647693163,-5.886056647693163,-5.886056647693163,-5.886056647693163
-5.308837220318653,-5.363170423591084,-5.339110104277518,-5.270073118506329,-5.329266911070202,-5.351930479579596,-5.239498583224967,-5.359024105161441,-5.347509710557147,-5.311838266284302,-5.276119710437788,-5.328213014540798,-5.183664399021437,-5.350905189015735,-5.370196502380401,-5.257802700776676,-5.285696687855091,-5.3414790937897045,-5.19920849984373,-5.2852205291418155,-6.022276394711152,-6.022276394711152,-6.022276394711152,-6.022276394711152,-6.022276394711152,-6.022276394711152,-6.022276394711152,-6.022276394711152,-6.022276394711152,-6.022276394711152,-6.022276394711152,-6.022276394711152,-6.022276394711152,-6.022276394711152,-6.022276394711152,-6.022276394711152,-6.022276394711152,-6.022276394711152,-6.022276394711152,-6.022276394711152
-5.2590655795327335,-5.326955319916363,-5.256455994079082,-5.25926726757787,-5.269344467625397,-5.27371273393278,-5.185864609788888,-5.360230709600943,-5.264619003386124,-5.212270203621104,-5.217782387854287,-5.237811245768297,-5.140879658480113,-5.246372264898131,-5.241430476457568,-5.234396777190538,-5.1965689158001185,-5.273093440395982,-5.070052727717519,-5.216040520448571,-5.6020599913279625,-5.6020599913279625,-5.6020599913279625,-5.6020599913279625,-5.6020599913279625,-5.6020599913279625,-5.6020599913279625,-5.6020599913279625,-5.6020599913279625,-5.6020599913279625,-5.6020599913279625,-5.6020599913279625,-5.6020599913279625,-5.6020599913279625,-5.6020599913279625,-5.6020599913279625,-5.6020599913279625,-5.6020599913279625,-5.6020599913279625,-5.6020599913279625
-5.697037152363202,-5.7602056082341715,-5.725864534803365,-5.712133863636787,-5.726436708805914,-5.738110474772491,-5.6595369978772485,-5.785671120858047,-5.748844831224861,-5.717520815230866,-5.741501367560344,-5.731597929894862,-5.569617070131241,-5.698006597402625,-5.712956185599458,-5.695743188572242,-5.675559900515101,-5.748586977489482,-5.676154365834203,-5.718114148566822,-5.4089353929735005,-5.4089353929735005,-5.4089353929735005,-5.4089353929735005,-5.4089353929735005,-5.4089353929735005,-5.4089353929735005,-5.4089353929735005,-5.4089353929735005,-5.4089353929735005,-5.4089353929735005,-5.4089353929735005,-5.4089353929735005,-5.4089353929735005,-5.4089353929735005,-5.4089353929735005,-5.4089353929735005,-5.4089353929735005,-5.4089353929735005,-5.4089353929735005
-5.301416502679878,-5.369183583335227,-5.418526780916662,-5.306958781160987,-5.369117549227366,-5.407496598295434,-5.339666053125543,-5.333610288013267,-5.398803894165818,-5.399554500737476,-5.378797657416819,-5.409994699501098,-5.341198556771712,-5.386792634137657,-5.4021871601861235,-5.309350526233286,-5.334006635318313,-5.393320711491439,-5.311121799130918,-5.325082163312696,-6.154901959985743,-6.154901959985743,-6.154901959985743,-6.154901959985743,-6.154901959985743,-6.154901959985743,-6.154901959985743,-6.154901959985743,-6.154901959985743,-6.154901959985743,-6.154901959985743,-6.154901959985743,-6.154901959985743,-6.154901959985743,-6.154901959985743,-6.154901959985743,-6.154901959985743,-6.154901959985743,-6.154901959985743,-6.154901959985743
-5.614193575515847,-5.530244996206079,-5.634694292756303,-5.470789415152625,-5.537637010730808,-5.6175214435600305,-5.564909493364141,-5.504151053079076,-5.5409041212249805,-5.619947905397919,-5.621596863163063,-5.630808055137344,-5.581425395181761,-5.601974662252653,-5.63107022702263,-5.555573149150037,-5.518047733781142,-5.615895318626153,-5.590185567071323,-5.5947657692446775,-6.008773924307505,-6.008773924307505,-6.008773924307505,-6.008773924307505,-6.008773924307505,-6.008773924307505,-6.008773924307505,-6.008773924307505,-6.008773924307505,-6.008773924307505,-6.008773924307505,-6.008773924307505,-6.008773924307505,-6.008773924307505,-6.008773924307505,-6.008773924307505,-6.008773924307505,-6.008773924307505,-6.008773924307505,-6.008773924307505
-5.336376101235491,-5.598874793357919,-5.667125894542945,-5.6225621157256676,-5.695689918484955,-5.653201911054853,-5.6971565101540556,-5.58322766395879,-5.624782289062793,-5.7962402246902025,-5.759749726399541,-5.65933587021641,-5.803553303911522,-5.718053277553023,-5.733892187636016,-5.77976784347935,-5.797861311233382,-5.731840567569114,-5.869009597237406,-5.731400149604999,-5.721246399047171,-5.721246399047171,-5.721246399047171,-5.721246399047171,-5.721246399047171,-5.721246399047171,-5.721246399047171,-5.721246399047171,-5.721246399047171,-5.721246399047171,-5.721246399047171,-5.721246399047171,-5.721246399047171,-5.721246399047171,-5.721246399047171,-5.721246399047171,-5.721246399047171,-5.721246399047171,-5.721246399047171,-5.721246399047171
-5.542783628349861,-5.503778801644029,-5.57841407758233,-5.48851389510827,-5.5603795967315275,-5.574811967364751,-5.521712105840949,-5.488267529940339,-5.5575271150467005,-5.6182163592985335,-5.625287751745979,-5.579645865217684,-5.587899834159264,-5.549380037988206,-5.569099626012682,-5.547180433753576,-5.567284010702956,-5.553978319217388,-5.59999372103617,-5.568948759432357,-5.886056647693163,-5.886056647693163,-5.886056647693163,-5.886056647693163,-5.886056647693163,-5.886056647693163,-5.886056647693163,-5.886056647693163,-5.886056647693163,-5.886056647693163,-5.886056647693163,-5.886056647693163,-5.886056647693163,-5.886056647693163,-5.886056647693163,-5.886056647693163,-5.886056647693163,-5.886056647693163,-5.886056647693163,-5.886056647693163
-5.518262320147267,-5.4765909197584595,-5.558396578410368,-5.467928363755155,-5.558593415607249,-5.564051640250452,-5.516695738776002,-5.471741906984377,-5.5428764919926,-5.590976280856778,-5.6111574257946915,-5.556787896299596,-5.600699985596206,-5.535706571563749,-5.558592971189981,-5.524391529589006,-5.574871757331966,-5.514799391690045,-5.61866454708217,-5.554499254061326,-5.494850021680094,-5.494850021680094,-5.494850021680094,-5.494850021680094,-5.494850021680094,-5.494850021680094,-5.494850021680094,-5.494850021680094,-5.494850021680094,-5.494850021680094,-5.494850021680094,-5.494850021680094,-5.494850021680094,-5.494850021680094,-5.494850021680094,-5.494850021680094,-5.494850021680094,-5.494850021680094,-5.494850021680094,-5.494850021680094
-5.62087488506839,-5.539482942544672,-5.648955685707917,-5.482039468850172,-5.560817251685424,-5.66107955743054,-5.600526289507875,-5.513184746699216,-5.561188291019029,-5.628998431644948,-5.6391951190342064,-5.656426195853054,-5.64415605877981,-5.614175927204731,-5.6564761074927,-5.576527854865112,-5.55271668443095,-5.610890356749351,-5.649426500595634,-5.625706408464139,-5.886056647693163,-5.886056647693163,-5.886056647693163,-5.886056647693163,-5.886056647693163,-5.886056647693163,-5.886056647693163,-5.886056647693163,-5.886056647693163,-5.886056647693163,-5.886056647693163,-5.886056647693163,-5.886056647693163,-5.886056647693163,-5.886056647693163,-5.886056647693163,-5.886056647693163,-5.886056647693163,-5.886056647693163,-5.886056647693163
-5.296420849132993,-5.3612051759672195,-5.402744563496585,-5.300113094939595,-5.341033082412526,-5.364532619820503,-5.294094979428056,-5.3385444019996,-5.374636392780393,-5.365714107864718,-5.333190244236597,-5.374689171836931,-5.238702588944389,-5.3491063064811435,-5.354113134069277,-5.270929196612466,-5.262091583231176,-5.387197388820643,-5.212554107499395,-5.280974046859071,-5.958607314841775,-5.958607314841775,-5.958607314841775,-5.958607314841775,-5.958607314841775,-5.958607314841775,-5.958607314841775,-5.958607314841775,-5.958607314841775,-5.958607314841775,-5.958607314841775,-5.958607314841775,-5.958607314841775,-5.958607314841775,-5.958607314841775,-5.958607314841775,-5.958607314841775,-5.958607314841775,-5.958607314841775,-5.958607314841775
-5.337578603357164,-5.339302846471237,-5.407631343239381,-5.338777184068368,-5.3875397419085695,-5.364183547973407,-5.321069006563481,-5.3759883682324405,-5.38723496858445,-5.373399504133876,-5.347768738765633,-5.3586953678567175,-5.292202284784797,-5.350775246952623,-5.325281297877559,-5.323669143759267,-5.313819851253446,-5.365393364197301,-5.26187122164459,-5.332443704552963,-5.431798275933005,-5.431798275933005,-5.431798275933005,-5.431798275933005,-5.431798275933005,-5.431798275933005,-5.431798275933005,-5.431798275933005,-5.431798275933005,-5.431798275933005,-5.431798275933005,-5.431798275933005,-5.431798275933005,-5.431798275933005,-5.431798275933005,-5.431798275933005,-5.431798275933005,-5.431798275933005,-5.431798275933005,-5.431798275933005
-5.745532840551081,-5.85595491193901,-5.986330407036015,-5.8217454828875415,-5.96382922946454,-5.848349790354141,-5.995791810442006,-5.816329901634452,-5.835283357437323,-5.8978201529088805,-5.934384156935446,-5.892239315592296,-5.989675784355722,-6.107367388017822,-5.961640346478112,-5.9480300051213355,-5.958482708830188,-5.997513116530459,-6.114165817270944,-5.949041639727732,-6.6777807052660805,-6.6777807052660805,-6.6777807052660805,-6.6777807052660805,-6.6777807052660805,-6.6777807052660805,-6.6777807052660805,-6.6777807052660805,-6.6777807052660805,-6.6777807052660805,-6.6777807052660805,-6.6777807052660805,-6.6777807052660805,-6.6777807052660805,-6.6777807052660805,-6.6777807052660805,-6.6777807052660805,-6.6777807052660805,-6.6777807052660805,-6.6777807052660805
-5.671192275477415,-5.590289151674019,-5.652916712519099,-5.61911470627499,-5.659072801855901,-5.630915128371599,-5.6353963468214685,-5.634216634775749,-5.6300886015241804,-5.696128186237108,-5.696312356379776,-5.630276531070117,-5.678338841914876,-5.630387720273842,-5.646469891781093,-5.664017341450938,-5.654937144174071,-5.6407964109467965,-5.740184637490741,-5.654950087002716,-5.698970004336019,-5.698970004336019,-5.698970004336019,-5.698970004336019,-5.698970004336019,-5.698970004336019,-5.698970004336019,-5.698970004336019,-5.698970004336019,-5.698970004336019,-5.698970004336019,-5.698970004336019,-5.698970004336019,-5.698970004336019,-5.698970004336019,-5.698970004336019,-5.698970004336019,-5.698970004336019,-5.698970004336019,-5.698970004336019
-5.791065797657488,-5.889304379304143,-6.030458107557857,-5.860839641763987,-6.01575616401813,-5.8895865411616874,-6.03781196993014,-5.8578152819492235,-5.855280919575223,-5.9273979777292585,-5.9685686839256205,-5.925515904102415,-6.010163531832094,-6.128124725201831,-5.995526335982291,-5.980292889502848,-5.996138827858102,-6.028813551791014,-6.158543070799244,-5.987149337797583,-6.657577319177793,-6.657577319177793,-6.657577319177793,-6.657577319177793,-6.657577319177793,-6.657577319177793,-6.657577319177793,-6.657577319177793,-6.657577319177793,-6.657577319177793,-6.657577319177793,-6.657577319177793,-6.657577319177793,-6.657577319177793,-6.657577319177793,-6.657577319177793,-6.657577319177793,-6.657577319177793,-6.657577319177793,-6.657577319177793
-5.7151104829796795,-5.813779474379513,-5.85332879365929,-5.76643696400604,-5.846301427634771,-5.814245026175299,-5.861701556978057,-5.719797614306907,-5.803743046057372,-5.85975797796915,-5.896400659989436,-5.852838073534839,-5.922889590591383,-5.927805432585141,-5.866051438264418,-5.874519040648083,-5.818352392565165,-5.8840830959657255,-5.974681358680592,-5.890417433964524,-6.443697499232713,-6.443697499232713,-6.443697499232713,-6.443697499232713,-6.443697499232713,-6.443697499232713,-6.443697499232713,-6.443697499232713,-6.443697499232713,-6.443697499232713,-6.443697499232713,-6.443697499232713,-6.443697499232713,-6.443697499232713,-6.443697499232713,-6.443697499232713,-6.443697499232713,-6.443697499232713,-6.443697499232713,-6.443697499232713
-5.73101476802132,-5.838915967508409,-5.92274448481593,-5.800276014231579,-5.892840392513559,-5.829863615562167,-5.929987791482176,-5.7662874184387904,-5.840270505608344,-5.899864070037389,-5.9345641191496945,-5.888754513591455,-5.977321164959451,-6.0313333149887844,-5.916072897495871,-5.921820811366708,-5.883574394259137,-5.9440369146020275,-6.0444803739824,-5.929175144670747,-6.638272163982407,-6.638272163982407,-6.638272163982407,-6.638272163982407,-6.638272163982407,-6.638272163982407,-6.638272163982407,-6.638272163982407,-6.638272163982407,-6.638272163982407,-6.638272163982407,-6.638272163982407,-6.638272163982407,-6.638272163982407,-6.638272163982407,-6.638272163982407,-6.638272163982407,-6.638272163982407,-6.638272163982407,-6.638272163982407
-6.371539981402959,-6.322372951008893,-6.246790495857424,-6.3580927321812535,-6.219142600278782,-6.15857122446396,-6.2398017686283564,-6.3775564488803935,-6.2192367747867126,-6.270433218850695,-6.262533369246605,-6.215019750461464,-6.250582507271185,-6.232074145340147,-6.232400665021559,-6.314953352282964,-6.255536324061172,-6.254025600317267,-6.178094895536771,-6.239102196490569,-6.1938200260161125,-6.1938200260161125,-6.1938200260161125,-6.1938200260161125,-6.1938200260161125,-6.1938200260161125,-6.1938200260161125,-6.1938200260161125,-6.1938200260161125,-6.1938200260161125,-6.1938200260161125,-6.1938200260161125,-6.1938200260161125,-6.1938200260161125,-6.1938200260161125,-6.1938200260161125,-6.1938200260161125,-6.1938200260161125,-6.1938200260161125,-6.1938200260161125
-6.257481337581019,-6.225556218628935,-6.427617980317054,-6.210187483357824,-6.275392754440794,-6.323916359183606,-6.357793798518704,-6.311347254671382,-6.275239341381001,-6.282904653753449,-6.316034195463003,-6.294191449581893,-6.367897509979825,-6.426118514197365,-6.387352046848249,-6.331790308948752,-6.40295653142792,-6.434847111875336,-6.539956971918984,-6.3456579468801815,-6.721246399047171,-6.721246399047171,-6.721246399047171,-6.721246399047171,-6.721246399047171,-6.721246399047171,-6.721246399047171,-6.721246399047171,-6.721246399047171,-6.721246399047171,-6.721246399047171,-6.721246399047171,-6.721246399047171,-6.721246399047171,-6.721246399047171,-6.721246399047171,-6.721246399047171,-6.721246399047171,-6.721246399047171,-6.721246399047171
-6.059148135320641,-6.008939484069565,-6.079299495865102,-6.026442205660246,-6.010252806884335,-6.180995156561047,-6.071670690852574,-6.023606841755388,-6.043127433146446,-6.194657705449502,-6.182018994984245,-6.1370924355161955,-6.249770176160539,-6.040753754827021,-6.100005369462144,-6.242565205272003,-6.140705598869336,-6.174832086308743,-6.278691327696931,-6.208214707089568,-6.2441251443275085,-6.2441251443275085,-6.2441251443275085,-6.2441251443275085,-6.2441251443275085,-6.2441251443275085,-6.2441251443275085,-6.2441251443275085,-6.2441251443275085,-6.2441251443275085,-6.2441251443275085,-6.2441251443275085,-6.2441251443275085,-6.2441251443275085,-6.2441251443275085,-6.2441251443275085,-6.2441251443275085,-6.2441251443275085,-6.2441251443275085,-6.2441251443275085
-6.010647913991862,-5.989986630481772,-5.921350065185496,-6.023146131905862,-5.8954329365863485,-6.161080424059825,-5.969384816783696,-5.924207711605886,-6.08697175789246,-6.184763922355986,-6.184187047220752,-6.104025980671673,-6.2889689618791635,-5.868082517437846,-5.992368107310064,-6.235778552979254,-6.034557985040604,-6.030866787788995,-6.167479244739227,-6.208316723561755,-6.42021640338319,-6.42021640338319,-6.42021640338319,-6.42021640338319,-6.42021640338319,-6.42021640338319,-6.42021640338319,-6.42021640338319,-6.42021640338319,-6.42021640338319,-6.42021640338319,-6.42021640338319,-6.42021640338319,-6.42021640338319,-6.42021640338319,-6.42021640338319,-6.42021640338319,-6.42021640338319,-6.42021640338319,-6.42021640338319
-5.795147613084924,-5.675121638664647,-5.79505531587791,-5.747568169658183,-5.800967800571841,-5.703921388366392,-5.790598625110721,-5.779828473356752,-5.6987769445109135,-5.8541657245926695,-5.826843792095368,-5.731306132280907,-5.8457670236119395,-5.841435348240317,-5.7924225765049036,-5.8550516425347805,-5.8577847401909295,-5.834340458368438,-5.960615125507353,-5.79727503393415,-5.853871964321762,-5.853871964321762,-5.853871964321762,-5.853871964321762,-5.853871964321762,-5.853871964321762,-5.853871964321762,-5.853871964321762,-5.853871964321762,-5.853871964321762,-5.853871964321762,-5.853871964321762,-5.853871964321762,-5.853871964321762,-5.853871964321762,-5.853871964321762,-5.853871964321762,-5.853871964321762,-5.853871964321762,-5.853871964321762
-5.923149835859928,-6.010499974744219,-6.022744143772682,-6.0019451315739465,-5.997591828235267,-6.010034905242137,-6.018568717762262,-5.959398176657321,-6.039427608293524,-6.031950439286654,-6.068535302396628,-6.022076654737985,-6.076553010513495,-6.000251675839893,-5.990412292439389,-6.034384458570391,-6.014208143937208,-6.0107501425342695,-6.044702796726739,-6.041840193377566,-6.236572006437063,-6.236572006437063,-6.236572006437063,-6.236572006437063,-6.236572006437063,-6.236572006437063,-6.236572006437063,-6.236572006437063,-6.236572006437063,-6.236572006437063,-6.236572006437063,-6.236572006437063,-6.236572006437063,-6.236572006437063,-6.236572006437063,-6.236572006437063,-6.236572006437063,-6.236572006437063,-6.236572006437063,-6.236572006437063
-5.905729938651966,-5.992494374529298,-6.028297736849282,-5.982735821347468,-6.006260299296255,-5.987256319867818,-6.021418470248947,-5.96727484175704,-6.014997382194008,-5.984017400162085,-6.024116945130448,-5.983261504815231,-6.050258678372266,-6.026506534422211,-5.992728202682559,-6.0099854597289335,-6.025345931019887,-6.012621690336028,-6.055159043259472,-6.016203345676845,-6.2076083105017466,-6.2076083105017466,-6.2076083105017466,-6.2076083105017466,-6.2076083105017466,-6.2076083105017466,-6.2076083105017466,-6.2076083105017466,-6.2076083105017466,-6.2076083105017466,-6.2076083105017466,-6.2076083105017466,-6.2076083105017466,-6.2076083105017466,-6.2076083105017466,-6.2076083105017466,-6.2076083105017466,-6.2076083105017466,-6.2076083105017466,-6.2076083105017466
-5.602710417276234,-5.674324714511177,-5.789776181026084,-5.636444046559193,-5.777075373149456,-5.669978205189046,-5.744708583555412,-5.642309283753793,-5.681272933512682,-5.735105172652143,-5.738817269137271,-5.758850826636434,-5.761093635975364,-5.858347388546868,-5.730077264942559,-5.713717565513945,-5.730931116696551,-5.752777426205714,-5.7756815242229225,-5.73846366293505,-6.356547323513812,-6.356547323513812,-6.356547323513812,-6.356547323513812,-6.356547323513812,-6.356547323513812,-6.356547323513812,-6.356547323513812,-6.356547323513812,-6.356547323513812,-6.356547323513812,-6.356547323513812,-6.356547323513812,-6.356547323513812,-6.356547323513812,-6.356547323513812,-6.356547323513812,-6.356547323513812,-6.356547323513812,-6.356547323513812
-5.787850451333264,-5.73972207911672,-5.762246933262451,-5.70622601801533,-5.741404687935913,-5.638802773012939,-5.714323076246306,-5.716994426441054,-5.726531984269858,-5.684114028847385,-5.704693881442091,-5.7000092636758195,-5.674123092395314,-5.783578215470422,-5.660272566639921,-5.6659938609463625,-5.687641753072805,-5.726120808582751,-5.592282431048782,-5.6510647328714265,-6.075720713938118,-6.075720713938118,-6.075720713938118,-6.075720713938118,-6.075720713938118,-6.075720713938118,-6.075720713938118,-6.075720713938118,-6.075720713938118,-6.075720713938118,-6.075720713938118,-6.075720713938118,-6.075720713938118,-6.075720713938118,-6.075720713938118,-6.075720713938118,-6.075720713938118,-6.075720713938118,-6.075720713938118,-6.075720713938118
-6.102101191154169,-5.5108801287479725,-5.476601419742304,-5.430733712960712,-5.444141440876916,-5.387613320121163,-5.443292829442325,-5.414371209888896,-5.424834523564951,-5.372483968699131,-5.379432804887492,-5.4154840585058475,-5.41066156558733,-5.542982808955727,-5.373687131749359,-5.442848433979471,-5.421943895612905,-5.516251841553555,-5.202307975304256,-5.3521231105531015,-5.7447274948966935,-5.7447274948966935,-5.7447274948966935,-5.7447274948966935,-5.7447274948966935,-5.7447274948966935,-5.7447274948966935,-5.7447274948966935,-5.7447274948966935,-5.7447274948966935,-5.7447274948966935,-5.7447274948966935,-5.7447274948966935,-5.7447274948966935,-5.7447274948966935,-5.7447274948966935,-5.7447274948966935,-5.7447274948966935,-5.7447274948966935,-5.7447274948966935
-6.108007670162644,-5.580617485149761,-5.519051794058968,-5.482024147579023,-5.519549606380361,-5.439963701033152,-5.4998083010990575,-5.507751655000366,-5.449319965293516,-5.336128614307142,-5.3731112880429,-5.439665252902312,-5.399602078870595,-5.53381451566148,-5.394218737903762,-5.40444411300646,-5.447417528353798,-5.501036473712131,-5.182802852581787,-5.3312720724847935,-5.920818753952375,-5.920818753952375,-5.920818753952375,-5.920818753952375,-5.920818753952375,-5.920818753952375,-5.920818753952375,-5.920818753952375,-5.920818753952375,-5.920818753952375,-5.920818753952375,-5.920818753952375,-5.920818753952375,-5.920818753952375,-5.920818753952375,-5.920818753952375,-5.920818753952375,-5.920818753952375,-5.920818753952375,-5.920818753952375
-6.1917687459860336,-5.519209252603179,-5.577533631928802,-5.428262303558166,-5.551666644540296,-5.468703165543981,-5.563324469745288,-5.437579469387107,-5.377427501281157,-5.3883499969239335,-5.395282293219575,-5.458173441706232,-5.456775553426396,-5.630073217726432,-5.464855062723116,-5.485111859576398,-5.540890643222562,-5.595823148697019,-5.358734833383497,-5.387962562364896,-5.3872161432802645,-5.3872161432802645,-5.3872161432802645,-5.3872161432802645,-5.3872161432802645,-5.3872161432802645,-5.3872161432802645,-5.3872161432802645,-5.3872161432802645,-5.3872161432802645,-5.3872161432802645,-5.3872161432802645,-5.3872161432802645,-5.3872161432802645,-5.3872161432802645,-5.3872161432802645,-5.3872161432802645,-5.3872161432802645,-5.3872161432802645,-5.3872161432802645
-6.1885399901614795,-5.557321416736102,-5.64098015164683,-5.443991489729793,-5.6031892539687025,-5.489115381189037,-5.596843344049593,-5.45998406065543,-5.392055332620007,-5.436581045059967,-5.426160374631135,-5.497948240111438,-5.418473508563316,-5.683279853892376,-5.516209169346889,-5.495586653880581,-5.571203613855336,-5.672322424349501,-5.375367806140074,-5.405877320390146,-6.2441251443275085,-6.2441251443275085,-6.2441251443275085,-6.2441251443275085,-6.2441251443275085,-6.2441251443275085,-6.2441251443275085,-6.2441251443275085,-6.2441251443275085,-6.2441251443275085,-6.2441251443275085,-6.2441251443275085,-6.2441251443275085,-6.2441251443275085,-6.2441251443275085,-6.2441251443275085,-6.2441251443275085,-6.2441251443275085,-6.2441251443275085,-6.2441251443275085
-5.861625060312256,-5.726224930896053,-5.789383067505902,-5.681686041631666,-5.777416090866812,-5.654415318114428,-5.732234069481824,-5.694965142983458,-5.701320269800124,-5.694970200020797,-5.695510875910062,-5.7013986173119715,-5.666502667401818,-5.8278628078678425,-5.694697435575728,-5.677274786139335,-5.743254474729369,-5.775414361763736,-5.645513539535177,-5.661920832276319,-5.823908740944319,-5.823908740944319,-5.823908740944319,-5.823908740944319,-5.823908740944319,-5.823908740944319,-5.823908740944319,-5.823908740944319,-5.823908740944319,-5.823908740944319,-5.823908740944319,-5.823908740944319,-5.823908740944319,-5.823908740944319,-5.823908740944319,-5.823908740944319,-5.823908740944319,-5.823908740944319,-5.823908740944319,-5.823908740944319
-6.139962204882198,-5.444164482629336,-5.505694101043709,-5.331010534390407,-5.502087540849771,-5.388114060481221,-5.484368484187471,-5.378567478648045,-5.274327513528918,-5.256884571103745,-5.270391673800324,-5.357973457038318,-5.316154383115483,-5.537632374976354,-5.3825024807937005,-5.339162758772804,-5.460012871860028,-5.491691593991106,-5.224507022949155,-5.257097642563238,-5.522878745280337,-5.522878745280337,-5.522878745280337,-5.522878745280337,-5.522878745280337,-5.522878745280337,-5.522878745280337,-5.522878745280337,-5.522878745280337,-5.522878745280337,-5.522878745280337,-5.522878745280337,-5.522878745280337,-5.522878745280337,-5.522878745280337,-5.522878745280337,-5.522878745280337,-5.522878745280337,-5.522878745280337,-5.522878745280337
-6.116869174965381,-5.547265417465973,-5.525648474512061,-5.459289006361679,-5.530235932518956,-5.480082085340545,-5.541378070248042,-5.465736675261063,-5.432296554929052,-5.370384404854377,-5.408562115501936,-5.470844414757716,-5.496059529733783,-5.545722933160999,-5.41751391573562,-5.4446796702660984,-5.503881056239522,-5.493077397116653,-5.285842891650033,-5.367085746469811,-6.0,-6.0,-6.0,-6.0,-6.0,-6.0,-6.0,-6.0,-6.0,-6.0,-6.0,-6.0,-6.0,-6.0,-6.0,-6.0,-6.0,-6.0,-6.0,-6.0
-5.566720278953919,-5.738376572056678,-5.786135080959897,-5.726757350699866,-5.783081395945658,-5.673201939251068,-5.733277390077915,-5.739606078520425,-5.735058251667554,-5.752954490229274,-5.749314146366138,-5.728216305042473,-5.692743776060282,-5.793350305417187,-5.703325245191122,-5.711990808747539,-5.735594066357749,-5.770547697452407,-5.688990313531615,-5.69965830247955,-5.721246399047171,-5.721246399047171,-5.721246399047171,-5.721246399047171,-5.721246399047171,-5.721246399047171,-5.721246399047171,-5.721246399047171,-5.721246399047171,-5.721246399047171,-5.721246399047171,-5.721246399047171,-5.721246399047171,-5.721246399047171,-5.721246399047171,-5.721246399047171,-5.721246399047171,-5.721246399047171,-5.721246399047171,-5.721246399047171
-6.197716662672573,-6.196448091114996,-6.199046213199065,-6.201535073359124,-6.169813455558082,-6.142676709780517,-6.2277487246916605,-6.1648868863298905,-6.1645034599097075,-6.198692476838101,-6.228294865430996,-6.178805904128182,-6.239804020761574,-6.230569217342603,-6.208876571994591,-6.208160619106601,-6.2064107778239705,-6.175354138213152,-6.218418449781378,-6.208706254483369,-5.958607314841775,-5.958607314841775,-5.958607314841775,-5.958607314841775,-5.958607314841775,-5.958607314841775,-5.958607314841775,-5.958607314841775,-5.958607314841775,-5.958607314841775,-5.958607314841775,-5.958607314841775,-5.958607314841775,-5.958607314841775,-5.958607314841775,-5.958607314841775,-5.958607314841775,-5.958607314841775,-5.958607314841775,-5.958607314841775
-5.719504780820762,-5.86016966089654,-5.880417066156011,-5.840091267570866,-5.836966273478459,-5.839453938406977,-5.868033670361783,-5.859891778441231,-5.892419689170185,-5.81646186024892,-5.883257389654338,-5.808692589365842,-5.901175489120731,-5.893650474704599,-5.861093543860522,-5.87108863139657,-5.882795285507013,-5.89441152740103,-5.889169229092329,-5.862808620968873,-6.259637310505756,-6.259637310505756,-6.259637310505756,-6.259637310505756,-6.259637310505756,-6.259637310505756,-6.259637310505756,-6.259637310505756,-6.259637310505756,-6.259637310505756,-6.259637310505756,-6.259637310505756,-6.259637310505756,-6.259637310505756,-6.259637310505756,-6.259637310505756,-6.259637310505756,-6.259637310505756,-6.259637310505756,-6.259637310505756
-5.747816063945058,-5.785632819324598,-5.882270037305608,-5.769777806722339,-5.823585151611728,-5.8524989338408915,-5.869741286087035,-5.727276483613457,-5.837523358986281,-5.916778975111088,-5.897166893495159,-5.8714388458704505,-5.9209000963944485,-5.90400310547106,-5.876568474360877,-5.890898107518078,-5.8732554922247795,-5.88496230937308,-5.969891629931856,-5.886639021274676,-6.086186147616283,-6.086186147616283,-6.086186147616283,-6.086186147616283,-6.086186147616283,-6.086186147616283,-6.086186147616283,-6.086186147616283,-6.086186147616283,-6.086186147616283,-6.086186147616283,-6.086186147616283,-6.086186147616283,-6.086186147616283,-6.086186147616283,-6.086186147616283,-6.086186147616283,-6.086186147616283,-6.086186147616283,-6.086186147616283
-5.754876914029572,-5.8888722661943005,-5.957338675040153,-5.881367915260763,-5.927144736335577,-5.9317342297786295,-5.96525202883946,-5.896129312248478,-5.885123348111807,-5.918265337980751,-5.951212742278305,-5.903405359589461,-5.967301891925316,-5.929810538162019,-5.903769510650839,-5.96880454983122,-5.967584204544286,-5.9616397224916975,-5.969026654643216,-5.946483904522913,-5.920818753952375,-5.920818753952375,-5.920818753952375,-5.920818753952375,-5.920818753952375,-5.920818753952375,-5.920818753952375,-5.920818753952375,-5.920818753952375,-5.920818753952375,-5.920818753952375,-5.920818753952375,-5.920818753952375,-5.920818753952375,-5.920818753952375,-5.920818753952375,-5.920818753952375,-5.920818753952375,-5.920818753952375,-5.920818753952375
-6.1201177820716985,-6.1618928884579764,-6.227924202689067,-6.119419768569605,-6.124474251067093,-6.24743929164152,-6.144194229194147,-6.107602113755286,-6.184731066460339,-6.20798044470298,-6.179094720760026,-6.23003206001768,-6.220503021977179,-6.185940844223581,-6.257412195532901,-6.210706976634599,-6.207503503628402,-6.276865243321316,-6.294764709161088,-6.221553752293213,-5.886056647693163,-5.886056647693163,-5.886056647693163,-5.886056647693163,-5.886056647693163,-5.886056647693163,-5.886056647693163,-5.886056647693163,-5.886056647693163,-5.886056647693163,-5.886056647693163,-5.886056647693163,-5.886056647693163,-5.886056647693163,-5.886056647693163,-5.886056647693163,-5.886056647693163,-5.886056647693163,-5.886056647693163,-5.886056647693163
-5.675569194473222,-5.579911966237949,-5.756151223703819,-5.565271974257692,-5.749040925142808,-5.620488735018484,-5.781919772424347,-5.672657364419873,-5.561231511325589,-5.689490946872115,-5.672994359649294,-5.598152364185092,-5.727852275939775,-5.882434514308934,-5.855828594865365,-5.714754430119893,-5.82824916952954,-5.7942163202260515,-5.983821814549729,-5.702042866532923,-5.537602002101044,-5.537602002101044,-5.537602002101044,-5.537602002101044,-5.537602002101044,-5.537602002101044,-5.537602002101044,-5.537602002101044,-5.537602002101044,-5.537602002101044,-5.537602002101044,-5.537602002101044,-5.537602002101044,-5.537602002101044,-5.537602002101044,-5.537602002101044,-5.537602002101044,-5.537602002101044,-5.537602002101044,-5.537602002101044
-5.509174603456084,-5.419174331599407,-5.5217251279414254,-5.360251864488956,-5.539037413522652,-5.492954838612219,-5.563050714593321,-5.450458597366349,-5.407326657604154,-5.53478077712771,-5.5205927778795525,-5.450733829376689,-5.564039065018016,-5.6251189915304245,-5.693849505931607,-5.505048080637143,-5.616497320132001,-5.5778722937011285,-5.7642027546183785,-5.51960994693256,-5.795880017344075,-5.795880017344075,-5.795880017344075,-5.795880017344075,-5.795880017344075,-5.795880017344075,-5.795880017344075,-5.795880017344075,-5.795880017344075,-5.795880017344075,-5.795880017344075,-5.795880017344075,-5.795880017344075,-5.795880017344075,-5.795880017344075,-5.795880017344075,-5.795880017344075,-5.795880017344075,-5.795880017344075,-5.795880017344075
-5.392117446217998,-5.599468641028364,-5.567323316845476,-5.501702319273059,-5.57033466229325,-5.482683455171804,-5.525998942904206,-5.493820653533487,-5.540555621907329,-5.5259781297026045,-5.508299530930517,-5.571482358001167,-5.520647411350343,-5.634585681396713,-5.473279187802551,-5.477671434032747,-5.5325611480145875,-5.569943560415954,-5.332333132408925,-5.428433156547552,-5.0,-5.0,-5.0,-5.0,-5.0,-5.0,-5.0,-5.0,-5.0,-5.0,-5.0,-5.0,-5.0,-5.0,-5.0,-5.0,-5.0,-5.0,-5.0,-5.0
-6.019851608806671,-5.953315925493948,-6.017484820134441,-6.019694123313431,-5.99555516159495,-5.812207319386456,-6.027191608700725,-6.026811620924865,-5.822822852902769,-6.041184538095187,-6.038767877730733,-5.910393317155613,-5.996637342774999,-6.05565470693228,-5.990022031336625,-6.064754040999003,-6.062091935040105,-6.0533407145129985,-6.004255789221498,-5.939312538769313,-5.619788758288394,-5.619788758288394,-5.619788758288394,-5.619788758288394,-5.619788758288394,-5.619788758288394,-5.619788758288394,-5.619788758288394,-5.619788758288394,-5.619788758288394,-5.619788758288394,-5.619788758288394,-5.619788758288394,-5.619788758288394,-5.619788758288394,-5.619788758288394,-5.619788758288394,-5.619788758288394,-5.619788758288394,-5.619788758288394
-5.462779728965316,-5.6592008214102885,-5.573286782636303,-5.55962817113439,-5.578213066357635,-5.517795551951702,-5.528641056197537,-5.53435222440918,-5.600128901832492,-5.549111826811451,-5.5552914469402275,-5.60958805794852,-5.525439376258932,-5.592257077924271,-5.472759124256299,-5.48768561144461,-5.491042125897425,-5.557830218677944,-5.309320900852112,-5.458773900905991,-5.568636235841013,-5.568636235841013,-5.568636235841013,-5.568636235841013,-5.568636235841013,-5.568636235841013,-5.568636235841013,-5.568636235841013,-5.568636235841013,-5.568636235841013,-5.568636235841013,-5.568636235841013,-5.568636235841013,-5.568636235841013,-5.568636235841013,-5.568636235841013,-5.568636235841013,-5.568636235841013,-5.568636235841013,-5.568636235841013
-5.602636478004277,-5.5033290652624025,-5.63240530065079,-5.562614207861012,-5.656980815852907,-5.607149564419969,-5.671203862284343,-5.550136355009449,-5.56350259236748,-5.744876335413583,-5.709348536530604,-5.605265625446742,-5.770017516859008,-5.688778001981379,-5.68655939516208,-5.733679480430285,-5.756954017942859,-5.683927494489636,-5.854045866140103,-5.688759448863607,-5.769551078621726,-5.769551078621726,-5.769551078621726,-5.769551078621726,-5.769551078621726,-5.769551078621726,-5.769551078621726,-5.769551078621726,-5.769551078621726,-5.769551078621726,-5.769551078621726,-5.769551078621726,-5.769551078621726,-5.769551078621726,-5.769551078621726,-5.769551078621726,-5.769551078621726,-5.769551078621726,-5.769551078621726,-5.769551078621726
-5.609199284805321,-5.545016242628993,-5.527777482187419,-5.548946526830531,-5.604164651540733,-5.51872572193936,-5.583745871120814,-5.612824458396505,-5.491361043134111,-5.569518949674857,-5.596803301821739,-5.46811518089732,-5.650509720412042,-5.587384277293538,-5.649125282591388,-5.60594685977968,-5.697382956338089,-5.580115530565846,-5.694810789149905,-5.555661800267005,-5.920818753952375,-5.920818753952375,-5.920818753952375,-5.920818753952375,-5.920818753952375,-5.920818753952375,-5.920818753952375,-5.920818753952375,-5.920818753952375,-5.920818753952375,-5.920818753952375,-5.920818753952375,-5.920818753952375,-5.920818753952375,-5.920818753952375,-5.920818753952375,-5.920818753952375,-5.920818753952375,-5.920818753952375,-5.920818753952375
-5.696773165249684,-5.643594420109701,-5.659146617920653,-5.651390151483978,-5.704934045960112,-5.619334162531534,-5.694151606988366,-5.691441414572853,-5.608190203922687,-5.724986540801326,-5.741646272815562,-5.610187295447406,-5.740833290779063,-5.696994892710732,-5.750631979028494,-5.72243101976258,-5.786317269567354,-5.705826302953904,-5.792492525916741,-5.687824755116406,-5.721246399047171,-5.721246399047171,-5.721246399047171,-5.721246399047171,-5.721246399047171,-5.721246399047171,-5.721246399047171,-5.721246399047171,-5.721246399047171,-5.721246399047171,-5.721246399047171,-5.721246399047171,-5.721246399047171,-5.721246399047171,-5.721246399047171,-5.721246399047171,-5.721246399047171,-5.721246399047171,-5.721246399047171,-5.721246399047171
-5.592775134493319,-5.5229656656881305,-5.618745577212102,-5.556065160924013,-5.626892280168023,-5.539064928891035,-5.617826482248625,-5.5751087250614235,-5.569675581192583,-5.68699249582967,-5.7067702670833285,-5.589220865364896,-5.691596997307901,-5.64209946465997,-5.627176279171677,-5.619714470862511,-5.675125430509181,-5.615716326556362,-5.741626728768822,-5.593084149715533,-6.443697499232713,-6.443697499232713,-6.443697499232713,-6.443697499232713,-6.443697499232713,-6.443697499232713,-6.443697499232713,-6.443697499232713,-6.443697499232713,-6.443697499232713,-6.443697499232713,-6.443697499232713,-6.443697499232713,-6.443697499232713,-6.443697499232713,-6.443697499232713,-6.443697499232713,-6.443697499232713,-6.443697499232713,-6.443697499232713
-5.225481905773214,-5.101377321861713,-5.139681050479329,-5.163708859855773,-5.213899078785554,-5.210559175199562,-5.098526451545877,-5.202991936198443,-5.146879107180377,-5.072741268923494,-5.1433364869304485,-5.088395366574319,-5.171483305814537,-4.938636922086293,-5.074783793086569,-5.089050377239338,-5.1498144182980505,-4.914828678507559,-5.140496840522331,-5.099038693274903,-4.920818753952375,-4.920818753952375,-4.920818753952375,-4.920818753952375,-4.920818753952375,-4.920818753952375,-4.920818753952375,-4.920818753952375,-4.920818753952375,-4.920818753952375,-4.920818753952375,-4.920818753952375,-4.920818753952375,-4.920818753952375,-4.920818753952375,-4.920818753952375,-4.920818753952375,-4.920818753952375,-4.920818753952375,-4.920818753952375
-5.353100664244118,-5.475867556576553,-5.572209973939087,-5.4477353914811175,-5.561434080022533,-5.517526121639828,-5.5188369163191355,-5.347130339689932,-5.482767741291535,-5.649977443108003,-5.6077218223679255,-5.603748195337543,-5.60801731895254,-5.558111127630492,-5.4854017289465,-5.588132645556028,-5.571387020251848,-5.5124682489626835,-5.551467423641366,-5.546297258789713,-5.7447274948966935,-5.7447274948966935,-5.7447274948966935,-5.7447274948966935,-5.7447274948966935,-5.7447274948966935,-5.7447274948966935,-5.7447274948966935,-5.7447274948966935,-5.7447274948966935,-5.7447274948966935,-5.7447274948966935,-5.7447274948966935,-5.7447274948966935,-5.7447274948966935,-5.7447274948966935,-5.7447274948966935,-5.7447274948966935,-5.7447274948966935,-5.7447274948966935
-5.320741094872293,-5.440760634479944,-5.506710073021813,-5.412996874361705,-5.486907445968635,-5.472712644261837,-5.472436468072126,-5.322585424125527,-5.435419203868211,-5.562564628683922,-5.536958977458111,-5.544768462959155,-5.580169632499273,-5.479104511780548,-5.4182617876251165,-5.535592949537216,-5.493706278950447,-5.41437904250905,-5.460579848914092,-5.483829188424592,-5.657577319177793,-5.657577319177793,-5.657577319177793,-5.657577319177793,-5.657577319177793,-5.657577319177793,-5.657577319177793,-5.657577319177793,-5.657577319177793,-5.657577319177793,-5.657577319177793,-5.657577319177793,-5.657577319177793,-5.657577319177793,-5.657577319177793,-5.657577319177793,-5.657577319177793,-5.657577319177793,-5.657577319177793,-5.657577319177793
-5.637065979464609,-5.566670954746027,-5.808639982809193,-5.619247866477742,-5.7824703119906244,-5.6863929163602025,-5.789639854029216,-5.621788533848749,-5.661367248903545,-5.769054379388852,-5.761643993393148,-5.717545035426041,-5.7997228812351755,-5.808039223837965,-5.7095636404366825,-5.744962321562086,-5.7948302665570255,-5.748014682187481,-5.97757044253547,-5.726537800333768,-6.251811972993799,-6.251811972993799,-6.251811972993799,-6.251811972993799,-6.251811972993799,-6.251811972993799,-6.251811972993799,-6.251811972993799,-6.251811972993799,-6.251811972993799,-6.251811972993799,-6.251811972993799,-6.251811972993799,-6.251811972993799,-6.251811972993799,-6.251811972993799,-6.251811972993799,-6.251811972993799,-6.251811972993799,-6.251811972993799
-5.288932217746635,-5.180335200045309,-5.283422090216215,-5.213441025154489,-5.29146222140349,-5.279024208725537,-5.1951049611055025,-5.2356063415497465,-5.210162838865929,-5.2290989415056135,-5.252624754182846,-5.201586812977287,-5.190578600342042,-5.11059492681686,-5.216118642832337,-5.202450446700555,-5.241752090161892,-5.147369578204952,-5.271615179037816,-5.192881428370658,-5.853871964321762,-5.853871964321762,-5.853871964321762,-5.853871964321762,-5.853871964321762,-5.853871964321762,-5.853871964321762,-5.853871964321762,-5.853871964321762,-5.853871964321762,-5.853871964321762,-5.853871964321762,-5.853871964321762,-5.853871964321762,-5.853871964321762,-5.853871964321762,-5.853871964321762,-5.853871964321762,-5.853871964321762,-5.853871964321762
-5.422356519123975,-5.48706896679889,-5.594146001861224,-5.481911340521187,-5.566431390263299,-5.532950405175669,-5.503216924939234,-5.414782772065112,-5.4492967363300036,-5.570353024298929,-5.532661610400091,-5.540882094117502,-5.501192009083049,-5.452574559422812,-5.460066974676951,-5.5665612336588035,-5.562772807214322,-5.470451110851775,-5.503045752016495,-5.498941236932289,-5.698970004336019,-5.698970004336019,-5.698970004336019,-5.698970004336019,-5.698970004336019,-5.698970004336019,-5.698970004336019,-5.698970004336019,-5.698970004336019,-5.698970004336019,-5.698970004336019,-5.698970004336019,-5.698970004336019,-5.698970004336019,-5.698970004336019,-5.698970004336019,-5.698970004336019,-5.698970004336019,-5.698970004336019,-5.698970004336019
-5.264630318925029,-5.138391705555532,-5.259908261862403,-5.2252706749871125,-5.334124054328366,-5.274402235891106,-5.2063208330414215,-5.262130761407412,-5.20251751319435,-5.176450318495875,-5.2326705588756655,-5.160588828630476,-5.2463082373820855,-5.073084482587258,-5.165013481986654,-5.1899929094878114,-5.291931530964569,-5.044252634971803,-5.304679310129677,-5.194262603941642,-5.455931955649724,-5.455931955649724,-5.455931955649724,-5.455931955649724,-5.455931955649724,-5.455931955649724,-5.455931955649724,-5.455931955649724,-5.455931955649724,-5.455931955649724,-5.455931955649724,-5.455931955649724,-5.455931955649724,-5.455931955649724,-5.455931955649724,-5.455931955649724,-5.455931955649724,-5.455931955649724,-5.455931955649724,-5.455931955649724
-5.189617639662162,-5.20011435402564,-5.145086280547258,-5.186758311730166,-5.120009140445121,-5.117291304826439,-4.980877757154246,-5.176453553537888,-5.108132184952,-5.038609836881554,-5.0295175151805,-5.06356616038915,-4.879756897644153,-4.883408938643858,-4.9642058772948605,-5.067831732261804,-4.96573180413426,-4.998508132037788,-4.7255349251726,-5.001961626332409,-5.638272163982407,-5.638272163982407,-5.638272163982407,-5.638272163982407,-5.638272163982407,-5.638272163982407,-5.638272163982407,-5.638272163982407,-5.638272163982407,-5.638272163982407,-5.638272163982407,-5.638272163982407,-5.638272163982407,-5.638272163982407,-5.638272163982407,-5.638272163982407,-5.638272163982407,-5.638272163982407,-5.638272163982407,-5.638272163982407
-5.168031975617699,-5.05274488221458,-5.135621093014043,-5.019389704662333,-5.091399622213162,-5.138122587348841,-5.010150281187401,-5.0778992657221655,-5.0254845637076135,-4.995717757239258,-4.996527488184155,-5.019286980535354,-4.9094215372234995,-4.930774980865236,-5.0774205299632955,-4.985489741277697,-5.0044349922922855,-5.030929438983927,-5.005421588146562,-4.965585227649764,-5.823908740944319,-5.823908740944319,-5.823908740944319,-5.823908740944319,-5.823908740944319,-5.823908740944319,-5.823908740944319,-5.823908740944319,-5.823908740944319,-5.823908740944319,-5.823908740944319,-5.823908740944319,-5.823908740944319,-5.823908740944319,-5.823908740944319,-5.823908740944319,-5.823908740944319,-5.823908740944319,-5.823908740944319,-5.823908740944319
-5.65621579501862,-5.570900372024601,-5.701887217394023,-5.61465658735214,-5.690937796224264,-5.599240778093853,-5.6866137710727855,-5.629446254637789,-5.631030917611066,-5.771188700800354,-5.75208308631669,-5.664727046276373,-5.749295749987543,-5.748850309245028,-5.684520398676962,-5.707809128790358,-5.742305759507923,-5.7239829429442235,-5.822073375291838,-5.669418571651153,-6.42021640338319,-6.42021640338319,-6.42021640338319,-6.42021640338319,-6.42021640338319,-6.42021640338319,-6.42021640338319,-6.42021640338319,-6.42021640338319,-6.42021640338319,-6.42021640338319,-6.42021640338319,-6.42021640338319,-6.42021640338319,-6.42021640338319,-6.42021640338319,-6.42021640338319,-6.42021640338319,-6.42021640338319,-6.42021640338319
-6.125214796603203,-6.37022714208366,-6.4761115704853776,-6.1536831716968114,-6.382005261233105,-6.337195808283485,-6.362943263167615,-6.2939163188622125,-6.119612985166083,-6.011863519207622,-6.119686181469148,-6.180704791468764,-6.149900096510214,-6.4242389419108665,-6.4126444254126875,-6.074989894453752,-6.467338475495773,-6.409470724800158,-6.378695958135692,-6.044589342292263,-5.823908740944319,-5.823908740944319,-5.823908740944319,-5.823908740944319,-5.823908740944319,-5.823908740944319,-5.823908740944319,-5.823908740944319,-5.823908740944319,-5.823908740944319,-5.823908740944319,-5.823908740944319,-5.823908740944319,-5.823908740944319,-5.823908740944319,-5.823908740944319,-5.823908740944319,-5.823908740944319,-5.823908740944319,-5.823908740944319
-6.098991009532961,-6.163826850360557,-6.37228682016716,-6.045622058365631,-6.209809945372703,-6.181537657583221,-6.3398063761824135,-6.121145127356199,-6.119018438630081,-6.168668111219766,-6.165170387749478,-6.228236046501082,-6.190782417651359,-6.493743523962602,-6.3834209931426305,-6.153222152827169,-6.23942173237379,-6.381572960388812,-6.443075203439003,-6.18275609712856,-6.327902142064283,-6.327902142064283,-6.327902142064283,-6.327902142064283,-6.327902142064283,-6.327902142064283,-6.327902142064283,-6.327902142064283,-6.327902142064283,-6.327902142064283,-6.327902142064283,-6.327902142064283,-6.327902142064283,-6.327902142064283,-6.327902142064283,-6.327902142064283,-6.327902142064283,-6.327902142064283,-6.327902142064283,-6.327902142064283
-5.686570504981289,-5.74416246954151,-5.84193594043777,-5.762103299555797,-5.853138977933237,-5.795783245990668,-5.856604701883217,-5.742673173620907,-5.827652381337287,-5.907700066686671,-5.912069138786228,-5.846583042601535,-5.947383077918829,-5.85593504156874,-5.806151906029676,-5.850917021631791,-5.888369315287699,-5.795847246791381,-5.9534447559428285,-5.848856758647711,-6.638272163982407,-6.638272163982407,-6.638272163982407,-6.638272163982407,-6.638272163982407,-6.638272163982407,-6.638272163982407,-6.638272163982407,-6.638272163982407,-6.638272163982407,-6.638272163982407,-6.638272163982407,-6.638272163982407,-6.638272163982407,-6.638272163982407,-6.638272163982407,-6.638272163982407,-6.638272163982407,-6.638272163982407,-6.638272163982407
-6.222484685764925,-6.355755366675029,-6.337501001050366,-6.281444304835717,-6.321810239303909,-6.21972846686059,-6.30478100163764,-6.339821524222343,-6.248229514655971,-6.151851296122642,-6.213612380053519,-6.215774018973935,-6.223701236062033,-6.325061533969211,-6.2985393101721945,-6.197104883612557,-6.2957109483072315,-6.287560702756111,-6.272181162840855,-6.197852416887144,-6.026872146400302,-6.026872146400302,-6.026872146400302,-6.026872146400302,-6.026872146400302,-6.026872146400302,-6.026872146400302,-6.026872146400302,-6.026872146400302,-6.026872146400302,-6.026872146400302,-6.026872146400302,-6.026872146400302,-6.026872146400302,-6.026872146400302,-6.026872146400302,-6.026872146400302,-6.026872146400302,-6.026872146400302,-6.026872146400302
-6.104885362033402,-6.194386474117535,-6.139763220207162,-6.1127454557180565,-6.101248763612831,-6.145611736671559,-6.099055107212146,-6.111855603214295,-6.148567684325601,-6.048996225415632,-6.109642807806257,-6.115923951933162,-6.142334281393675,-6.1094160810528635,-6.1707622678610194,-6.05425179439987,-6.121663932763247,-6.130091010961501,-6.153364391579451,-6.075152494544926,-6.259637310505756,-6.259637310505756,-6.259637310505756,-6.259637310505756,-6.259637310505756,-6.259637310505756,-6.259637310505756,-6.259637310505756,-6.259637310505756,-6.259637310505756,-6.259637310505756,-6.259637310505756,-6.259637310505756,-6.259637310505756,-6.259637310505756,-6.259637310505756,-6.259637310505756,-6.259637310505756,-6.259637310505756,-6.259637310505756
-6.322253344658677,-6.302672371252446,-6.245086600474614,-6.320139381743668,-6.229405825481522,-6.197094591038097,-6.24723847353394,-6.324637073016429,-6.259389805575418,-6.268745123045255,-6.266013369806679,-6.234415263601848,-6.265130402151828,-6.221229741088369,-6.227204482066004,-6.294866347722654,-6.239979236674324,-6.24131613166559,-6.211692690468257,-6.27206520672721,-6.180456064458132,-6.180456064458132,-6.180456064458132,-6.180456064458132,-6.180456064458132,-6.180456064458132,-6.180456064458132,-6.180456064458132,-6.180456064458132,-6.180456064458132,-6.180456064458132,-6.180456064458132,-6.180456064458132,-6.180456064458132,-6.180456064458132,-6.180456064458132,-6.180456064458132,-6.180456064458132,-6.180456064458132,-6.180456064458132
-5.983216919035113,-6.043542300468121,-6.317069398166363,-6.005870646570603,-6.18863450492416,-6.128996041073918,-6.289260380207015,-6.067825095377616,-6.0650995597231,-6.174626020657275,-6.1784864725985615,-6.161470979457751,-6.208317784299851,-6.436886976799529,-6.297693321659181,-6.19575281107531,-6.250057669464147,-6.332736575990938,-6.465689188266163,-6.2266273690585265,-5.958607314841775,-5.958607314841775,-5.958607314841775,-5.958607314841775,-5.958607314841775,-5.958607314841775,-5.958607314841775,-5.958607314841775,-5.958607314841775,-5.958607314841775,-5.958607314841775,-5.958607314841775,-5.958607314841775,-5.958607314841775,-5.958607314841775,-5.958607314841775,-5.958607314841775,-5.958607314841775,-5.958607314841775,-5.958607314841775
-5.925040471228332,-5.977826954531202,-6.119376823945444,-5.937551924234002,-6.05923742304528,-6.0167325854244496,-6.143676523366026,-5.986579006609038,-5.996295475868995,-6.025005393602026,-6.034822686236292,-6.0189643589983985,-6.130986486036125,-6.234801338212477,-6.146275915091156,-6.058575237428436,-6.120978506052232,-6.119132611139282,-6.290492504722369,-6.072224642601657,-5.823908740944319,-5.823908740944319,-5.823908740944319,-5.823908740944319,-5.823908740944319,-5.823908740944319,-5.823908740944319,-5.823908740944319,-5.823908740944319,-5.823908740944319,-5.823908740944319,-5.823908740944319,-5.823908740944319,-5.823908740944319,-5.823908740944319,-5.823908740944319,-5.823908740944319,-5.823908740944319,-5.823908740944319,-5.823908740944319
-5.925821774357799,-5.8486866781917595,-5.9199708594773846,-5.863802866617918,-5.904965872094908,-5.8445314364462435,-5.958877525935436,-5.945919744385852,-5.8421674612617664,-5.91935644583232,-5.8949350558155995,-5.835229408989308,-5.969312552876574,-6.027728674318223,-5.983399699585139,-5.971306725679294,-5.975812715781244,-5.974737122788494,-6.094553558291559,-5.936685858386535,-6.638272163982407,-6.638272163982407,-6.638272163982407,-6.638272163982407,-6.638272163982407,-6.638272163982407,-6.638272163982407,-6.638272163982407,-6.638272163982407,-6.638272163982407,-6.638272163982407,-6.638272163982407,-6.638272163982407,-6.638272163982407,-6.638272163982407,-6.638272163982407,-6.638272163982407,-6.638272163982407,-6.638272163982407,-6.638272163982407
-6.0888331063284795,-6.109630944514901,-5.93972093522708,-6.150397442842755,-5.965897014553953,-5.996008707428715,-5.943374707559266,-6.035802421930716,-6.136838587496647,-6.099712402348839,-6.0909885017329835,-6.091280977896868,-6.063609995323878,-5.867110449326089,-5.88175176453416,-6.063374762771233,-5.883738405623835,-5.90753451319721,-5.828237406045181,-6.054898415739664,-6.522878745280337,-6.522878745280337,-6.522878745280337,-6.522878745280337,-6.522878745280337,-6.522878745280337,-6.522878745280337,-6.522878745280337,-6.522878745280337,-6.522878745280337,-6.522878745280337,-6.522878745280337,-6.522878745280337,-6.522878745280337,-6.522878745280337,-6.522878745280337,-6.522878745280337,-6.522878745280337,-6.522878745280337,-6.522878745280337
-5.905440474485818,-5.868918200947407,-5.86666178082103,-5.931961237851971,-5.838092296962407,-5.7521306272253785,-5.8398921432333815,-5.888580605882021,-5.855742564858346,-5.944108470379388,-5.91334401865522,-5.856243602822317,-5.887543283071414,-5.908045342652743,-5.839104731505363,-5.95705927980385,-5.847208573535099,-5.896862995936848,-5.8380338032219115,-5.8787706721044986,-6.180456064458132,-6.180456064458132,-6.180456064458132,-6.180456064458132,-6.180456064458132,-6.180456064458132,-6.180456064458132,-6.180456064458132,-6.180456064458132,-6.180456064458132,-6.180456064458132,-6.180456064458132,-6.180456064458132,-6.180456064458132,-6.180456064458132,-6.180456064458132,-6.180456064458132,-6.180456064458132,-6.180456064458132,-6.180456064458132
-6.040327559330949,-6.089713485718471,-6.065011491317862,-6.091606876162,-6.036420882930842,-6.2570914660850425,-6.111948527672839,-5.963615140652952,-6.165717987269702,-6.282076904919601,-6.284137159335588,-6.239022346793263,-6.33151988602952,-5.968995044418446,-6.119752509832886,-6.242347509331202,-6.118502783716878,-6.082462403182983,-6.243707277344329,-6.278022424086819,-6.346787486224656,-6.346787486224656,-6.346787486224656,-6.346787486224656,-6.346787486224656,-6.346787486224656,-6.346787486224656,-6.346787486224656,-6.346787486224656,-6.346787486224656,-6.346787486224656,-6.346787486224656,-6.346787486224656,-6.346787486224656,-6.346787486224656,-6.346787486224656,-6.346787486224656,-6.346787486224656,-6.346787486224656,-6.346787486224656
-6.093747044482631,-6.070207364744298,-6.063833037075262,-6.083960013738758,-6.0569661433246775,-6.081342817459281,-6.097933855844849,-6.046806299981456,-6.0732421589103405,-6.149327458442273,-6.152079969891454,-6.103605727118313,-6.180801720598689,-6.046993484645676,-6.081979510306216,-6.13554723787123,-6.090203567233962,-6.057885033084231,-6.163338790382684,-6.132230328419245,-6.494850021680094,-6.494850021680094,-6.494850021680094,-6.494850021680094,-6.494850021680094,-6.494850021680094,-6.494850021680094,-6.494850021680094,-6.494850021680094,-6.494850021680094,-6.494850021680094,-6.494850021680094,-6.494850021680094,-6.494850021680094,-6.494850021680094,-6.494850021680094,-6.494850021680094,-6.494850021680094,-6.494850021680094,-6.494850021680094
-5.818830080778617,-5.858007639668491,-5.941198962424497,-5.84221097945152,-5.893424939141635,-5.9832924641658245,-5.9807782924080195,-5.786344541988541,-5.930398208635972,-6.045094984779796,-6.054232734688601,-5.998467295426849,-6.107959124335494,-5.968045772281506,-5.994790688405644,-6.007439820501537,-5.961246628743631,-5.94330845677924,-6.147939728930488,-6.037680551727708,-6.267606240177032,-6.267606240177032,-6.267606240177032,-6.267606240177032,-6.267606240177032,-6.267606240177032,-6.267606240177032,-6.267606240177032,-6.267606240177032,-6.267606240177032,-6.267606240177032,-6.267606240177032,-6.267606240177032,-6.267606240177032,-6.267606240177032,-6.267606240177032,-6.267606240177032,-6.267606240177032,-6.267606240177032,-6.267606240177032
-6.277323595779822,-6.3060368756864165,-6.2416880544543325,-6.316973446516328,-6.261314124295228,-6.191133022215329,-6.251000477249059,-6.319924811511385,-6.286875501111271,-6.236369388358594,-6.250801434463778,-6.2358100024645955,-6.265482786719841,-6.2313124292502655,-6.1860870620774735,-6.245044560796899,-6.251968465887949,-6.1996531501745,-6.188559654284303,-6.241403163124211,-6.008773924307505,-6.008773924307505,-6.008773924307505,-6.008773924307505,-6.008773924307505,-6.008773924307505,-6.008773924307505,-6.008773924307505,-6.008773924307505,-6.008773924307505,-6.008773924307505,-6.008773924307505,-6.008773924307505,-6.008773924307505,-6.008773924307505,-6.008773924307505,-6.008773924307505,-6.008773924307505,-6.008773924307505,-6.008773924307505
-5.50256983212998,-5.571568001673446,-5.89037092121199,-5.204260421543336,-5.492055342736318,-5.847531999681792,-5.712859873185498,-5.224594401324354,-5.437916279837956,-5.638684035381919,-5.29041116588257,-5.864679695616372,-5.5547004801342,-5.896765967797665,-6.060342617956478,-5.398128546264313,-5.533997452764302,-5.926366448306428,-5.84711034501855,-5.497041631645961,-6.0,-6.0,-6.0,-6.0,-6.0,-6.0,-6.0,-6.0,-6.0,-6.0,-6.0,-6.0,-6.0,-6.0,-6.0,-6.0,-6.0,-6.0,-6.0,-6.0
-6.311367532100745,-6.4694186593259895,-6.610566190813294,-6.277487205091938,-6.382564638930958,-6.5099925237702685,-6.507268389252219,-6.309823989839772,-6.4069134059674155,-6.332773847322763,-6.253747443876993,-6.485876386994336,-6.399365969762297,-6.599337834891244,-6.645979308105176,-6.278407414730336,-6.476778924295781,-6.588252797951873,-6.598930084420275,-6.325800679940301,-6.275724130399211,-6.275724130399211,-6.275724130399211,-6.275724130399211,-6.275724130399211,-6.275724130399211,-6.275724130399211,-6.275724130399211,-6.275724130399211,-6.275724130399211,-6.275724130399211,-6.275724130399211,-6.275724130399211,-6.275724130399211,-6.275724130399211,-6.275724130399211,-6.275724130399211,-6.275724130399211,-6.275724130399211,-6.275724130399211
-6.327087500674162,-6.502775580828804,-6.603307042769386,-6.320001503942976,-6.37800527765756,-6.536013546320902,-6.521896488513277,-6.314814045615934,-6.4547091172343976,-6.397252383040168,-6.261622295063349,-6.543327273924689,-6.455388782637052,-6.558410950406661,-6.625977861891643,-6.312364228521138,-6.465626669783556,-6.562032861395444,-6.570511650824347,-6.360248428950319,-6.0,-6.0,-6.0,-6.0,-6.0,-6.0,-6.0,-6.0,-6.0,-6.0,-6.0,-6.0,-6.0,-6.0,-6.0,-6.0,-6.0,-6.0,-6.0,-6.0
-6.065184590508139,-6.0639625354776525,-6.016803428085313,-6.090533513584704,-6.006831530853894,-5.972717658776524,-6.020493835473236,-6.051156594820182,-5.995431049481808,-6.05722585371445,-6.040410379805028,-6.006372548365528,-6.036331077391109,-6.023787335750221,-6.019467782218579,-6.093056391701732,-6.032431801535652,-6.0483885587180675,-6.0047309391995425,-6.027481011570427,-6.1938200260161125,-6.1938200260161125,-6.1938200260161125,-6.1938200260161125,-6.1938200260161125,-6.1938200260161125,-6.1938200260161125,-6.1938200260161125,-6.1938200260161125,-6.1938200260161125,-6.1938200260161125,-6.1938200260161125,-6.1938200260161125,-6.1938200260161125,-6.1938200260161125,-6.1938200260161125,-6.1938200260161125,-6.1938200260161125,-6.1938200260161125,-6.1938200260161125
-5.732376442833656,-5.777191289614257,-6.016196341965426,-5.77029773361303,-5.919104937791976,-5.895802160326348,-6.013978558658597,-5.797547675236881,-5.844716734464792,-5.995262613743931,-6.006471106946472,-5.939809867644266,-6.038799201713354,-6.074852813571559,-5.992707868289357,-5.963818338853647,-6.013143708213366,-5.987916362101901,-6.174464045781012,-5.9766053735609255,-6.167491087293763,-6.167491087293763,-6.167491087293763,-6.167491087293763,-6.167491087293763,-6.167491087293763,-6.167491087293763,-6.167491087293763,-6.167491087293763,-6.167491087293763,-6.167491087293763,-6.167491087293763,-6.167491087293763,-6.167491087293763,-6.167491087293763,-6.167491087293763,-6.167491087293763,-6.167491087293763,-6.167491087293763,-6.167491087293763
-5.584128615715042,-5.484810437453551,-5.627871743962247,-5.49531762294149,-5.622843328322375,-5.5847721726570345,-5.657585072244951,-5.537565778350473,-5.504578820531152,-5.672701138028557,-5.649533414838496,-5.572790959783576,-5.675222004160014,-5.667800891371529,-5.686032819900312,-5.6622049897482665,-5.6911443421190295,-5.653858248346268,-5.805219508193166,-5.646347573400155,-6.2441251443275085,-6.2441251443275085,-6.2441251443275085,-6.2441251443275085,-6.2441251443275085,-6.2441251443275085,-6.2441251443275085,-6.2441251443275085,-6.2441251443275085,-6.2441251443275085,-6.2441251443275085,-6.2441251443275085,-6.2441251443275085,-6.2441251443275085,-6.2441251443275085,-6.2441251443275085,-6.2441251443275085,-6.2441251443275085,-6.2441251443275085,-6.2441251443275085
-5.919294926373226,-5.793162087617627,-5.7739214249983775,-5.8323640770242795,-5.81776886479345,-5.781002215591191,-5.7799864097772495,-5.8753722738839045,-5.766044112051389,-5.862683592325202,-5.82523106713791,-5.758584411547482,-5.261166942779844,-5.802178700637463,-5.835743200148339,-5.881559179080554,-5.853352141305594,-5.838408249852523,-5.8958219836705785,-5.838270528956599,-5.823908740944319,-5.823908740944319,-5.823908740944319,-5.823908740944319,-5.823908740944319,-5.823908740944319,-5.823908740944319,-5.823908740944319,-5.823908740944319,-5.823908740944319,-5.823908740944319,-5.823908740944319,-5.823908740944319,-5.823908740944319,-5.823908740944319,-5.823908740944319,-5.823908740944319,-5.823908740944319,-5.823908740944319,-5.823908740944319
-5.8733729542231465,-5.883745594663579,-5.958238793551288,-5.853631667553463,-5.925335815846279,-5.942241925583133,-5.941904327521129,-5.877365909170225,-5.892439690544774,-5.915803159567476,-5.929228015253876,-5.9004957473546575,-5.381718796117756,-6.008202815730797,-6.02449407873815,-5.931372599031139,-6.008866811413358,-5.9806356606249,-6.117443792082509,-5.935177346634451,-6.167491087293763,-6.167491087293763,-6.167491087293763,-6.167491087293763,-6.167491087293763,-6.167491087293763,-6.167491087293763,-6.167491087293763,-6.167491087293763,-6.167491087293763,-6.167491087293763,-6.167491087293763,-6.167491087293763,-6.167491087293763,-6.167491087293763,-6.167491087293763,-6.167491087293763,-6.167491087293763,-6.167491087293763,-6.167491087293763
-5.903418209685516,-5.912869035855848,-6.014973618131258,-5.891687403490622,-5.980531776989158,-5.957524620117258,-5.989367867641315,-5.930580625775112,-5.918934254589851,-5.93441897338114,-5.944953453355932,-5.918376400095431,-5.385220615150786,-6.070568856124883,-6.054875290461768,-5.962641993422772,-6.049409179579858,-6.028054078857494,-6.149028933162246,-5.967461014870904,-6.008773924307505,-6.008773924307505,-6.008773924307505,-6.008773924307505,-6.008773924307505,-6.008773924307505,-6.008773924307505,-6.008773924307505,-6.008773924307505,-6.008773924307505,-6.008773924307505,-6.008773924307505,-6.008773924307505,-6.008773924307505,-6.008773924307505,-6.008773924307505,-6.008773924307505,-6.008773924307505,-6.008773924307505,-6.008773924307505
-5.88135508217421,-5.824648042014316,-5.878423178861726,-5.893612415836878,-5.869070883514183,-5.773695091034708,-5.87734080349766,-5.864017346777669,-5.81127903872618,-5.943692825470111,-5.93506028990811,-5.845551987141164,-5.9092048440958145,-5.917513593731513,-5.8509440699260145,-5.946945223214027,-5.908761209213635,-5.89220797907114,-5.921309102005135,-5.875289634639102,-6.356547323513812,-6.356547323513812,-6.356547323513812,-6.356547323513812,-6.356547323513812,-6.356547323513812,-6.356547323513812,-6.356547323513812,-6.356547323513812,-6.356547323513812,-6.356547323513812,-6.356547323513812,-6.356547323513812,-6.356547323513812,-6.356547323513812,-6.356547323513812,-6.356547323513812,-6.356547323513812,-6.356547323513812,-6.356547323513812
-5.95033911956793,-5.906903176843369,-5.847975994403257,-5.945537075928593,-5.932300029881089,-5.851308181589729,-5.875923827976686,-5.907301022677455,-5.872676458235723,-5.967448969985611,-5.916566018835891,-5.874910495580975,-5.988961267324507,-5.90455213783664,-5.869950858134922,-6.004702886864162,-5.939874540767938,-5.899931847346401,-5.961108182835764,-5.95525537886763,-6.187086643357144,-6.187086643357144,-6.187086643357144,-6.187086643357144,-6.187086643357144,-6.187086643357144,-6.187086643357144,-6.187086643357144,-6.187086643357144,-6.187086643357144,-6.187086643357144,-6.187086643357144,-6.187086643357144,-6.187086643357144,-6.187086643357144,-6.187086643357144,-6.187086643357144,-6.187086643357144,-6.187086643357144,-6.187086643357144
-5.909342368964684,-5.943565063027786,-5.862232532951863,-5.895459593850743,-5.852301779675199,-5.898642816899018,-5.835771807534887,-5.863335066162608,-5.93940060793172,-5.924440158438075,-5.914249269858652,-5.924109218651213,-5.914295174878035,-5.835743151864569,-5.8790922825869,-5.870421415666784,-5.8388057679497525,-5.87323051584068,-5.82210458567219,-5.881501292292165,-6.136677139879544,-6.136677139879544,-6.136677139879544,-6.136677139879544,-6.136677139879544,-6.136677139879544,-6.136677139879544,-6.136677139879544,-6.136677139879544,-6.136677139879544,-6.136677139879544,-6.136677139879544,-6.136677139879544,-6.136677139879544,-6.136677139879544,-6.136677139879544,-6.136677139879544,-6.136677139879544,-6.136677139879544,-6.136677139879544
-5.917946637141273,-5.989316786927341,-6.023329580537939,-5.963812318359976,-5.977005442825012,-6.023192511949414,-6.042552894244087,-5.920673831342452,-6.031247463871086,-6.080142176131988,-6.108257699499389,-6.061707511487329,-6.128159624890537,-6.024252809893126,-6.03242745157072,-6.036565469456268,-6.016774597607172,-5.998691888778507,-6.107284135645976,-6.057667905724495,-6.301029995663981,-6.301029995663981,-6.301029995663981,-6.301029995663981,-6.301029995663981,-6.301029995663981,-6.301029995663981,-6.301029995663981,-6.301029995663981,-6.301029995663981,-6.301029995663981,-6.301029995663981,-6.301029995663981,-6.301029995663981,-6.301029995663981,-6.301029995663981,-6.301029995663981,-6.301029995663981,-6.301029995663981,-6.301029995663981
-6.124707223147636,-6.182456639768321,-6.151257383517719,-6.158709865667921,-6.122293548102731,-6.250121509415018,-6.173271737615437,-6.099035677911443,-6.207021741733292,-6.220884374277245,-6.2431409743842705,-6.225266263553636,-6.301806194448882,-6.098955814227307,-6.189729013495583,-6.21585340820012,-6.178113469970977,-6.150079451466613,-6.264732322594125,-6.243274849890605,-6.309803919971486,-6.309803919971486,-6.309803919971486,-6.309803919971486,-6.309803919971486,-6.309803919971486,-6.309803919971486,-6.309803919971486,-6.309803919971486,-6.309803919971486,-6.309803919971486,-6.309803919971486,-6.309803919971486,-6.309803919971486,-6.309803919971486,-6.309803919971486,-6.309803919971486,-6.309803919971486,-6.309803919971486,-6.309803919971486
-5.891997006552539,-5.8449715152956685,-5.6928029149394295,-5.818932804668615,-5.763187793078314,-5.757357995788843,-5.77823695974662,-5.87246975491287,-5.798945285917475,-5.755271458956277,-5.761033795697348,-5.76473202189433,-5.789740763272598,-5.7911175519105,-5.788100948365753,-5.782243166667218,-5.716540394490691,-5.765780009771733,-5.765776080366253,-5.755214638031864,-5.443697499232713,-5.443697499232713,-5.443697499232713,-5.443697499232713,-5.443697499232713,-5.443697499232713,-5.443697499232713,-5.443697499232713,-5.443697499232713,-5.443697499232713,-5.443697499232713,-5.443697499232713,-5.443697499232713,-5.443697499232713,-5.443697499232713,-5.443697499232713,-5.443697499232713,-5.443697499232713,-5.443697499232713,-5.443697499232713
-5.294487031682148,-5.239315537438174,-5.252733138589402,-5.260015180844114,-5.148017493326471,-5.186023228946518,-5.125026440412231,-5.295059519886602,-5.287533406286563,-5.147309051311749,-5.1492351984685785,-5.158976962770412,-5.193816490076211,-5.083326066714883,-5.063786813357226,-5.183861049012146,-5.067840902294728,-5.105960813675632,-4.948799859408701,-5.132574063705509,-6.173925197299174,-6.173925197299174,-6.173925197299174,-6.173925197299174,-6.173925197299174,-6.173925197299174,-6.173925197299174,-6.173925197299174,-6.173925197299174,-6.173925197299174,-6.173925197299174,-6.173925197299174,-6.173925197299174,-6.173925197299174,-6.173925197299174,-6.173925197299174,-6.173925197299174,-6.173925197299174,-6.173925197299174,-6.173925197299174
-5.786897031277185,-5.820204460623858,-5.5877587839188765,-5.776512736592327,-5.754778725793251,-5.708446510462688,-5.751908476775291,-5.822012791448249,-5.7748953105973975,-5.6850151031643525,-5.708802146137563,-5.716126244549489,-5.691464486339427,-5.76020125925377,-5.722178561015913,-5.7155593768507025,-5.671686871042865,-5.741032736562467,-5.654135070195078,-5.702059821985495,-6.0,-6.0,-6.0,-6.0,-6.0,-6.0,-6.0,-6.0,-6.0,-6.0,-6.0,-6.0,-6.0,-6.0,-6.0,-6.0,-6.0,-6.0,-6.0,-6.0
-5.453087278688972,-5.408270400342175,-5.351023415356407,-5.422555089481685,-5.284202603527487,-5.335365225404815,-5.284645598367876,-5.46904201406609,-5.4179563248589435,-5.24420781894487,-5.275146290258472,-5.286011026510703,-5.365822217689493,-5.205145460179227,-5.213686225135523,-5.327805753523768,-5.206312372915335,-5.20456048048474,-5.107429459236017,-5.281295925014098,-6.075720713938118,-6.075720713938118,-6.075720713938118,-6.075720713938118,-6.075720713938118,-6.075720713938118,-6.075720713938118,-6.075720713938118,-6.075720713938118,-6.075720713938118,-6.075720713938118,-6.075720713938118,-6.075720713938118,-6.075720713938118,-6.075720713938118,-6.075720713938118,-6.075720713938118,-6.075720713938118,-6.075720713938118,-6.075720713938118
-5.419248488630494,-5.327096368524913,-5.371128842040653,-5.374970523813729,-5.419029379456742,-5.399231403822163,-5.417210164388626,-5.4037192817927595,-5.405254790431112,-5.433195484131795,-5.426264425246104,-5.372395030137722,-5.4973419234316,-5.394500211762075,-5.374987197897741,-5.4475083424818544,-5.441312709686118,-5.384704009284852,-5.494978160379546,-5.403785638179112,-5.537602002101044,-5.537602002101044,-5.537602002101044,-5.537602002101044,-5.537602002101044,-5.537602002101044,-5.537602002101044,-5.537602002101044,-5.537602002101044,-5.537602002101044,-5.537602002101044,-5.537602002101044,-5.537602002101044,-5.537602002101044,-5.537602002101044,-5.537602002101044,-5.537602002101044,-5.537602002101044,-5.537602002101044,-5.537602002101044
-5.280203692953608,-5.188246493135144,-5.24396934418506,-5.231188597578894,-5.177435715403039,-5.18500036134029,-5.1662285951033935,-5.28887536631007,-5.2204074200042285,-5.122506321850276,-5.133379075908897,-5.130416538891241,-5.23644463299912,-5.116343010100191,-5.088600257166796,-5.201050152251604,-5.126788406880283,-5.1086367219230775,-5.065655550923473,-5.136224336239279,-6.2441251443275085,-6.2441251443275085,-6.2441251443275085,-6.2441251443275085,-6.2441251443275085,-6.2441251443275085,-6.2441251443275085,-6.2441251443275085,-6.2441251443275085,-6.2441251443275085,-6.2441251443275085,-6.2441251443275085,-6.2441251443275085,-6.2441251443275085,-6.2441251443275085,-6.2441251443275085,-6.2441251443275085,-6.2441251443275085,-6.2441251443275085,-6.2441251443275085
-5.959418762566958,-5.9068718224970524,-5.922856566088686,-5.948621788588014,-5.923786874502085,-5.926842321860542,-5.982912370534599,-5.923521258849019,-5.908620547239238,-6.009085353702052,-6.020331277319236,-5.938419430194627,-6.016578201693528,-5.941046383297098,-5.977211137352433,-6.054534149814484,-6.006015556002781,-5.95631663445571,-6.0742678633403155,-6.018698551525804,-6.259637310505756,-6.259637310505756,-6.259637310505756,-6.259637310505756,-6.259637310505756,-6.259637310505756,-6.259637310505756,-6.259637310505756,-6.259637310505756,-6.259637310505756,-6.259637310505756,-6.259637310505756,-6.259637310505756,-6.259637310505756,-6.259637310505756,-6.259637310505756,-6.259637310505756,-6.259637310505756,-6.259637310505756,-6.259637310505756
-6.0313481782587814,-5.925564488584863,-5.952999599724844,-5.96763362608979,-5.954409985573135,-5.921920644023083,-6.010030966183925,-5.99112682633772,-5.8993757485868645,-5.961951236062086,-5.9499858230835985,-5.905570233904398,-6.000936355925019,-6.014269332400901,-6.020129039010129,-6.0567485246821935,-6.028351660412882,-5.992834751444145,-6.1233715133703575,-6.006163397029361,-6.0,-6.0,-6.0,-6.0,-6.0,-6.0,-6.0,-6.0,-6.0,-6.0,-6.0,-6.0,-6.0,-6.0,-6.0,-6.0,-6.0,-6.0,-6.0,-6.0
-5.903310814841357,-5.96914808432275,-6.133273055208075,-5.938763331368603,-6.047695618305865,-6.07742526682227,-6.13605184572736,-5.922252208294693,-6.013381140175202,-6.136262947529588,-6.150897326154192,-6.112005694392485,-6.198562156572318,-6.181803967319047,-6.149129773304257,-6.133711486094836,-6.118649733216851,-6.1358916591063455,-6.324194645409705,-6.155896788129134,-6.0,-6.0,-6.0,-6.0,-6.0,-6.0,-6.0,-6.0,-6.0,-6.0,-6.0,-6.0,-6.0,-6.0,-6.0,-6.0,-6.0,-6.0,-6.0,-6.0
-5.65235743232947,-5.595141053078451,-5.589578075384638,-5.614138782289062,-5.597809862159639,-5.649659397464062,-5.5527337543749145,-5.59499206808381,-5.666273374766972,-5.725373540696876,-5.724761744264321,-5.655279222631829,-5.745246245907533,-5.576206689179145,-5.628484131633858,-5.6686920996796655,-5.630683601209759,-5.593897491220964,-5.69940659893895,-5.667390680934449,-5.853871964321762,-5.853871964321762,-5.853871964321762,-5.853871964321762,-5.853871964321762,-5.853871964321762,-5.853871964321762,-5.853871964321762,-5.853871964321762,-5.853871964321762,-5.853871964321762,-5.853871964321762,-5.853871964321762,-5.853871964321762,-5.853871964321762,-5.853871964321762,-5.853871964321762,-5.853871964321762,-5.853871964321762,-5.853871964321762
-5.614713716900735,-5.5147800345985525,-5.604825654726506,-5.507328456424697,-5.589109655903214,-5.5916261215235705,-5.499986348258307,-5.554079854546431,-5.5334104968626585,-5.617452616744708,-5.601542514447295,-5.5608563651513325,-5.583774084614796,-5.574301383920563,-5.6343864398732535,-5.578825654937029,-5.591924137768285,-5.6045504821478085,-5.705469736732256,-5.580693301518423,-5.853871964321762,-5.853871964321762,-5.853871964321762,-5.853871964321762,-5.853871964321762,-5.853871964321762,-5.853871964321762,-5.853871964321762,-5.853871964321762,-5.853871964321762,-5.853871964321762,-5.853871964321762,-5.853871964321762,-5.853871964321762,-5.853871964321762,-5.853871964321762,-5.853871964321762,-5.853871964321762,-5.853871964321762,-5.853871964321762
-5.7414726764748725,-5.711400790983388,-5.778047144030309,-5.699092106098889,-5.75518862444826,-5.744041329737622,-5.6720360393093,-5.721664417982182,-5.731875101041708,-5.785398826351926,-5.79566517368071,-5.746949534470904,-5.785253966141382,-5.773255598202524,-5.796526158027035,-5.740210337507928,-5.76949532517275,-5.7698158213658495,-5.851399676396192,-5.752975529052832,-6.0,-6.0,-6.0,-6.0,-6.0,-6.0,-6.0,-6.0,-6.0,-6.0,-6.0,-6.0,-6.0,-6.0,-6.0,-6.0,-6.0,-6.0,-6.0,-6.0
-5.558180711109393,-5.493225073644074,-5.539842782384292,-5.509622649208031,-5.552259318554403,-5.567360533300052,-5.488894970234964,-5.509567042225514,-5.572060125574065,-5.64189655610576,-5.642134881442391,-5.565672329706442,-5.651540820962305,-5.533846452086562,-5.577286658996789,-5.572624080661108,-5.591270973548278,-5.537992123219073,-5.6694297001005305,-5.576271890268691,-5.920818753952375,-5.920818753952375,-5.920818753952375,-5.920818753952375,-5.920818753952375,-5.920818753952375,-5.920818753952375,-5.920818753952375,-5.920818753952375,-5.920818753952375,-5.920818753952375,-5.920818753952375,-5.920818753952375,-5.920818753952375,-5.920818753952375,-5.920818753952375,-5.920818753952375,-5.920818753952375,-5.920818753952375,-5.920818753952375
-6.407372662710709,-6.409870284830295,-6.323058214662017,-6.43883995749472,-6.318515747407736,-6.225455371777962,-6.3210498414704634,-6.432938956248949,-6.299981217757404,-6.28760558477878,-6.291354583472236,-6.2618071883627415,-6.276965341288544,-6.313686885336449,-6.288295255636422,-6.349298351601964,-6.320669701786424,-6.308042796057508,-6.219530918199343,-6.2865161489699215,-6.568636235841013,-6.568636235841013,-6.568636235841013,-6.568636235841013,-6.568636235841013,-6.568636235841013,-6.568636235841013,-6.568636235841013,-6.568636235841013,-6.568636235841013,-6.568636235841013,-6.568636235841013,-6.568636235841013,-6.568636235841013,-6.568636235841013,-6.568636235841013,-6.568636235841013,-6.568636235841013,-6.568636235841013,-6.568636235841013
-5.946138195907143,-5.9258729835006685,-5.913119077364172,-5.936519901614543,-5.893639695667773,-5.938757317714165,-5.916151549619829,-5.90532233354112,-5.932220062102774,-6.004480141875593,-6.010193009614596,-5.950933684247658,-6.019696204046841,-5.901062212004681,-5.954769415731986,-5.993615244383308,-5.954100211136004,-5.94891733438276,-5.994149233191585,-5.970098790930434,-6.167491087293763,-6.167491087293763,-6.167491087293763,-6.167491087293763,-6.167491087293763,-6.167491087293763,-6.167491087293763,-6.167491087293763,-6.167491087293763,-6.167491087293763,-6.167491087293763,-6.167491087293763,-6.167491087293763,-6.167491087293763,-6.167491087293763,-6.167491087293763,-6.167491087293763,-6.167491087293763,-6.167491087293763,-6.167491087293763
-6.051393439888504,-5.909666275892688,-5.821558216264762,-5.956236522546966,-5.840678163563612,-5.87220143874242,-5.862600812426418,-5.952151695549255,-5.841304231937973,-6.03529851872741,-5.989317213404688,-5.902831115030996,-6.01781105270704,-5.8243378738126,-5.917965484157386,-6.039942643559068,-5.923082531076114,-5.9086110932548515,-5.943296929437548,-5.9590733867300845,-6.2076083105017466,-6.2076083105017466,-6.2076083105017466,-6.2076083105017466,-6.2076083105017466,-6.2076083105017466,-6.2076083105017466,-6.2076083105017466,-6.2076083105017466,-6.2076083105017466,-6.2076083105017466,-6.2076083105017466,-6.2076083105017466,-6.2076083105017466,-6.2076083105017466,-6.2076083105017466,-6.2076083105017466,-6.2076083105017466,-6.2076083105017466,-6.2076083105017466
-6.084262229675963,-5.996183516196768,-6.017859196652748,-6.052951625318852,-6.019172022559362,-5.939884249365087,-6.037480833755322,-6.075359971054812,-5.9739247475192885,-6.092841575771054,-6.076915684015972,-6.002616125849273,-6.085502261023062,-6.032683737614614,-6.001725756048261,-6.091001349338312,-6.050129568593028,-6.025158057803379,-6.0819795805178085,-6.038914736291111,-6.585026652029182,-6.585026652029182,-6.585026652029182,-6.585026652029182,-6.585026652029182,-6.585026652029182,-6.585026652029182,-6.585026652029182,-6.585026652029182,-6.585026652029182,-6.585026652029182,-6.585026652029182,-6.585026652029182,-6.585026652029182,-6.585026652029182,-6.585026652029182,-6.585026652029182,-6.585026652029182,-6.585026652029182,-6.585026652029182
-5.973566621201183,-6.009468942925072,-6.078045708057485,-5.970110252111655,-6.012843969780433,-5.985556012465025,-6.0364518003941985,-5.992037431706403,-6.007864149738313,-5.988819595467563,-6.007981696992738,-6.023590778826061,-5.981810452287851,-6.087382498772978,-6.068775766123083,-5.965003937865227,-5.9951270138838755,-6.066550988608955,-6.040813303050597,-5.986940553889485,-6.055517327849832,-6.055517327849832,-6.055517327849832,-6.055517327849832,-6.055517327849832,-6.055517327849832,-6.055517327849832,-6.055517327849832,-6.055517327849832,-6.055517327849832,-6.055517327849832,-6.055517327849832,-6.055517327849832,-6.055517327849832,-6.055517327849832,-6.055517327849832,-6.055517327849832,-6.055517327849832,-6.055517327849832,-6.055517327849832
-5.69185425558422,-5.791540541728979,-5.910533592157321,-5.696631164541494,-5.830141994146046,-5.794553250697334,-5.8787881072878765,-5.673787988555918,-5.718998557935297,-5.82698811111762,-5.785640883606324,-5.861403805798851,-5.78862978403838,-5.950983581671688,-5.863223070867208,-5.824186672745364,-5.802770107891304,-5.882805522131806,-5.8879360826959335,-5.800378518415564,-6.221848749616356,-6.221848749616356,-6.221848749616356,-6.221848749616356,-6.221848749616356,-6.221848749616356,-6.221848749616356,-6.221848749616356,-6.221848749616356,-6.221848749616356,-6.221848749616356,-6.221848749616356,-6.221848749616356,-6.221848749616356,-6.221848749616356,-6.221848749616356,-6.221848749616356,-6.221848749616356,-6.221848749616356,-6.221848749616356
-6.19369918487166,-6.221569663604867,-6.148216949292834,-6.211887319624184,-6.202811629556331,-6.150564591821275,-6.16477299735037,-6.183609887141975,-6.152867278480197,-6.137017197611601,-6.19745696940176,-6.158766226043338,-6.181472353008739,-6.0900341649622485,-6.130322708176689,-6.156124069152088,-6.1303789061849,-6.110149990898064,-6.1615416495355975,-6.184626406158579,-6.2441251443275085,-6.2441251443275085,-6.2441251443275085,-6.2441251443275085,-6.2441251443275085,-6.2441251443275085,-6.2441251443275085,-6.2441251443275085,-6.2441251443275085,-6.2441251443275085,-6.2441251443275085,-6.2441251443275085,-6.2441251443275085,-6.2441251443275085,-6.2441251443275085,-6.2441251443275085,-6.2441251443275085,-6.2441251443275085,-6.2441251443275085,-6.2441251443275085
-5.443890436202748,-5.374907494663257,-5.440511720176958,-5.382678549883727,-5.486542395826235,-5.458169606712391,-5.4740712440854065,-5.368712267462014,-5.435926014343138,-5.567171729948205,-5.558636156955311,-5.447002735857164,-5.607389203491007,-5.49484665181847,-5.544958312604649,-5.511927885306859,-5.597708023151878,-5.489295907498138,-5.666784210736642,-5.486479975015504,-5.4089353929735005,-5.4089353929735005,-5.4089353929735005,-5.4089353929735005,-5.4089353929735005,-5.4089353929735005,-5.4089353929735005,-5.4089353929735005,-5.4089353929735005,-5.4089353929735005,-5.4089353929735005,-5.4089353929735005,-5.4089353929735005,-5.4089353929735005,-5.4089353929735005,-5.4089353929735005,-5.4089353929735005,-5.4089353929735005,-5.4089353929735005,-5.4089353929735005
-5.98099815834304,-6.022349599213572,-5.998196836165017,-5.980166350661756,-6.028624353824891,-5.964081061976122,-5.962468229168502,-5.9853394486243,-5.973271008242239,-5.920295187855295,-6.000784249472705,-5.969506778524309,-5.982614749212794,-5.967478809295306,-5.990928607596531,-5.913425132752777,-5.953163958592358,-5.957061825515284,-6.018216980845901,-5.963262521462901,-6.017728766960432,-6.017728766960432,-6.017728766960432,-6.017728766960432,-6.017728766960432,-6.017728766960432,-6.017728766960432,-6.017728766960432,-6.017728766960432,-6.017728766960432,-6.017728766960432,-6.017728766960432,-6.017728766960432,-6.017728766960432,-6.017728766960432,-6.017728766960432,-6.017728766960432,-6.017728766960432,-6.017728766960432,-6.017728766960432
-6.054933943184008,-6.146416735780005,-6.212280847879557,-6.138875421913802,-6.164311107695434,-6.11041405029951,-6.21947149878335,-6.153447999217255,-6.164971568463362,-6.097602522576338,-6.154610953414112,-6.109462185634575,-6.208504833429536,-6.2736089527196155,-6.162242024091154,-6.206387537885519,-6.192658651508713,-6.214541668889372,-6.264180173012831,-6.191192278653657,-5.795880017344075,-5.795880017344075,-5.795880017344075,-5.795880017344075,-5.795880017344075,-5.795880017344075,-5.795880017344075,-5.795880017344075,-5.795880017344075,-5.795880017344075,-5.795880017344075,-5.795880017344075,-5.795880017344075,-5.795880017344075,-5.795880017344075,-5.795880017344075,-5.795880017344075,-5.795880017344075,-5.795880017344075,-5.795880017344075
-5.49570214574619,-5.541541830393585,-5.678529002835304,-5.518639008563559,-5.61505567779155,-5.56535597241135,-5.630887733600805,-5.54211113422278,-5.598834915211653,-5.622530387027986,-5.622187620765256,-5.590926986976471,-5.64070957833206,-5.727969591829304,-5.629080036189981,-5.599008908779456,-5.669429519605736,-5.655609060700752,-5.657911108735141,-5.582432518718463,-6.0,-6.0,-6.0,-6.0,-6.0,-6.0,-6.0,-6.0,-6.0,-6.0,-6.0,-6.0,-6.0,-6.0,-6.0,-6.0,-6.0,-6.0,-6.0,-6.0
-5.632298859691888,-5.643583490674835,-5.762307343941693,-5.699645575793008,-5.744300397096982,-5.623911518833078,-5.731290572785407,-5.682297047547503,-5.689602916485983,-5.807421015624755,-5.793021777519609,-5.705091050834822,-5.752069592979949,-5.792372330301141,-5.696140385374123,-5.752770272838747,-5.760653507755134,-5.76483123407457,-5.795839100207316,-5.708455767745341,-6.154901959985743,-6.154901959985743,-6.154901959985743,-6.154901959985743,-6.154901959985743,-6.154901959985743,-6.154901959985743,-6.154901959985743,-6.154901959985743,-6.154901959985743,-6.154901959985743,-6.154901959985743,-6.154901959985743,-6.154901959985743,-6.154901959985743,-6.154901959985743,-6.154901959985743,-6.154901959985743,-6.154901959985743,-6.154901959985743
-5.522958118134014,-5.55840794592582,-5.598024260622974,-5.530172832199228,-5.531567204392243,-5.547445701929974,-5.563231954329148,-5.540405893365229,-5.588917780902123,-5.5582165012502385,-5.5750024890402585,-5.540751117036871,-5.58793424087872,-5.621012620507946,-5.560596449561729,-5.5908313919185515,-5.5578119659224505,-5.611990108285705,-5.5206184577599755,-5.562041196491363,-5.823908740944319,-5.823908740944319,-5.823908740944319,-5.823908740944319,-5.823908740944319,-5.823908740944319,-5.823908740944319,-5.823908740944319,-5.823908740944319,-5.823908740944319,-5.823908740944319,-5.823908740944319,-5.823908740944319,-5.823908740944319,-5.823908740944319,-5.823908740944319,-5.823908740944319,-5.823908740944319,-5.823908740944319,-5.823908740944319
-6.123721708603642,-6.211773057159798,-6.200824835851263,-6.202396899909293,-6.178083414231206,-6.221862657015171,-6.219853643094625,-6.166394652884,-6.218610103667668,-6.211002718852596,-6.242158302718981,-6.192108360456331,-6.266504089855317,-6.152689849129594,-6.202438052684115,-6.237928543384702,-6.243735401354744,-6.199725117011321,-6.257309851261399,-6.2434163196453545,-6.0,-6.0,-6.0,-6.0,-6.0,-6.0,-6.0,-6.0,-6.0,-6.0,-6.0,-6.0,-6.0,-6.0,-6.0,-6.0,-6.0,-6.0,-6.0,-6.0
-5.825335000726079,-5.869165651996153,-6.00384480204185,-5.8599000327945765,-5.96209352893003,-5.900483899982419,-5.999516789877566,-5.889421304521308,-5.885811669998098,-5.928250223219093,-5.963873163515658,-5.897525624111153,-5.995949879434081,-6.055585815069357,-6.010409080787062,-5.941843527687063,-6.017992234337106,-5.990055236689301,-6.127148314811915,-5.952890762636228,-5.508638306165727,-5.508638306165727,-5.508638306165727,-5.508638306165727,-5.508638306165727,-5.508638306165727,-5.508638306165727,-5.508638306165727,-5.508638306165727,-5.508638306165727,-5.508638306165727,-5.508638306165727,-5.508638306165727,-5.508638306165727,-5.508638306165727,-5.508638306165727,-5.508638306165727,-5.508638306165727,-5.508638306165727,-5.508638306165727
-5.507172632990082,-5.548802818281098,-5.671710495351113,-5.546170647111842,-5.643982236146052,-5.588754461171635,-5.629804568291439,-5.54773471123519,-5.60721555363802,-5.68008058302125,-5.666900818855919,-5.6164738107549885,-5.6535999155987415,-5.694644029473176,-5.643083699133253,-5.624105702966609,-5.683194615491767,-5.652789414785731,-5.706531329853535,-5.615626544143563,-5.6777807052660805,-5.6777807052660805,-5.6777807052660805,-5.6777807052660805,-5.6777807052660805,-5.6777807052660805,-5.6777807052660805,-5.6777807052660805,-5.6777807052660805,-5.6777807052660805,-5.6777807052660805,-5.6777807052660805,-5.6777807052660805,-5.6777807052660805,-5.6777807052660805,-5.6777807052660805,-5.6777807052660805,-5.6777807052660805,-5.6777807052660805,-5.6777807052660805
-5.579793608285527,-5.7195919370027255,-5.7535836636921145,-5.6629316658794435,-5.785215766521117,-5.6421842354238825,-5.711460423793172,-5.644295693757917,-5.605424975741235,-5.666701016842299,-5.70003372413481,-5.698945707442247,-5.662072619768677,-5.787520996819861,-5.667730307980888,-5.6956062000542,-5.6661151601423,-5.766788280186416,-5.680531034881004,-5.678923641715903,-5.823908740944319,-5.823908740944319,-5.823908740944319,-5.823908740944319,-5.823908740944319,-5.823908740944319,-5.823908740944319,-5.823908740944319,-5.823908740944319,-5.823908740944319,-5.823908740944319,-5.823908740944319,-5.823908740944319,-5.823908740944319,-5.823908740944319,-5.823908740944319,-5.823908740944319,-5.823908740944319,-5.823908740944319,-5.823908740944319
-5.67230609747244,-5.6085944191490364,-5.5761474288977295,-5.633307341152488,-5.601095250931939,-5.551697769903097,-5.576765237024688,-5.644800093369365,-5.5939433318013565,-5.630426562561283,-5.637532368333879,-5.558670803517832,-5.631956218493426,-5.5817100785399,-5.5893284386180015,-5.6276278611031225,-5.6153410853309955,-5.602691917520518,-5.58083086723344,-5.577446704149412,-5.920818753952375,-5.920818753952375,-5.920818753952375,-5.920818753952375,-5.920818753952375,-5.920818753952375,-5.920818753952375,-5.920818753952375,-5.920818753952375,-5.920818753952375,-5.920818753952375,-5.920818753952375,-5.920818753952375,-5.920818753952375,-5.920818753952375,-5.920818753952375,-5.920818753952375,-5.920818753952375,-5.920818753952375,-5.920818753952375
-5.8539487424617525,-5.803741926193238,-5.755283417007539,-5.81368564848248,-5.7868041304436835,-5.7571681372697086,-5.788076817505465,-5.820439924539327,-5.775603972745935,-5.826912639507327,-5.83390525920184,-5.752093747413612,-5.835917167847574,-5.762023028373983,-5.809872298533044,-5.830188707952006,-5.8185936892808225,-5.786179506613059,-5.817885703376042,-5.800723584003927,-5.769551078621726,-5.769551078621726,-5.769551078621726,-5.769551078621726,-5.769551078621726,-5.769551078621726,-5.769551078621726,-5.769551078621726,-5.769551078621726,-5.769551078621726,-5.769551078621726,-5.769551078621726,-5.769551078621726,-5.769551078621726,-5.769551078621726,-5.769551078621726,-5.769551078621726,-5.769551078621726,-5.769551078621726,-5.769551078621726
-6.100043436908903,-6.129417076928636,-6.080762491758029,-6.129829352176492,-6.079414885225857,-6.092293212886418,-6.057779599265414,-6.106837576400675,-6.114048223762895,-6.09377448646517,-6.103002540840101,-6.087032062190006,-6.092755536224534,-6.041629920744158,-6.066989376320081,-6.094078597661329,-6.081265975509606,-6.076259308962358,-6.060593173917195,-6.087190473056157,-5.920818753952375,-5.920818753952375,-5.920818753952375,-5.920818753952375,-5.920818753952375,-5.920818753952375,-5.920818753952375,-5.920818753952375,-5.920818753952375,-5.920818753952375,-5.920818753952375,-5.920818753952375,-5.920818753952375,-5.920818753952375,-5.920818753952375,-5.920818753952375,-5.920818753952375,-5.920818753952375,-5.920818753952375,-5.920818753952375
-5.9620243681488345,-6.02452340461466,-5.966958243733597,-6.009658859741257,-5.951830057288245,-5.92596761418758,-5.962564812643479,-6.007826634392584,-5.954582947097579,-6.017392076465945,-5.996341844468315,-5.949971848287348,-6.005075963378154,-5.970783741789927,-5.973517606609997,-6.035265621298073,-5.987332261441855,-6.010827306418709,-5.956893665604683,-5.973952851253379,-5.522878745280337,-5.522878745280337,-5.522878745280337,-5.522878745280337,-5.522878745280337,-5.522878745280337,-5.522878745280337,-5.522878745280337,-5.522878745280337,-5.522878745280337,-5.522878745280337,-5.522878745280337,-5.522878745280337,-5.522878745280337,-5.522878745280337,-5.522878745280337,-5.522878745280337,-5.522878745280337,-5.522878745280337,-5.522878745280337
-5.893606985404275,-5.9140726250317215,-6.069941278431556,-5.917536698932894,-5.995313663840694,-5.976021261837265,-6.028446537331786,-5.926986664060453,-5.955228468034793,-6.022882805447924,-6.010162189185458,-5.997221584756463,-6.027408793427575,-6.108213927832755,-6.026235219056289,-6.024141605001364,-6.033657054451822,-6.076290406131368,-6.1027380942113325,-6.043088418386486,-5.823908740944319,-5.823908740944319,-5.823908740944319,-5.823908740944319,-5.823908740944319,-5.823908740944319,-5.823908740944319,-5.823908740944319,-5.823908740944319,-5.823908740944319,-5.823908740944319,-5.823908740944319,-5.823908740944319,-5.823908740944319,-5.823908740944319,-5.823908740944319,-5.823908740944319,-5.823908740944319,-5.823908740944319,-5.823908740944319
-6.446862830918107,-6.541935874954682,-6.459717386609341,-6.4983964009478346,-6.436557996646002,-6.413245602002067,-6.4552451860880975,-6.518105823463005,-6.435987723862014,-6.3504427988478716,-6.3905993757586295,-6.39685481851934,-6.3917710402412125,-6.405451125666647,-6.40922253294512,-6.3856970563425035,-6.449002469720289,-6.416914463229974,-6.355765723682342,-6.3627968569596485,-5.920818753952375,-5.920818753952375,-5.920818753952375,-5.920818753952375,-5.920818753952375,-5.920818753952375,-5.920818753952375,-5.920818753952375,-5.920818753952375,-5.920818753952375,-5.920818753952375,-5.920818753952375,-5.920818753952375,-5.920818753952375,-5.920818753952375,-5.920818753952375,-5.920818753952375,-5.920818753952375,-5.920818753952375,-5.920818753952375
-5.101955393809759,-5.1921738673329125,-5.195208579203331,-5.2997254633947755,-5.416580142238031,-5.170125012279778,-4.995373971752106,-5.314151942248116,-5.024790952617295,-5.001977626091128,-4.928431006216154,-5.142331799595323,-5.016593173546136,-5.098342253501658,-5.211596753677048,-5.0410719613197035,-5.122850265550427,-5.2186514011050384,-5.090915397906405,-4.872111571170534,-5.958607314841775,-5.958607314841775,-5.958607314841775,-5.958607314841775,-5.958607314841775,-5.958607314841775,-5.958607314841775,-5.958607314841775,-5.958607314841775,-5.958607314841775,-5.958607314841775,-5.958607314841775,-5.958607314841775,-5.958607314841775,-5.958607314841775,-5.958607314841775,-5.958607314841775,-5.958607314841775,-5.958607314841775,-5.958607314841775
-5.504151741658286,-5.521342462468947,-5.609322131549852,-5.7274228114253996,-5.342247112711131,-5.639488995720631,-5.509720531151456,-5.852138656692375,-5.51580461593065,-5.564595424302645,-5.491384446808024,-5.62280949140897,-4.957844153001971,-5.618432611140462,-5.661041935550294,-5.2910837975128855,-5.175282931981518,-5.6610357170793275,-5.102052582949926,-5.553535029839419,-6.075720713938118,-6.075720713938118,-6.075720713938118,-6.075720713938118,-6.075720713938118,-6.075720713938118,-6.075720713938118,-6.075720713938118,-6.075720713938118,-6.075720713938118,-6.075720713938118,-6.075720713938118,-6.075720713938118,-6.075720713938118,-6.075720713938118,-6.075720713938118,-6.075720713938118,-6.075720713938118,-6.075720713938118,-6.075720713938118
-5.105034691573318,-5.0100346673658915,-5.169513531993544,-4.961066300369453,-5.018783066270609,-5.094465573297261,-5.076874125269735,-5.073417294942104,-5.054846699565031,-5.03286473880907,-5.033518837945422,-4.992274664494743,-5.021891693784638,-5.059175956259369,-5.085472714412905,-4.862589003515584,-4.821080188728589,-5.133421000471027,-4.908972991404755,-5.029447744758766,-5.356547323513812,-5.356547323513812,-5.356547323513812,-5.356547323513812,-5.356547323513812,-5.356547323513812,-5.356547323513812,-5.356547323513812,-5.356547323513812,-5.356547323513812,-5.356547323513812,-5.356547323513812,-5.356547323513812,-5.356547323513812,-5.356547323513812,-5.356547323513812,-5.356547323513812,-5.356547323513812,-5.356547323513812,-5.356547323513812
-5.00086616987815,-5.08730673797309,-5.024824772068371,-5.5221693163547725,-5.050866784506794,-5.007955770439267,-4.760839849199106,-5.619695209964332,-4.863325748064104,-4.789492677997205,-4.691255991862795,-4.9874052313423745,-4.904503440830181,-4.8971427745917655,-5.011319479177537,-5.0981108559638475,-5.07148713607419,-5.076570631026135,-4.9825350189619915,-4.678446771099105,-6.113509274827519,-6.113509274827519,-6.113509274827519,-6.113509274827519,-6.113509274827519,-6.113509274827519,-6.113509274827519,-6.113509274827519,-6.113509274827519,-6.113509274827519,-6.113509274827519,-6.113509274827519,-6.113509274827519,-6.113509274827519,-6.113509274827519,-6.113509274827519,-6.113509274827519,-6.113509274827519,-6.113509274827519,-6.113509274827519
-5.581123766131961,-5.465977605793267,-5.663535086349807,-4.951245125855226,-4.838932026547203,-5.587361381208496,-5.7233590329950825,-4.992053708119971,-5.495720292392648,-5.617952112137018,-5.633667554128097,-5.508581217122158,-5.147447566556737,-5.746719780089995,-5.756654190249631,-4.842987697989721,-4.760088389744324,-5.670219389134207,-4.972580723163085,-5.661357732259284,-5.508638306165727,-5.508638306165727,-5.508638306165727,-5.508638306165727,-5.508638306165727,-5.508638306165727,-5.508638306165727,-5.508638306165727,-5.508638306165727,-5.508638306165727,-5.508638306165727,-5.508638306165727,-5.508638306165727,-5.508638306165727,-5.508638306165727,-5.508638306165727,-5.508638306165727,-5.508638306165727,-5.508638306165727,-5.508638306165727
-5.26603611568059,-5.144375289631221,-5.350870395965955,-5.1647412146411895,-4.8703383236111,-5.306849680316318,-5.3135679064883234,-5.18801762757104,-5.251398014897042,-5.335610628812273,-5.348746020318959,-5.24101427402648,-5.024978015483576,-5.264975426063661,-5.301077471083469,-4.870072384572436,-4.876112194057486,-5.293239486732047,-4.99488973589523,-5.308487301397798,-5.769551078621726,-5.769551078621726,-5.769551078621726,-5.769551078621726,-5.769551078621726,-5.769551078621726,-5.769551078621726,-5.769551078621726,-5.769551078621726,-5.769551078621726,-5.769551078621726,-5.769551078621726,-5.769551078621726,-5.769551078621726,-5.769551078621726,-5.769551078621726,-5.769551078621726,-5.769551078621726,-5.769551078621726,-5.769551078621726
-5.4099460314498895,-5.287412507075817,-5.463769292331015,-5.131537742313478,-5.248852942853735,-5.446380438410087,-5.403368383302523,-5.175071265535362,-5.325714812666347,-5.3690969532303585,-5.384366674077732,-5.350537225096038,-5.056684687608149,-5.321396978982035,-5.408709483361295,-4.947386929166784,-4.98007853072264,-5.356753672655535,-5.060387681434376,-5.365288392715185,-5.251811972993799,-5.251811972993799,-5.251811972993799,-5.251811972993799,-5.251811972993799,-5.251811972993799,-5.251811972993799,-5.251811972993799,-5.251811972993799,-5.251811972993799,-5.251811972993799,-5.251811972993799,-5.251811972993799,-5.251811972993799,-5.251811972993799,-5.251811972993799,-5.251811972993799,-5.251811972993799,-5.251811972993799,-5.251811972993799
-5.324384181655291,-5.201175250656294,-5.379762861235756,-5.1297585369639345,-5.109775198846311,-5.3693862984588545,-5.320951253954147,-5.115247002799154,-5.260014779543394,-5.318842865530956,-5.3079119495295375,-5.2816839850974775,-4.981070077707575,-5.253674749445038,-5.312199839591674,-4.941444790240536,-4.913591325696737,-5.2862617222136095,-5.027694325043041,-5.29857627959437,-5.958607314841775,-5.958607314841775,-5.958607314841775,-5.958607314841775,-5.958607314841775,-5.958607314841775,-5.958607314841775,-5.958607314841775,-5.958607314841775,-5.958607314841775,-5.958607314841775,-5.958607314841775,-5.958607314841775,-5.958607314841775,-5.958607314841775,-5.958607314841775,-5.958607314841775,-5.958607314841775,-5.958607314841775,-5.958607314841775
-5.086224879140705,-5.1164697539305495,-5.142691829549582,-5.39377813381841,-5.269686034107182,-5.168722770713695,-4.966850674638731,-5.497524860596681,-4.939945472006084,-4.8507845644404135,-4.802889632662818,-5.077192119807696,-4.978421480328623,-5.085502049411423,-5.213426766790989,-5.225046767913768,-5.129469941296551,-5.134567500262485,-5.0181825815749255,-4.830251294372757,-5.657577319177793,-5.657577319177793,-5.657577319177793,-5.657577319177793,-5.657577319177793,-5.657577319177793,-5.657577319177793,-5.657577319177793,-5.657577319177793,-5.657577319177793,-5.657577319177793,-5.657577319177793,-5.657577319177793,-5.657577319177793,-5.657577319177793,-5.657577319177793,-5.657577319177793,-5.657577319177793,-5.657577319177793,-5.657577319177793
-5.24297438550087,-5.136093320907684,-5.142518989316028,-5.095007663831295,-5.2730768630632125,-5.189194716766379,-5.0404236912394325,-5.02634327327141,-5.15311899566734,-5.140787518427715,-5.159976209411766,-5.117121126435302,-5.012949917814639,-4.999403322150284,-5.1385806137796255,-5.039180876300823,-5.022719532268864,-5.047661865083966,-5.1111921384685495,-5.081473274481723,-5.853871964321762,-5.853871964321762,-5.853871964321762,-5.853871964321762,-5.853871964321762,-5.853871964321762,-5.853871964321762,-5.853871964321762,-5.853871964321762,-5.853871964321762,-5.853871964321762,-5.853871964321762,-5.853871964321762,-5.853871964321762,-5.853871964321762,-5.853871964321762,-5.853871964321762,-5.853871964321762,-5.853871964321762,-5.853871964321762
-5.1415624288760435,-5.20064711016195,-5.264580466632622,-5.545814570997897,-5.319454221865267,-5.220592045955217,-5.060019410641105,-5.651320729194193,-5.0126755664625176,-4.933548497044283,-4.862004564729531,-5.160693176253548,-5.001762983868339,-5.2248925846596395,-5.304014795859115,-5.197037917028972,-5.100571885966873,-5.282024530245775,-4.983602922868748,-4.899234998392692,-6.0,-6.0,-6.0,-6.0,-6.0,-6.0,-6.0,-6.0,-6.0,-6.0,-6.0,-6.0,-6.0,-6.0,-6.0,-6.0,-6.0,-6.0,-6.0,-6.0
-5.031743004085994,-5.154089071578732,-5.161687611808502,-5.299979712221144,-5.408611502481805,-5.056615577733362,-4.881005062307244,-5.404817948257515,-4.861302731903936,-4.807600909394156,-4.699688394796672,-5.034639203192464,-5.019331240029832,-5.0675051691687605,-5.163747212223401,-5.040254732848256,-5.074372627605111,-5.225086535010313,-5.038724693913502,-4.659461473620118,-5.823908740944319,-5.823908740944319,-5.823908740944319,-5.823908740944319,-5.823908740944319,-5.823908740944319,-5.823908740944319,-5.823908740944319,-5.823908740944319,-5.823908740944319,-5.823908740944319,-5.823908740944319,-5.823908740944319,-5.823908740944319,-5.823908740944319,-5.823908740944319,-5.823908740944319,-5.823908740944319,-5.823908740944319,-5.823908740944319
-5.670638679079236,-5.698855499446176,-5.837570446832043,-5.986912317614097,-5.499634040989651,-5.833460227106291,-5.750956002177973,-6.164574825152824,-5.734666964489306,-5.79649802743175,-5.733896402460546,-5.823966147888001,-5.0149011869650115,-5.865107819426874,-5.859571953570156,-5.418084895365398,-5.266289582539676,-5.887949144335111,-5.174072907475845,-5.811931180376443,-5.958607314841775,-5.958607314841775,-5.958607314841775,-5.958607314841775,-5.958607314841775,-5.958607314841775,-5.958607314841775,-5.958607314841775,-5.958607314841775,-5.958607314841775,-5.958607314841775,-5.958607314841775,-5.958607314841775,-5.958607314841775,-5.958607314841775,-5.958607314841775,-5.958607314841775,-5.958607314841775,-5.958607314841775,-5.958607314841775
-5.493853363259923,-5.529666779150312,-5.531636357580494,-5.392481307338175,-5.376031329476966,-5.577535871023104,-5.3934970622690965,-5.404172110288374,-5.559872248262013,-5.525661021251855,-5.461671366703325,-5.609662205159154,-5.476601411953191,-5.526135754988696,-5.575843653345152,-5.433479897222544,-5.342609993958703,-5.5797525126597876,-5.3500344847996075,-5.49143811138466,-5.229147988357856,-5.229147988357856,-5.229147988357856,-5.229147988357856,-5.229147988357856,-5.229147988357856,-5.229147988357856,-5.229147988357856,-5.229147988357856,-5.229147988357856,-5.229147988357856,-5.229147988357856,-5.229147988357856,-5.229147988357856,-5.229147988357856,-5.229147988357856,-5.229147988357856,-5.229147988357856,-5.229147988357856,-5.229147988357856
-5.813095979674073,-5.803873533077185,-5.7779682531191545,-5.762605620245954,-5.745538054639192,-5.754859207939429,-5.726474276186617,-5.783260350769321,-5.856160067838953,-5.7303958944719,-5.751809692314964,-5.794367985258524,-5.804345977330059,-5.783322157236416,-5.766575497513798,-5.692448675628627,-5.686943022773178,-5.709437919406237,-5.681602852606624,-5.756375460716341,-5.638272163982407,-5.638272163982407,-5.638272163982407,-5.638272163982407,-5.638272163982407,-5.638272163982407,-5.638272163982407,-5.638272163982407,-5.638272163982407,-5.638272163982407,-5.638272163982407,-5.638272163982407,-5.638272163982407,-5.638272163982407,-5.638272163982407,-5.638272163982407,-5.638272163982407,-5.638272163982407,-5.638272163982407,-5.638272163982407
-5.340373033992542,-5.374098742932116,-5.432382643425209,-5.156019221024632,-5.2235004433092955,-5.449003881444044,-5.279183193873178,-5.227950790153468,-5.345556079771588,-5.30582602803233,-5.265324534114893,-5.4653020750754004,-5.305757383665232,-5.429796124405689,-5.513340025277875,-5.17403735506181,-5.184280951481156,-5.431650336261205,-5.234047486002105,-5.248427119716291,-5.7447274948966935,-5.7447274948966935,-5.7447274948966935,-5.7447274948966935,-5.7447274948966935,-5.7447274948966935,-5.7447274948966935,-5.7447274948966935,-5.7447274948966935,-5.7447274948966935,-5.7447274948966935,-5.7447274948966935,-5.7447274948966935,-5.7447274948966935,-5.7447274948966935,-5.7447274948966935,-5.7447274948966935,-5.7447274948966935,-5.7447274948966935,-5.7447274948966935
-5.412503192860755,-5.409236763516507,-5.619288314179349,-5.469005693359867,-5.62772873092001,-5.492961245286776,-5.587187699641902,-5.458428175700634,-5.527328768843905,-5.561983578066998,-5.549415509688128,-5.5155727195367,-5.589474990096847,-5.626796769618453,-5.477262424998563,-5.5384792314965665,-5.6269442486796395,-5.539500664254938,-5.660645198893822,-5.515680461330159,-5.958607314841775,-5.958607314841775,-5.958607314841775,-5.958607314841775,-5.958607314841775,-5.958607314841775,-5.958607314841775,-5.958607314841775,-5.958607314841775,-5.958607314841775,-5.958607314841775,-5.958607314841775,-5.958607314841775,-5.958607314841775,-5.958607314841775,-5.958607314841775,-5.958607314841775,-5.958607314841775,-5.958607314841775,-5.958607314841775
-5.536948150623191,-5.487659879524102,-5.545222573052694,-5.565851461738099,-5.672501634841422,-5.51794003342331,-5.541997847228408,-5.591386127943238,-5.59277596196888,-5.5810450576332995,-5.601866686309074,-5.5589117553655445,-5.686157219923562,-5.566535773986345,-5.4280322136895505,-5.561595345025714,-5.616017861019648,-5.412264403311472,-5.538694470068067,-5.605025074251268,-5.4089353929735005,-5.4089353929735005,-5.4089353929735005,-5.4089353929735005,-5.4089353929735005,-5.4089353929735005,-5.4089353929735005,-5.4089353929735005,-5.4089353929735005,-5.4089353929735005,-5.4089353929735005,-5.4089353929735005,-5.4089353929735005,-5.4089353929735005,-5.4089353929735005,-5.4089353929735005,-5.4089353929735005,-5.4089353929735005,-5.4089353929735005,-5.4089353929735005
-5.383805605938067,-5.382116597452832,-5.424007412274998,-5.412196654782853,-5.4892010683763806,-5.377264670483549,-5.3702902079797035,-5.428461971732261,-5.479064314995308,-5.420756423010575,-5.421832887624589,-5.413506158260965,-5.409492375045405,-5.399534113053218,-5.30260422380082,-5.34854024824953,-5.394787854435309,-5.311382891244776,-5.28592178840932,-5.387635450909703,-5.7447274948966935,-5.7447274948966935,-5.7447274948966935,-5.7447274948966935,-5.7447274948966935,-5.7447274948966935,-5.7447274948966935,-5.7447274948966935,-5.7447274948966935,-5.7447274948966935,-5.7447274948966935,-5.7447274948966935,-5.7447274948966935,-5.7447274948966935,-5.7447274948966935,-5.7447274948966935,-5.7447274948966935,-5.7447274948966935,-5.7447274948966935,-5.7447274948966935
-5.518563293114294,-5.50983750137081,-5.593975695267439,-5.5526644614714815,-5.684985370882789,-5.534628446165066,-5.572376031737776,-5.577335921865945,-5.611295775621912,-5.614075743489886,-5.640009045387931,-5.590585560573368,-5.65873527715377,-5.602330082715687,-5.485590626104319,-5.535893166694632,-5.638603721224999,-5.466472091663229,-5.576900312061283,-5.57960406361271,-5.522878745280337,-5.522878745280337,-5.522878745280337,-5.522878745280337,-5.522878745280337,-5.522878745280337,-5.522878745280337,-5.522878745280337,-5.522878745280337,-5.522878745280337,-5.522878745280337,-5.522878745280337,-5.522878745280337,-5.522878745280337,-5.522878745280337,-5.522878745280337,-5.522878745280337,-5.522878745280337,-5.522878745280337,-5.522878745280337
-5.485460259267248,-5.616086729040499,-5.694656282377763,-5.645937725192772,-5.72417303828058,-5.5861885550267205,-5.697598641228375,-5.507780818028729,-5.588584945758382,-5.724248733402699,-5.722090280651117,-5.6114213564601965,-5.733387175746017,-5.750435988517383,-5.7218588749645924,-5.722378730077637,-5.783185420704178,-5.731999472628992,-5.828507307797589,-5.658113071815585,-5.958607314841775,-5.958607314841775,-5.958607314841775,-5.958607314841775,-5.958607314841775,-5.958607314841775,-5.958607314841775,-5.958607314841775,-5.958607314841775,-5.958607314841775,-5.958607314841775,-5.958607314841775,-5.958607314841775,-5.958607314841775,-5.958607314841775,-5.958607314841775,-5.958607314841775,-5.958607314841775,-5.958607314841775,-5.958607314841775
-5.50730553158477,-5.466484455242948,-5.506669906266874,-5.515518850029893,-5.618781560001417,-5.477349867424147,-5.4794650034516,-5.56076841503509,-5.544499415379683,-5.556820004120641,-5.568697871364297,-5.532634943820149,-5.612441303910334,-5.53171446575614,-5.406221018504648,-5.514381820659971,-5.553600733749177,-5.409235440061275,-5.475323726090618,-5.551839545675817,-6.0,-6.0,-6.0,-6.0,-6.0,-6.0,-6.0,-6.0,-6.0,-6.0,-6.0,-6.0,-6.0,-6.0,-6.0,-6.0,-6.0,-6.0,-6.0,-6.0
-5.582794192173044,-5.596296495231106,-5.6366592781115665,-5.5893452057571675,-5.717230582297336,-5.544061253319642,-5.585102750445456,-5.644211098521027,-5.660500672132329,-5.671926631766059,-5.696303019704047,-5.659285671575637,-5.645746346228325,-5.673774209166887,-5.5303959190360645,-5.5533712819722325,-5.620960928324336,-5.567793960366723,-5.55505293282257,-5.605909462093875,-5.769551078621726,-5.769551078621726,-5.769551078621726,-5.769551078621726,-5.769551078621726,-5.769551078621726,-5.769551078621726,-5.769551078621726,-5.769551078621726,-5.769551078621726,-5.769551078621726,-5.769551078621726,-5.769551078621726,-5.769551078621726,-5.769551078621726,-5.769551078621726,-5.769551078621726,-5.769551078621726,-5.769551078621726,-5.769551078621726
-6.128462814990758,-6.145298431626064,-6.082431222360976,-6.1873492114187805,-6.119423942161331,-6.071698511325665,-6.057388900784692,-6.137066362801406,-6.191832956537413,-6.122641457685475,-6.160839629638566,-6.125655093983558,-6.113661756891597,-6.032912007038653,-6.013713559052809,-6.1063156906893035,-6.039767604979536,-6.042657072870294,-6.0089156456493855,-6.14539234383922,-5.356547323513812,-5.356547323513812,-5.356547323513812,-5.356547323513812,-5.356547323513812,-5.356547323513812,-5.356547323513812,-5.356547323513812,-5.356547323513812,-5.356547323513812,-5.356547323513812,-5.356547323513812,-5.356547323513812,-5.356547323513812,-5.356547323513812,-5.356547323513812,-5.356547323513812,-5.356547323513812,-5.356547323513812,-5.356547323513812
-5.317997656366813,-5.284249549273742,-5.4245186826640595,-5.328077571910138,-5.493729568166875,-5.360175400998225,-5.359421614068166,-5.287845737047959,-5.318220417033612,-5.3923755982038,-5.420593810358366,-5.377262020463251,-5.384377962802428,-5.320002934151505,-5.280422221136704,-5.359180457802171,-5.374855601688115,-5.2841823664224234,-5.4683304813027265,-5.358520784681327,-5.853871964321762,-5.853871964321762,-5.853871964321762,-5.853871964321762,-5.853871964321762,-5.853871964321762,-5.853871964321762,-5.853871964321762,-5.853871964321762,-5.853871964321762,-5.853871964321762,-5.853871964321762,-5.853871964321762,-5.853871964321762,-5.853871964321762,-5.853871964321762,-5.853871964321762,-5.853871964321762,-5.853871964321762,-5.853871964321762
-5.458307833788967,-5.518139596520442,-5.548292100821523,-5.486691900642313,-5.585524308579606,-5.439728766666998,-5.472312438978389,-5.466581608864277,-5.4712171073247395,-5.480955666646767,-5.514341334153363,-5.505838821943695,-5.417689353993479,-5.497000616735573,-5.4153137285925395,-5.445978756301047,-5.410545718368201,-5.468197718015516,-5.406061883350503,-5.453966338300884,-6.045757490560675,-6.045757490560675,-6.045757490560675,-6.045757490560675,-6.045757490560675,-6.045757490560675,-6.045757490560675,-6.045757490560675,-6.045757490560675,-6.045757490560675,-6.045757490560675,-6.045757490560675,-6.045757490560675,-6.045757490560675,-6.045757490560675,-6.045757490560675,-6.045757490560675,-6.045757490560675,-6.045757490560675,-6.045757490560675
-5.361598227674673,-5.4713042423563785,-5.547196497777464,-5.449174552361766,-5.611938069385688,-5.446802763518796,-5.491758103883572,-5.366336248145669,-5.414246723696141,-5.563434239433275,-5.585090539262854,-5.5553006721740905,-5.513145230179277,-5.513061209190159,-5.410163788648419,-5.522212183806646,-5.462141770515254,-5.462605801027286,-5.498335571233239,-5.5206034219122175,-6.031517051446065,-6.031517051446065,-6.031517051446065,-6.031517051446065,-6.031517051446065,-6.031517051446065,-6.031517051446065,-6.031517051446065,-6.031517051446065,-6.031517051446065,-6.031517051446065,-6.031517051446065,-6.031517051446065,-6.031517051446065,-6.031517051446065,-6.031517051446065,-6.031517051446065,-6.031517051446065,-6.031517051446065,-6.031517051446065
-5.7657736560955355,-5.638702217644198,-5.478730933285249,-5.706470061202526,-5.54971464430364,-5.577825090521391,-5.56552651911433,-5.68636987639433,-5.648045743982539,-5.634008331567049,-5.611039371236657,-5.536776400548044,-5.717982782883568,-5.513208581261043,-5.558885365523633,-5.720929121408683,-5.570625737059626,-5.528613412111785,-5.569126872617965,-5.656552247871359,-5.958607314841775,-5.958607314841775,-5.958607314841775,-5.958607314841775,-5.958607314841775,-5.958607314841775,-5.958607314841775,-5.958607314841775,-5.958607314841775,-5.958607314841775,-5.958607314841775,-5.958607314841775,-5.958607314841775,-5.958607314841775,-5.958607314841775,-5.958607314841775,-5.958607314841775,-5.958607314841775,-5.958607314841775,-5.958607314841775
-5.845412606724024,-5.8233104224150996,-5.82483092760248,-5.836656581767285,-5.818536095001189,-5.830130295594311,-5.8340625642908535,-5.825529651096001,-5.833118741758674,-5.899783062073513,-5.890221929490482,-5.835283557828915,-5.905928660384953,-5.845121706277761,-5.86012764437845,-5.896428670315703,-5.8707697346221925,-5.866688346674946,-5.893060764899111,-5.873417089390064,-6.036212172654444,-6.036212172654444,-6.036212172654444,-6.036212172654444,-6.036212172654444,-6.036212172654444,-6.036212172654444,-6.036212172654444,-6.036212172654444,-6.036212172654444,-6.036212172654444,-6.036212172654444,-6.036212172654444,-6.036212172654444,-6.036212172654444,-6.036212172654444,-6.036212172654444,-6.036212172654444,-6.036212172654444,-6.036212172654444
-5.3595085274987015,-5.425711415331884,-5.116261848156826,-5.156993329122503,-5.050490748380595,-5.161852594182002,-5.157538687077585,-5.227048758717784,-5.234640428361105,-5.080994998301832,-5.0688136026549735,-5.174153677351735,-5.084957239456575,-5.049473349893233,-5.08009942900156,-5.030377041729945,-4.976602692142392,-5.220936167250303,-5.0226421241971035,-5.069768818545713,-5.795880017344075,-5.795880017344075,-5.795880017344075,-5.795880017344075,-5.795880017344075,-5.795880017344075,-5.795880017344075,-5.795880017344075,-5.795880017344075,-5.795880017344075,-5.795880017344075,-5.795880017344075,-5.795880017344075,-5.795880017344075,-5.795880017344075,-5.795880017344075,-5.795880017344075,-5.795880017344075,-5.795880017344075,-5.795880017344075
-5.4611154587556205,-5.43837598689595,-5.135664428842666,-5.252226217666405,-5.111508010272653,-5.237841703325001,-5.218126156457495,-5.305636196287837,-5.315213251514014,-5.116261856263548,-5.14343821513258,-5.239914659952334,-5.1587412820809275,-5.042420943010173,-5.117549534317036,-5.07215068547679,-5.027791939783272,-5.2968987173003095,-5.064851470637438,-5.153287642755243,-6.0,-6.0,-6.0,-6.0,-6.0,-6.0,-6.0,-6.0,-6.0,-6.0,-6.0,-6.0,-6.0,-6.0,-6.0,-6.0,-6.0,-6.0,-6.0,-6.0
-5.376181054217146,-5.426713539408308,-5.182406140624824,-5.180746944405101,-5.1380158440958885,-5.230002737064,-5.267202182652442,-5.245326398755963,-5.230888112391656,-5.165146417081769,-5.168790211389864,-5.237524293715176,-5.2027146906750295,-5.133361522426907,-5.17864812642136,-5.099574609032766,-5.079326424920341,-5.316107443255563,-5.143829967899529,-5.1314478029534945,-5.096910013008056,-5.096910013008056,-5.096910013008056,-5.096910013008056,-5.096910013008056,-5.096910013008056,-5.096910013008056,-5.096910013008056,-5.096910013008056,-5.096910013008056,-5.096910013008056,-5.096910013008056,-5.096910013008056,-5.096910013008056,-5.096910013008056,-5.096910013008056,-5.096910013008056,-5.096910013008056,-5.096910013008056,-5.096910013008056
-5.372218013076856,-5.477273539503085,-5.056403147423144,-5.114199936268739,-4.951137429687998,-5.143426903884568,-5.177067544799609,-5.1877978224414,-5.2146310745103595,-4.993840867334872,-4.9937521211731015,-5.162981891729877,-4.986472869819489,-4.959121954732028,-5.026160908867479,-4.919241630630108,-4.907775340975681,-5.2787205226859415,-4.972346945150695,-4.9888136168706305,-4.853871964321762,-4.853871964321762,-4.853871964321762,-4.853871964321762,-4.853871964321762,-4.853871964321762,-4.853871964321762,-4.853871964321762,-4.853871964321762,-4.853871964321762,-4.853871964321762,-4.853871964321762,-4.853871964321762,-4.853871964321762,-4.853871964321762,-4.853871964321762,-4.853871964321762,-4.853871964321762,-4.853871964321762,-4.853871964321762
-6.008944239477103,-6.050005251881853,-6.147314552271112,-6.048521623858031,-6.135944586278994,-6.0372844931919305,-6.1262502387488675,-6.0593259623501785,-6.047291010635886,-6.062794370660006,-6.096729049382833,-6.082157411759572,-6.130634718082922,-6.181683755616678,-6.114343796212477,-6.08515203659678,-6.133973304042223,-6.121762093211249,-6.214909820090479,-6.092382390390818,-5.698970004336019,-5.698970004336019,-5.698970004336019,-5.698970004336019,-5.698970004336019,-5.698970004336019,-5.698970004336019,-5.698970004336019,-5.698970004336019,-5.698970004336019,-5.698970004336019,-5.698970004336019,-5.698970004336019,-5.698970004336019,-5.698970004336019,-5.698970004336019,-5.698970004336019,-5.698970004336019,-5.698970004336019,-5.698970004336019
-5.566715908367448,-5.565460460185605,-5.5565760338379055,-5.5079082633819745,-5.611400341096477,-5.51390416851608,-5.5687950588881,-5.578625781887608,-5.5083793998762305,-5.474203064719628,-5.611429186103614,-5.481067944410585,-5.579016201375789,-5.5781459049926445,-5.6695524037682485,-5.499522970137144,-5.677459163190408,-5.563208903791212,-5.636290957104042,-5.496173401234476,-5.568636235841013,-5.568636235841013,-5.568636235841013,-5.568636235841013,-5.568636235841013,-5.568636235841013,-5.568636235841013,-5.568636235841013,-5.568636235841013,-5.568636235841013,-5.568636235841013,-5.568636235841013,-5.568636235841013,-5.568636235841013,-5.568636235841013,-5.568636235841013,-5.568636235841013,-5.568636235841013,-5.568636235841013,-5.568636235841013
-5.9628494047815845,-5.962887685513004,-5.912977390728703,-5.978641516043313,-5.949195813680089,-5.9340852367896515,-5.917890801544493,-5.947702550413364,-5.9963955125804205,-5.735766592199679,-6.025722120196306,-5.979058394455522,-6.034082060916028,-5.891005046600294,-5.899906664626274,-5.949470812518701,-5.9483701212831575,-5.88209518241868,-5.925629019173926,-5.95786549182056,-5.886056647693163,-5.886056647693163,-5.886056647693163,-5.886056647693163,-5.886056647693163,-5.886056647693163,-5.886056647693163,-5.886056647693163,-5.886056647693163,-5.886056647693163,-5.886056647693163,-5.886056647693163,-5.886056647693163,-5.886056647693163,-5.886056647693163,-5.886056647693163,-5.886056647693163,-5.886056647693163,-5.886056647693163,-5.886056647693163
-5.7399369299361584,-5.652902890841523,-5.702190666604087,-5.680736568880337,-5.728448412364995,-5.636594760124192,-5.716443968799411,-5.707054492233193,-5.630319051063041,-5.3992248632076105,-5.794355770122983,-5.663645826086815,-5.777540905115315,-5.736545781319974,-5.76510935013016,-5.753965685930117,-5.794575984447212,-5.730262508235488,-5.82677342413263,-5.7140466276320465,-5.795880017344075,-5.795880017344075,-5.795880017344075,-5.795880017344075,-5.795880017344075,-5.795880017344075,-5.795880017344075,-5.795880017344075,-5.795880017344075,-5.795880017344075,-5.795880017344075,-5.795880017344075,-5.795880017344075,-5.795880017344075,-5.795880017344075,-5.795880017344075,-5.795880017344075,-5.795880017344075,-5.795880017344075,-5.795880017344075
-5.699174686853361,-5.544128900292613,-5.335242957213828,-5.593004414889016,-5.493611131395203,-5.495682704816453,-5.425328534922919,-5.6026360386450165,-5.502768249668835,-5.661311070460177,-5.661840459198358,-5.4669585734435815,-5.645391869341782,-5.305558865387825,-5.524643325507375,-5.6090203061005175,-5.563918966951443,-5.411762501949561,-5.469356297751957,-5.590648197168799,-5.7447274948966935,-5.7447274948966935,-5.7447274948966935,-5.7447274948966935,-5.7447274948966935,-5.7447274948966935,-5.7447274948966935,-5.7447274948966935,-5.7447274948966935,-5.7447274948966935,-5.7447274948966935,-5.7447274948966935,-5.7447274948966935,-5.7447274948966935,-5.7447274948966935,-5.7447274948966935,-5.7447274948966935,-5.7447274948966935,-5.7447274948966935,-5.7447274948966935
-5.318499316082355,-5.446357455855378,-5.553341631361677,-5.425629494026079,-5.564788884311308,-5.436175734267753,-5.560221322080941,-5.439673863916772,-5.485037806376848,-5.450026769681359,-5.454916961046502,-5.491290408894797,-5.582469129804097,-5.614367809792948,-5.4116210987721365,-5.448458251459107,-5.54273403162763,-5.427899489143691,-5.451113468093368,-5.417998155405955,-5.853871964321762,-5.853871964321762,-5.853871964321762,-5.853871964321762,-5.853871964321762,-5.853871964321762,-5.853871964321762,-5.853871964321762,-5.853871964321762,-5.853871964321762,-5.853871964321762,-5.853871964321762,-5.853871964321762,-5.853871964321762,-5.853871964321762,-5.853871964321762,-5.853871964321762,-5.853871964321762,-5.853871964321762,-5.853871964321762
-5.698395205543477,-5.565488171497841,-5.739167571921498,-5.633712924901173,-5.678596021115617,-5.69292902262669,-5.7581154516298385,-5.646540358781672,-5.607907634113434,-5.733270727914566,-5.701685831055421,-5.654019233199062,-5.799488684447229,-5.707179030611648,-5.704723570570946,-5.780505291748128,-5.739788086932662,-5.7029894114376605,-5.882596113128451,-5.713545921240384,-5.920818753952375,-5.920818753952375,-5.920818753952375,-5.920818753952375,-5.920818753952375,-5.920818753952375,-5.920818753952375,-5.920818753952375,-5.920818753952375,-5.920818753952375,-5.920818753952375,-5.920818753952375,-5.920818753952375,-5.920818753952375,-5.920818753952375,-5.920818753952375,-5.920818753952375,-5.920818753952375,-5.920818753952375,-5.920818753952375
-5.9602735756539,-5.846634215158426,-5.923220282039522,-5.8977266792864365,-5.939132423413969,-5.8588162606177185,-5.952443317321932,-5.9470931967251275,-5.835034746702896,-5.939082548630954,-5.8991889084849145,-5.847992029116004,-5.952655069625843,-5.987203918260168,-5.958044194727173,-5.999639711217969,-5.994520113964181,-5.968329890845597,-6.053957887299079,-5.958725829132897,-5.096910013008056,-5.096910013008056,-5.096910013008056,-5.096910013008056,-5.096910013008056,-5.096910013008056,-5.096910013008056,-5.096910013008056,-5.096910013008056,-5.096910013008056,-5.096910013008056,-5.096910013008056,-5.096910013008056,-5.096910013008056,-5.096910013008056,-5.096910013008056,-5.096910013008056,-5.096910013008056,-5.096910013008056,-5.096910013008056
-5.491215148912921,-5.5144639447055965,-5.427518623518098,-5.544094863191685,-5.4601596353872095,-5.443095938896924,-5.362495423663303,-5.567962809448615,-5.5269988705325135,-5.166494548746037,-5.174680833226828,-5.428034102104891,-5.138732299304348,-5.403189237810288,-5.343512625552447,-5.468085494195441,-5.3585828356357865,-5.368157314652852,-5.324179583941718,-5.42123773926982,-5.958607314841775,-5.958607314841775,-5.958607314841775,-5.958607314841775,-5.958607314841775,-5.958607314841775,-5.958607314841775,-5.958607314841775,-5.958607314841775,-5.958607314841775,-5.958607314841775,-5.958607314841775,-5.958607314841775,-5.958607314841775,-5.958607314841775,-5.958607314841775,-5.958607314841775,-5.958607314841775,-5.958607314841775,-5.958607314841775
-5.541936078980502,-5.7353142437731846,-5.765924426539379,-5.68046218910783,-5.790729793039793,-5.732333502550826,-5.676990295336976,-5.688148154947683,-5.552610012880811,-5.435158952693521,-5.339024845665,-5.673565816397436,-5.322112547614505,-5.761041727779138,-5.712302939694533,-5.706170115418767,-5.772981488613685,-5.72381695021208,-5.730964939003194,-5.615787935531513,-6.050609993355088,-6.050609993355088,-6.050609993355088,-6.050609993355088,-6.050609993355088,-6.050609993355088,-6.050609993355088,-6.050609993355088,-6.050609993355088,-6.050609993355088,-6.050609993355088,-6.050609993355088,-6.050609993355088,-6.050609993355088,-6.050609993355088,-6.050609993355088,-6.050609993355088,-6.050609993355088,-6.050609993355088,-6.050609993355088
-5.4008148578037725,-5.6583965681024795,-5.8188794958447305,-5.538656284126474,-5.821967898876525,-5.645800024019933,-5.588319663057683,-5.607072770914667,-5.360310063095916,-5.12303156704698,-5.022119425820761,-5.594872038383194,-5.243737678164873,-5.858350571088964,-5.724019557400709,-5.607824229929319,-5.696552451021497,-5.807546756908205,-5.562156243981115,-5.490873812779953,-5.3979400086720375,-5.3979400086720375,-5.3979400086720375,-5.3979400086720375,-5.3979400086720375,-5.3979400086720375,-5.3979400086720375,-5.3979400086720375,-5.3979400086720375,-5.3979400086720375,-5.3979400086720375,-5.3979400086720375,-5.3979400086720375,-5.3979400086720375,-5.3979400086720375,-5.3979400086720375,-5.3979400086720375,-5.3979400086720375,-5.3979400086720375,-5.3979400086720375
-5.567241780163724,-5.572692840487564,-5.323435681111872,-5.608034929402097,-5.447574710715228,-5.604089547417761,-5.43200954523901,-5.532206342722884,-5.7561840552262264,-4.9871469299067,-5.261671347104312,-5.582494710361457,-5.15226586270259,-5.331687870731565,-5.474310717998152,-5.63373233669793,-5.432333428235923,-5.34322413632159,-5.2219956293909355,-5.674753467253743,-3.494850021680094,-3.494850021680094,-3.494850021680094,-3.494850021680094,-3.494850021680094,-3.494850021680094,-3.494850021680094,-3.494850021680094,-3.494850021680094,-3.494850021680094,-3.494850021680094,-3.494850021680094,-3.494850021680094,-3.494850021680094,-3.494850021680094,-3.494850021680094,-3.494850021680094,-3.494850021680094,-3.494850021680094,-3.494850021680094
-5.6205292611448,-5.640129321119375,-5.587629791132756,-5.638567852495133,-5.586393674141004,-5.620773409768916,-5.5684906530023115,-5.60355640666054,-5.671775367024116,-5.6863807470315715,-5.671686008153679,-5.634205259545392,-5.658828947526799,-5.559929557168291,-5.586679658166297,-5.636996338288946,-5.590741334852419,-5.611351784511119,-5.553570797920289,-5.626130725210542,-5.327902142064283,-5.327902142064283,-5.327902142064283,-5.327902142064283,-5.327902142064283,-5.327902142064283,-5.327902142064283,-5.327902142064283,-5.327902142064283,-5.327902142064283,-5.327902142064283,-5.327902142064283,-5.327902142064283,-5.327902142064283,-5.327902142064283,-5.327902142064283,-5.327902142064283,-5.327902142064283,-5.327902142064283,-5.327902142064283
-5.86964889336062,-5.886243896232405,-5.880287035260967,-5.910123409788245,-5.900730805971692,-5.90859097653108,-5.889964476536036,-5.873408143767029,-5.915689491141462,-5.959457071808944,-5.9324811319505155,-5.910583637239136,-5.9794447707655225,-5.859428970163906,-5.893980251209529,-5.9380966708992915,-5.919550818567923,-5.889065828966273,-5.933208906891869,-5.9509500631876,-5.958607314841775,-5.958607314841775,-5.958607314841775,-5.958607314841775,-5.958607314841775,-5.958607314841775,-5.958607314841775,-5.958607314841775,-5.958607314841775,-5.958607314841775,-5.958607314841775,-5.958607314841775,-5.958607314841775,-5.958607314841775,-5.958607314841775,-5.958607314841775,-5.958607314841775,-5.958607314841775,-5.958607314841775,-5.958607314841775
-6.159803377192914,-6.263536565678617,-6.204896094130747,-6.219158660998511,-6.1878562604268454,-6.1842106760857805,-6.228579631262844,-6.207732206085356,-6.109821029272898,-6.082606911962773,-6.174771430662523,-6.13078021028231,-6.19349937932178,-6.154713417629924,-6.162805874257494,-6.152962370904727,-6.250330846628181,-6.169364524583803,-6.145517238389164,-6.076425459239103,-5.920818753952375,-5.920818753952375,-5.920818753952375,-5.920818753952375,-5.920818753952375,-5.920818753952375,-5.920818753952375,-5.920818753952375,-5.920818753952375,-5.920818753952375,-5.920818753952375,-5.920818753952375,-5.920818753952375,-5.920818753952375,-5.920818753952375,-5.920818753952375,-5.920818753952375,-5.920818753952375,-5.920818753952375,-5.920818753952375
-5.356647825456032,-5.359441240018881,-5.377789347531218,-5.332393220069352,-5.406880418509834,-5.325606475971848,-5.303141372309388,-5.3455495100582135,-5.404553106132732,-5.341394095872786,-5.277714779526307,-5.384521246391071,-5.304426969688121,-5.338375086741465,-5.271610740984441,-5.254146371851863,-5.230694068384788,-5.298536484095231,-5.239009404743388,-5.303322829977345,-5.853871964321762,-5.853871964321762,-5.853871964321762,-5.853871964321762,-5.853871964321762,-5.853871964321762,-5.853871964321762,-5.853871964321762,-5.853871964321762,-5.853871964321762,-5.853871964321762,-5.853871964321762,-5.853871964321762,-5.853871964321762,-5.853871964321762,-5.853871964321762,-5.853871964321762,-5.853871964321762,-5.853871964321762,-5.853871964321762
-5.471804669556992,-5.462997595769668,-5.566166831086213,-5.492070287603153,-5.596995688801709,-5.48442747250992,-5.521201968569566,-5.481414848746526,-5.533340881042703,-5.5797884781564315,-5.217166876626818,-5.517301033556246,-5.543589810272539,-5.5779506704584065,-5.527740779488507,-5.525930997492012,-5.57556398597944,-5.562928035237139,-5.615311566720224,-5.52428349515604,-6.0,-6.0,-6.0,-6.0,-6.0,-6.0,-6.0,-6.0,-6.0,-6.0,-6.0,-6.0,-6.0,-6.0,-6.0,-6.0,-6.0,-6.0,-6.0,-6.0
-5.4179892493373245,-5.948745878085862,-5.958284886188893,-5.9784054242411075,-5.960591864476958,-5.876168504040973,-5.9703622739131745,-5.689723236163206,-5.9247767625625976,-5.918036039532031,-5.961158947342876,-5.931217625792028,-5.921178501503173,-5.9760959871242845,-5.8825308596757235,-5.962668686201758,-5.649850690219859,-5.932293870002551,-5.604692737648666,-5.918645045170813,-6.173925197299174,-6.173925197299174,-6.173925197299174,-6.173925197299174,-6.173925197299174,-6.173925197299174,-6.173925197299174,-6.173925197299174,-6.173925197299174,-6.173925197299174,-6.173925197299174,-6.173925197299174,-6.173925197299174,-6.173925197299174,-6.173925197299174,-6.173925197299174,-6.173925197299174,-6.173925197299174,-6.173925197299174,-6.173925197299174
-5.495068481743834,-5.699377004256851,-5.6843733830095635,-5.678046947542921,-5.725192389819513,-5.631632273518223,-5.6380871171233276,-5.635806137285549,-5.68818079737622,-5.633086192347579,-5.683742556347782,-5.64012372701145,-5.6325994728252615,-5.684413624972452,-5.659333030122393,-5.591597150036842,-5.593115443488403,-5.651354856750887,-5.567503735755761,-5.613432564524738,-5.537602002101044,-5.537602002101044,-5.537602002101044,-5.537602002101044,-5.537602002101044,-5.537602002101044,-5.537602002101044,-5.537602002101044,-5.537602002101044,-5.537602002101044,-5.537602002101044,-5.537602002101044,-5.537602002101044,-5.537602002101044,-5.537602002101044,-5.537602002101044,-5.537602002101044,-5.537602002101044,-5.537602002101044,-5.537602002101044
-5.752458749192922,-5.533832693377134,-5.518025166868762,-5.4627023272673885,-5.556231659759106,-5.414193152854212,-5.44317697135585,-5.6081529632918485,-5.460665493920668,-5.40088650122475,-5.443880202955971,-5.464177975994955,-5.386430196240525,-5.544337399236882,-5.416120159059915,-5.402894825239201,-5.385505500278425,-5.474213234497313,-5.397784498836742,-5.406219420465589,-5.42021640338319,-5.42021640338319,-5.42021640338319,-5.42021640338319,-5.42021640338319,-5.42021640338319,-5.42021640338319,-5.42021640338319,-5.42021640338319,-5.42021640338319,-5.42021640338319,-5.42021640338319,-5.42021640338319,-5.42021640338319,-5.42021640338319,-5.42021640338319,-5.42021640338319,-5.42021640338319,-5.42021640338319,-5.42021640338319
-5.8127566493468485,-5.675359011316959,-5.676926505119546,-5.610866791420827,-5.686018956357671,-5.563665731717396,-5.610698045652094,-5.706061238268417,-5.6148217775047,-5.585249876350749,-5.633942150879727,-5.644744402465485,-5.55369296206924,-5.701726327886353,-5.565783359440958,-5.583001820196077,-5.500763221897995,-5.645455889363223,-5.494069273274305,-5.58013770662223,-6.091514981121351,-6.091514981121351,-6.091514981121351,-6.091514981121351,-6.091514981121351,-6.091514981121351,-6.091514981121351,-6.091514981121351,-6.091514981121351,-6.091514981121351,-6.091514981121351,-6.091514981121351,-6.091514981121351,-6.091514981121351,-6.091514981121351,-6.091514981121351,-6.091514981121351,-6.091514981121351,-6.091514981121351,-6.091514981121351
-5.957652893747823,-6.014313488140161,-6.247438849276329,-5.939641682458267,-6.111625965509237,-6.10535160950744,-6.19675464934522,-5.991839871389443,-5.998175388021734,-6.111998284753425,-6.1175562206690595,-6.130379308081339,-6.121905197002669,-6.325360568443709,-6.272600867218195,-6.1017765894021565,-6.170460963726411,-6.270923124651074,-6.3332857154262605,-6.147325483820886,-6.337242168318426,-6.337242168318426,-6.337242168318426,-6.337242168318426,-6.337242168318426,-6.337242168318426,-6.337242168318426,-6.337242168318426,-6.337242168318426,-6.337242168318426,-6.337242168318426,-6.337242168318426,-6.337242168318426,-6.337242168318426,-6.337242168318426,-6.337242168318426,-6.337242168318426,-6.337242168318426,-6.337242168318426,-6.337242168318426
-6.058530453297713,-5.377600038204571,-5.949241861539202,-6.018941675026213,-5.934220844446542,-5.82445846674946,-5.46476204918142,-6.05674635518802,-5.836476806494179,-6.02923062297301,-6.032148438231927,-5.897387660973797,-6.004945050864447,-5.970930850504087,-5.973517673697979,-6.051995010034154,-6.016217223748825,-5.994578287718257,-5.986319776814806,-5.930907503798156,-6.42021640338319,-6.42021640338319,-6.42021640338319,-6.42021640338319,-6.42021640338319,-6.42021640338319,-6.42021640338319,-6.42021640338319,-6.42021640338319,-6.42021640338319,-6.42021640338319,-6.42021640338319,-6.42021640338319,-6.42021640338319,-6.42021640338319,-6.42021640338319,-6.42021640338319,-6.42021640338319,-6.42021640338319,-6.42021640338319
-6.082217091952763,-5.646432132280132,-6.258173793098932,-6.13300134833126,-6.222828577654744,-6.158866792136218,-5.457194670090507,-6.180077620981688,-6.077998350631001,-6.055364372062855,-6.118120377171318,-6.112969685282766,-6.154609831892076,-6.253554921426106,-6.256834154718974,-6.119341260281916,-6.275296923204047,-6.253897684527389,-6.285271264378173,-6.0851510397215565,-6.356547323513812,-6.356547323513812,-6.356547323513812,-6.356547323513812,-6.356547323513812,-6.356547323513812,-6.356547323513812,-6.356547323513812,-6.356547323513812,-6.356547323513812,-6.356547323513812,-6.356547323513812,-6.356547323513812,-6.356547323513812,-6.356547323513812,-6.356547323513812,-6.356547323513812,-6.356547323513812,-6.356547323513812,-6.356547323513812
-5.9184452309055535,-5.602123119457786,-5.797789916663113,-5.861657147889993,-5.807384766433854,-5.710789885042641,-5.382581639975875,-5.905949743910318,-5.693370759764134,-5.886836699748539,-5.88732798009638,-5.7490554776317255,-5.87700364664655,-5.829873671237188,-5.857170090875111,-5.913458586432018,-5.900787138709301,-5.863684962135942,-5.8784441257551725,-5.796163576768453,-6.130768280269024,-6.130768280269024,-6.130768280269024,-6.130768280269024,-6.130768280269024,-6.130768280269024,-6.130768280269024,-6.130768280269024,-6.130768280269024,-6.130768280269024,-6.130768280269024,-6.130768280269024,-6.130768280269024,-6.130768280269024,-6.130768280269024,-6.130768280269024,-6.130768280269024,-6.130768280269024,-6.130768280269024,-6.130768280269024
-6.317772468263707,-6.474539038046844,-6.395109363343623,-6.391900713932411,-6.333949863162247,-6.48248476945315,-6.41064429931664,-6.333131841347535,-6.370103499439102,-6.360146091183511,-6.417046132397133,-6.4291854283138745,-6.4042323128856715,-6.263594026127704,-6.360307717873373,-6.367752638499126,-6.415793383623089,-6.366416742107309,-6.359946969645526,-6.323423519540419,-6.2441251443275085,-6.2441251443275085,-6.2441251443275085,-6.2441251443275085,-6.2441251443275085,-6.2441251443275085,-6.2441251443275085,-6.2441251443275085,-6.2441251443275085,-6.2441251443275085,-6.2441251443275085,-6.2441251443275085,-6.2441251443275085,-6.2441251443275085,-6.2441251443275085,-6.2441251443275085,-6.2441251443275085,-6.2441251443275085,-6.2441251443275085,-6.2441251443275085
-5.505487400667678,-5.522153533198438,-5.495306833241644,-5.434307907569924,-5.498470877863905,-5.502999308439807,-5.431393622949053,-5.431460703505484,-5.468859922474314,-5.457965965603029,-5.498935586548841,-5.535639701266857,-5.410385622299266,-5.406379496265595,-5.454816607069024,-5.380172182456114,-5.311690632369728,-5.424884619266017,-5.353910166153256,-5.447015172319527,-6.154901959985743,-6.154901959985743,-6.154901959985743,-6.154901959985743,-6.154901959985743,-6.154901959985743,-6.154901959985743,-6.154901959985743,-6.154901959985743,-6.154901959985743,-6.154901959985743,-6.154901959985743,-6.154901959985743,-6.154901959985743,-6.154901959985743,-6.154901959985743,-6.154901959985743,-6.154901959985743,-6.154901959985743,-6.154901959985743
-6.082739743444863,-5.926284654454587,-5.86190529582323,-6.001265042518954,-5.900271253510645,-5.80607766784191,-5.892625127642781,-5.965118877762223,-5.755064378222381,-5.997289431271729,-5.94104902307148,-5.828175309436468,-5.953890076426214,-5.891193661889733,-5.943756659433268,-6.078909383927144,-5.96564196390776,-5.9790348689222474,-5.920018764030268,-5.935062728415978,-5.638272163982407,-5.638272163982407,-5.638272163982407,-5.638272163982407,-5.638272163982407,-5.638272163982407,-5.638272163982407,-5.638272163982407,-5.638272163982407,-5.638272163982407,-5.638272163982407,-5.638272163982407,-5.638272163982407,-5.638272163982407,-5.638272163982407,-5.638272163982407,-5.638272163982407,-5.638272163982407,-5.638272163982407,-5.638272163982407
-5.562151935316455,-5.461780675778838,-5.54054617069784,-5.472462320151837,-5.524748881366685,-5.5515799813935605,-5.5376137249892405,-5.468767291048839,-5.495805769542953,-5.582932494747603,-5.568767201782197,-5.5532777514229865,-5.591670570591669,-5.503032391229545,-5.537717708197617,-5.541853192383058,-5.496330306326842,-5.515774372072637,-5.568350943571248,-5.542956307638292,-5.958607314841775,-5.958607314841775,-5.958607314841775,-5.958607314841775,-5.958607314841775,-5.958607314841775,-5.958607314841775,-5.958607314841775,-5.958607314841775,-5.958607314841775,-5.958607314841775,-5.958607314841775,-5.958607314841775,-5.958607314841775,-5.958607314841775,-5.958607314841775,-5.958607314841775,-5.958607314841775,-5.958607314841775,-5.958607314841775
-6.037188582097645,-6.144519458125012,-6.046036919080019,-6.07855775132638,-6.077840476044835,-6.092172781861496,-6.035718609051634,-6.015731270830254,-6.01655509838517,-6.043190322735464,-6.119372201273812,-6.102680730611132,-6.08862161279703,-5.966797395301265,-6.042426259078024,-6.045678587824839,-5.999727056557215,-6.044746920196474,-6.047284486907872,-6.054390272101432,-6.180456064458132,-6.180456064458132,-6.180456064458132,-6.180456064458132,-6.180456064458132,-6.180456064458132,-6.180456064458132,-6.180456064458132,-6.180456064458132,-6.180456064458132,-6.180456064458132,-6.180456064458132,-6.180456064458132,-6.180456064458132,-6.180456064458132,-6.180456064458132,-6.180456064458132,-6.180456064458132,-6.180456064458132,-6.180456064458132
-6.006777040748389,-6.017842327342498,-6.196718542943143,-6.028642205769876,-6.107962612685244,-6.165662256344177,-6.171604144965199,-6.111657975331138,-6.0678540450140686,-6.183351002884465,-6.1624407720463275,-6.13225706007848,-6.244921999069934,-6.240408132866109,-6.199671456757271,-6.2434877832860955,-6.225833223689131,-6.264537017791186,-6.406182588413343,-6.2376730747371845,-6.251811972993799,-6.251811972993799,-6.251811972993799,-6.251811972993799,-6.251811972993799,-6.251811972993799,-6.251811972993799,-6.251811972993799,-6.251811972993799,-6.251811972993799,-6.251811972993799,-6.251811972993799,-6.251811972993799,-6.251811972993799,-6.251811972993799,-6.251811972993799,-6.251811972993799,-6.251811972993799,-6.251811972993799,-6.251811972993799
-5.92343060182307,-5.9922885193557045,-6.022912173849836,-5.990140127392184,-6.005276535634013,-6.01525044249468,-6.03036452831104,-5.948295450113965,-6.024835692364214,-6.044105058404237,-6.062243696312773,-6.02140746426699,-6.105791993281848,-6.024748130429175,-6.007979040665167,-6.048524395894199,-6.052359286035086,-6.01776196671479,-6.093370636190427,-6.049364125281169,-5.721246399047171,-5.721246399047171,-5.721246399047171,-5.721246399047171,-5.721246399047171,-5.721246399047171,-5.721246399047171,-5.721246399047171,-5.721246399047171,-5.721246399047171,-5.721246399047171,-5.721246399047171,-5.721246399047171,-5.721246399047171,-5.721246399047171,-5.721246399047171,-5.721246399047171,-5.721246399047171,-5.721246399047171,-5.721246399047171
-5.902119449661777,-5.961063085703657,-6.099353217888463,-5.972406944240103,-6.050799131125072,-6.069887718754346,-6.110631669648342,-5.972811848968677,-6.02391137769945,-6.144809206877145,-6.12752648322122,-6.08210204908772,-6.185074703591619,-6.137711786653863,-6.081749184160293,-6.15617775938711,-6.14060535704502,-6.1248466616249635,-6.256249397092003,-6.154969213843582,-6.3872161432802645,-6.3872161432802645,-6.3872161432802645,-6.3872161432802645,-6.3872161432802645,-6.3872161432802645,-6.3872161432802645,-6.3872161432802645,-6.3872161432802645,-6.3872161432802645,-6.3872161432802645,-6.3872161432802645,-6.3872161432802645,-6.3872161432802645,-6.3872161432802645,-6.3872161432802645,-6.3872161432802645,-6.3872161432802645,-6.3872161432802645,-6.3872161432802645
-5.6590226735180424,-5.707498642595341,-5.743271042149427,-5.693591612641371,-5.694384964780906,-5.663877815569656,-5.73372351761684,-5.671045235243415,-5.7429514580768455,-5.757198339246921,-5.746084382229882,-5.699682797688008,-5.753698788476769,-5.785881902737596,-5.717652915211276,-5.76822880913425,-5.711073702381022,-5.757585316697257,-5.725203413728622,-5.7357719616663605,-6.161150909262744,-6.161150909262744,-6.161150909262744,-6.161150909262744,-6.161150909262744,-6.161150909262744,-6.161150909262744,-6.161150909262744,-6.161150909262744,-6.161150909262744,-6.161150909262744,-6.161150909262744,-6.161150909262744,-6.161150909262744,-6.161150909262744,-6.161150909262744,-6.161150909262744,-6.161150909262744,-6.161150909262744,-6.161150909262744
-5.8613894303691625,-5.90316148986682,-6.009718742538133,-5.923592803948982,-5.977716189610799,-5.961610281833217,-5.978638817746778,-5.899550723593125,-5.962208747710862,-6.018834324125941,-6.016482697318152,-5.994054212990587,-6.041426331060965,-6.034824975504067,-5.982958322562516,-6.018625106895538,-6.042594858310666,-6.024740788308571,-6.065868832498021,-6.004312009273761,-5.823908740944319,-5.823908740944319,-5.823908740944319,-5.823908740944319,-5.823908740944319,-5.823908740944319,-5.823908740944319,-5.823908740944319,-5.823908740944319,-5.823908740944319,-5.823908740944319,-5.823908740944319,-5.823908740944319,-5.823908740944319,-5.823908740944319,-5.823908740944319,-5.823908740944319,-5.823908740944319,-5.823908740944319,-5.823908740944319
-5.443604020086264,-5.5181031056480725,-5.585809500495019,-5.462630592690537,-5.538674190362583,-5.492095787498605,-5.29377107819067,-5.3982885943811585,-5.528993881159407,-5.538720169384661,-5.533108209474912,-5.542871768758073,-5.2314959101976255,-5.562724509194043,-5.476686735542738,-5.441450016213882,-5.277216935265176,-5.3835228385746,-5.353713380971139,-5.466037151997218,-6.1487416512809245,-6.1487416512809245,-6.1487416512809245,-6.1487416512809245,-6.1487416512809245,-6.1487416512809245,-6.1487416512809245,-6.1487416512809245,-6.1487416512809245,-6.1487416512809245,-6.1487416512809245,-6.1487416512809245,-6.1487416512809245,-6.1487416512809245,-6.1487416512809245,-6.1487416512809245,-6.1487416512809245,-6.1487416512809245,-6.1487416512809245,-6.1487416512809245
-5.401498864972469,-5.361292136577196,-5.513261863667182,-5.420234933181226,-5.592249812957683,-5.432218606028474,-5.257888090016021,-5.433379607382795,-5.494482664805545,-5.544210077685237,-5.586402675112139,-5.492221563152768,-5.19717542862905,-5.484810079519877,-5.390223061682692,-5.402473480177095,-5.2279133955968335,-5.342708697035481,-5.374708912271528,-5.47239353263341,-6.180456064458132,-6.180456064458132,-6.180456064458132,-6.180456064458132,-6.180456064458132,-6.180456064458132,-6.180456064458132,-6.180456064458132,-6.180456064458132,-6.180456064458132,-6.180456064458132,-6.180456064458132,-6.180456064458132,-6.180456064458132,-6.180456064458132,-6.180456064458132,-6.180456064458132,-6.180456064458132,-6.180456064458132,-6.180456064458132
-5.155782058830862,-5.153346429395096,-5.059582445477828,-5.110427872748611,-5.2719651301790265,-5.090955171560306,-5.286481987058914,-5.370475312788833,-5.094344266460305,-5.088263962628588,-5.193187293862058,-5.1767408585983326,-5.237459977546335,-5.032920577133187,-5.022015912568082,-5.037113099636956,-5.347835979572206,-5.383151184596583,-5.414993341765944,-5.081728748873004,-5.886056647693163,-5.886056647693163,-5.886056647693163,-5.886056647693163,-5.886056647693163,-5.886056647693163,-5.886056647693163,-5.886056647693163,-5.886056647693163,-5.886056647693163,-5.886056647693163,-5.886056647693163,-5.886056647693163,-5.886056647693163,-5.886056647693163,-5.886056647693163,-5.886056647693163,-5.886056647693163,-5.886056647693163,-5.886056647693163
-5.214512378209137,-5.088856360491178,-5.345582741389135,-5.197116046040811,-5.4575825726168095,-5.237240550096693,-5.212620477935816,-5.433356575172708,-5.31123477666875,-5.398058333076892,-5.442548973701526,-5.332946582176927,-5.143199080799485,-5.34279705688258,-5.226336430189631,-5.236397799238368,-5.184624382324833,-5.264293447316179,-5.358300077410654,-5.303044434541198,-5.522878745280337,-5.522878745280337,-5.522878745280337,-5.522878745280337,-5.522878745280337,-5.522878745280337,-5.522878745280337,-5.522878745280337,-5.522878745280337,-5.522878745280337,-5.522878745280337,-5.522878745280337,-5.522878745280337,-5.522878745280337,-5.522878745280337,-5.522878745280337,-5.522878745280337,-5.522878745280337,-5.522878745280337,-5.522878745280337
-5.681636140295019,-5.83267121587506,-6.006640876182297,-5.807185193812362,-5.9962190115808855,-5.956597553643173,-6.072027247261127,-5.804756681932883,-5.691291479867858,-5.820206942782817,-5.873616137821759,-5.809525210866183,-5.983404739240165,-6.014330105646475,-5.976317600811333,-6.0134400630594325,-6.154199895561575,-6.084787845201285,-6.171623817711829,-5.890534071077183,-6.0,-6.0,-6.0,-6.0,-6.0,-6.0,-6.0,-6.0,-6.0,-6.0,-6.0,-6.0,-6.0,-6.0,-6.0,-6.0,-6.0,-6.0,-6.0,-6.0
-5.735320516623061,-5.796907695933525,-5.6978053135917275,-5.925012114866474,-5.738154799429727,-5.826578024129928,-5.768889886236778,-5.789751561188947,-5.920850284680245,-5.863651123258968,-5.933762957514238,-5.7370046804550965,-6.101681822288725,-5.717123220718083,-5.699233978319798,-6.071105098488319,-5.907159114058748,-5.802791824254924,-5.917842501404922,-5.964213941993139,-5.455931955649724,-5.455931955649724,-5.455931955649724,-5.455931955649724,-5.455931955649724,-5.455931955649724,-5.455931955649724,-5.455931955649724,-5.455931955649724,-5.455931955649724,-5.455931955649724,-5.455931955649724,-5.455931955649724,-5.455931955649724,-5.455931955649724,-5.455931955649724,-5.455931955649724,-5.455931955649724,-5.455931955649724,-5.455931955649724
-5.502918817131055,-5.987373422617475,-5.889474789668377,-5.713955438858457,-5.848807742794673,-6.045697454653522,-6.079132582900918,-5.720060478608121,-5.898441835362224,-5.664095949720473,-5.746477418190121,-6.091039943110049,-5.956569463184353,-6.1964028456542595,-6.134903534809852,-5.846269771677075,-5.948210185819395,-5.818420292843751,-6.093195693352516,-5.945968623867879,-6.366531544420414,-6.366531544420414,-6.366531544420414,-6.366531544420414,-6.366531544420414,-6.366531544420414,-6.366531544420414,-6.366531544420414,-6.366531544420414,-6.366531544420414,-6.366531544420414,-6.366531544420414,-6.366531544420414,-6.366531544420414,-6.366531544420414,-6.366531544420414,-6.366531544420414,-6.366531544420414,-6.366531544420414,-6.366531544420414
-5.795256963719621,-5.749584400919057,-5.755008398769287,-5.796409229648651,-5.801622880218546,-5.760608345816346,-5.789211048051913,-5.829381601556417,-5.74127285499095,-5.84329140179103,-5.829314885915554,-5.746684984761354,-5.866279430973396,-5.776485304548969,-5.802349976630552,-5.874757258407768,-5.858778878452811,-5.806967687107994,-5.903174784229076,-5.822958186244836,-4.537602002101044,-4.537602002101044,-4.537602002101044,-4.537602002101044,-4.537602002101044,-4.537602002101044,-4.537602002101044,-4.537602002101044,-4.537602002101044,-4.537602002101044,-4.537602002101044,-4.537602002101044,-4.537602002101044,-4.537602002101044,-4.537602002101044,-4.537602002101044,-4.537602002101044,-4.537602002101044,-4.537602002101044,-4.537602002101044
-5.923777302352162,-5.999403696711437,-5.959735053377708,-5.966122468380076,-5.983704836154282,-5.966063268735021,-5.936219671481247,-5.92604871491897,-6.023369332842119,-5.9773221736261615,-5.996169915518479,-6.002554390396517,-6.058329768881934,-5.988861886100649,-5.958954713014452,-5.96154600433582,-5.972831848398478,-5.946760082680203,-5.992040108904436,-5.998842087693222,-5.795880017344075,-5.795880017344075,-5.795880017344075,-5.795880017344075,-5.795880017344075,-5.795880017344075,-5.795880017344075,-5.795880017344075,-5.795880017344075,-5.795880017344075,-5.795880017344075,-5.795880017344075,-5.795880017344075,-5.795880017344075,-5.795880017344075,-5.795880017344075,-5.795880017344075,-5.795880017344075,-5.795880017344075,-5.795880017344075
-5.719569440735892,-5.695113548216267,-5.718679591587391,-5.727091969394091,-5.727146174170465,-5.637018999182955,-5.718057099447328,-5.78504432396124,-5.692797124774774,-5.712061547845683,-5.7398945587754735,-5.665668938865736,-5.757503137189129,-5.744747409782212,-5.701038369240939,-5.7163437538252335,-5.743763758468735,-5.702644707671007,-5.742234696387706,-5.670318126456378,-5.00436480540245,-5.00436480540245,-5.00436480540245,-5.00436480540245,-5.00436480540245,-5.00436480540245,-5.00436480540245,-5.00436480540245,-5.00436480540245,-5.00436480540245,-5.00436480540245,-5.00436480540245,-5.00436480540245,-5.00436480540245,-5.00436480540245,-5.00436480540245,-5.00436480540245,-5.00436480540245,-5.00436480540245,-5.00436480540245
-5.988335822301693,-5.938271424664401,-5.838899261610727,-5.973994552340941,-5.867337005441129,-5.903765718173687,-5.869934458532849,-5.967792761352448,-5.942960459498112,-5.954091351586068,-5.957752151413179,-5.90755432188382,-5.443688707551374,-5.817052841398084,-5.876937049461558,-5.963509566788513,-5.8924710601933326,-5.863709321718487,-5.8483087590026805,-5.942668496316162,-5.267606240177032,-5.267606240177032,-5.267606240177032,-5.267606240177032,-5.267606240177032,-5.267606240177032,-5.267606240177032,-5.267606240177032,-5.267606240177032,-5.267606240177032,-5.267606240177032,-5.267606240177032,-5.267606240177032,-5.267606240177032,-5.267606240177032,-5.267606240177032,-5.267606240177032,-5.267606240177032,-5.267606240177032,-5.267606240177032
-6.101182061967212,-6.1650791345203615,-6.193353102099261,-6.127700362741544,-6.139485907911112,-6.304567806587489,-6.194404594726764,-6.038605953959453,-6.224092664440028,-6.245801957295315,-6.240711913371367,-6.265808797953213,-5.582516184859058,-6.119253507688285,-6.249294533759759,-6.239137049931019,-6.235009743206856,-6.230073762468143,-6.265315917842371,-6.282452987058848,-5.886056647693163,-5.886056647693163,-5.886056647693163,-5.886056647693163,-5.886056647693163,-5.886056647693163,-5.886056647693163,-5.886056647693163,-5.886056647693163,-5.886056647693163,-5.886056647693163,-5.886056647693163,-5.886056647693163,-5.886056647693163,-5.886056647693163,-5.886056647693163,-5.886056647693163,-5.886056647693163,-5.886056647693163,-5.886056647693163
-6.007432957276911,-6.011309157793222,-6.101966632269057,-6.055743911471884,-6.039385829088617,-6.187727046504143,-6.094533343045963,-5.954666500355707,-6.090658955068837,-6.221279864975326,-6.216227056005129,-6.160278596669614,-6.259280409954166,-6.06120510658868,-6.103911414663801,-6.259022301692272,-6.150725853673756,-6.168730687871739,-6.292517343714284,-6.259120505491343,-6.2076083105017466,-6.2076083105017466,-6.2076083105017466,-6.2076083105017466,-6.2076083105017466,-6.2076083105017466,-6.2076083105017466,-6.2076083105017466,-6.2076083105017466,-6.2076083105017466,-6.2076083105017466,-6.2076083105017466,-6.2076083105017466,-6.2076083105017466,-6.2076083105017466,-6.2076083105017466,-6.2076083105017466,-6.2076083105017466,-6.2076083105017466,-6.2076083105017466
-4.810648828292956,-4.836055223510051,-5.0082548402615625,-4.82692672695302,-4.983866663908344,-4.9530608609383435,-5.022217761078055,-4.859342884901129,-4.924086936338067,-4.884016855005649,-4.899119676064771,-4.940893289703247,-4.9735913982312585,-4.9120961617043175,-4.929997338315513,-4.941433724701822,-4.939420934276181,-5.048293293014573,-4.997019146750452,-4.930434216692907,-5.6777807052660805,-5.6777807052660805,-5.6777807052660805,-5.6777807052660805,-5.6777807052660805,-5.6777807052660805,-5.6777807052660805,-5.6777807052660805,-5.6777807052660805,-5.6777807052660805,-5.6777807052660805,-5.6777807052660805,-5.6777807052660805,-5.6777807052660805,-5.6777807052660805,-5.6777807052660805,-5.6777807052660805,-5.6777807052660805,-5.6777807052660805,-5.6777807052660805
-5.493744879928495,-5.145359115689298,-5.166060959311554,-5.797273830946306,-5.2605850276852,-5.431979007792443,-5.114400829148044,-5.515953629810093,-5.30230988427566,-5.319368498215823,-5.269289051151513,-5.280960520452897,-5.0314067139458665,-5.202245678795373,-5.2237515451736005,-5.198322699362772,-5.206705090563854,-5.165470346465394,-5.323222836745878,-5.22245237818591,-5.698970004336019,-5.698970004336019,-5.698970004336019,-5.698970004336019,-5.698970004336019,-5.698970004336019,-5.698970004336019,-5.698970004336019,-5.698970004336019,-5.698970004336019,-5.698970004336019,-5.698970004336019,-5.698970004336019,-5.698970004336019,-5.698970004336019,-5.698970004336019,-5.698970004336019,-5.698970004336019,-5.698970004336019,-5.698970004336019
-4.805784259851771,-4.596376761659633,-4.507947433351315,-4.927294563872611,-4.469462742580678,-4.888180582548086,-4.941203659348761,-4.7426682554130615,-4.557703270104528,-4.353850405648658,-4.299110575789271,-4.533481286178749,-4.83303625947342,-4.383968160561857,-4.755246596101052,-4.940088236392525,-4.8860585486333665,-4.887067728866115,-4.891352427647185,-4.9020319932586185,-6.0,-6.0,-6.0,-6.0,-6.0,-6.0,-6.0,-6.0,-6.0,-6.0,-6.0,-6.0,-6.0,-6.0,-6.0,-6.0,-6.0,-6.0,-6.0,-6.0
-5.2987406991892705,-5.027938501528358,-5.050509280130733,-5.638863550023807,-5.048907303067291,-5.05075096573622,-4.9197746438804755,-5.367909127342876,-5.0686164188216125,-5.079466206461438,-5.000271127615892,-5.093872208400445,-4.8821556012375975,-5.035776704290599,-4.981744675606174,-5.126427357939313,-4.993645116133992,-4.871488703057794,-5.112734374694486,-5.080875570736839,-5.769551078621726,-5.769551078621726,-5.769551078621726,-5.769551078621726,-5.769551078621726,-5.769551078621726,-5.769551078621726,-5.769551078621726,-5.769551078621726,-5.769551078621726,-5.769551078621726,-5.769551078621726,-5.769551078621726,-5.769551078621726,-5.769551078621726,-5.769551078621726,-5.769551078621726,-5.769551078621726,-5.769551078621726,-5.769551078621726
-5.4201844110424835,-5.129976692860919,-5.222785555070504,-5.625424393166012,-5.352155094065451,-5.326662951266959,-5.180636502851703,-5.490213714357099,-5.311971583632647,-5.281113505211226,-5.295026977807532,-5.2641323025459545,-5.178828115342863,-5.255023780036584,-5.221573322059066,-5.26768118230325,-5.262637934770007,-5.248244372388491,-5.359879372543014,-5.277025583624255,-5.853871964321762,-5.853871964321762,-5.853871964321762,-5.853871964321762,-5.853871964321762,-5.853871964321762,-5.853871964321762,-5.853871964321762,-5.853871964321762,-5.853871964321762,-5.853871964321762,-5.853871964321762,-5.853871964321762,-5.853871964321762,-5.853871964321762,-5.853871964321762,-5.853871964321762,-5.853871964321762,-5.853871964321762,-5.853871964321762
-4.811389960103137,-4.63798831461342,-4.754525933119855,-4.925724301428855,-4.741293332170912,-4.909823997638108,-4.979076715111019,-4.926166015071004,-4.726268898487385,-4.631076516073575,-4.627190555365415,-4.680949786609053,-4.949981831748911,-4.624860763100668,-4.957783391204745,-4.9365923800058225,-4.9020373105979935,-4.943839568244241,-4.962927700465117,-4.9520281354104885,-5.050609993355088,-5.050609993355088,-5.050609993355088,-5.050609993355088,-5.050609993355088,-5.050609993355088,-5.050609993355088,-5.050609993355088,-5.050609993355088,-5.050609993355088,-5.050609993355088,-5.050609993355088,-5.050609993355088,-5.050609993355088,-5.050609993355088,-5.050609993355088,-5.050609993355088,-5.050609993355088,-5.050609993355088,-5.050609993355088
-4.91130525428679,-5.215296549084287,-5.403722911478898,-4.968416165135052,-5.393061377535422,-5.03536355988455,-4.997587921559232,-5.027566367556963,-5.3017742085521276,-5.3673078071740115,-5.374986072931482,-5.334624018122189,-5.045796759532986,-5.372336702899607,-5.083157238745165,-4.993296632384794,-4.95723461629366,-5.053630071311071,-5.095240620577382,-5.008423207956001,-6.119186407719209,-6.119186407719209,-6.119186407719209,-6.119186407719209,-6.119186407719209,-6.119186407719209,-6.119186407719209,-6.119186407719209,-6.119186407719209,-6.119186407719209,-6.119186407719209,-6.119186407719209,-6.119186407719209,-6.119186407719209,-6.119186407719209,-6.119186407719209,-6.119186407719209,-6.119186407719209,-6.119186407719209,-6.119186407719209
-4.992166259139776,-4.566233746627889,-4.470966035804041,-5.340569855366149,-4.428958943028521,-4.826753353324851,-4.909662320674345,-5.152231953590997,-4.557961732839162,-4.347113644647878,-4.2789123503042115,-4.443507762352852,-4.898229369794778,-4.274180058388963,-4.834176670195539,-4.911101716791268,-4.901429587389949,-4.813591548012239,-4.90931405008568,-4.941691545142127,-5.920818753952375,-5.920818753952375,-5.920818753952375,-5.920818753952375,-5.920818753952375,-5.920818753952375,-5.920818753952375,-5.920818753952375,-5.920818753952375,-5.920818753952375,-5.920818753952375,-5.920818753952375,-5.920818753952375,-5.920818753952375,-5.920818753952375,-5.920818753952375,-5.920818753952375,-5.920818753952375,-5.920818753952375,-5.920818753952375
-5.212170516420206,-4.916175803377466,-4.897698210095952,-5.438477926028351,-4.887325404355947,-4.974283338362239,-4.905717545953393,-5.22372927561424,-4.945261171216136,-4.87088126444318,-4.799631350976751,-4.936578291788356,-4.848274262004287,-4.842921821334773,-4.9189719638436324,-5.078426835789145,-4.940167250109274,-4.845236870599752,-5.025140153997794,-5.016710757947196,-5.958607314841775,-5.958607314841775,-5.958607314841775,-5.958607314841775,-5.958607314841775,-5.958607314841775,-5.958607314841775,-5.958607314841775,-5.958607314841775,-5.958607314841775,-5.958607314841775,-5.958607314841775,-5.958607314841775,-5.958607314841775,-5.958607314841775,-5.958607314841775,-5.958607314841775,-5.958607314841775,-5.958607314841775,-5.958607314841775
-5.261086222699594,-4.937439650066592,-4.913545888616796,-5.5737243969027865,-4.8864415083614885,-4.956020694470102,-4.875651340633005,-5.340560194415597,-4.9450059876127135,-4.876926379596252,-4.791834251011155,-4.928170926062118,-4.876936280417928,-4.857325821954912,-4.914862568625321,-5.095795952837928,-4.9499717410890485,-4.799177745789764,-5.039311458315723,-5.05230880800607,-5.823908740944319,-5.823908740944319,-5.823908740944319,-5.823908740944319,-5.823908740944319,-5.823908740944319,-5.823908740944319,-5.823908740944319,-5.823908740944319,-5.823908740944319,-5.823908740944319,-5.823908740944319,-5.823908740944319,-5.823908740944319,-5.823908740944319,-5.823908740944319,-5.823908740944319,-5.823908740944319,-5.823908740944319,-5.823908740944319
-6.259103612443349,-6.4297340690214595,-6.275395439214008,-6.418230411659757,-6.3173609976693506,-6.32620325731739,-6.322033137775356,-6.24746971201462,-6.356594005472443,-6.316843845289414,-6.3663661173215305,-6.341506704877931,-6.37073367670708,-6.176715870900063,-6.250007170869052,-6.3132393793140995,-6.282554783370627,-6.219309630066547,-6.2281332884617875,-6.319171297378452,-6.008773924307505,-6.008773924307505,-6.008773924307505,-6.008773924307505,-6.008773924307505,-6.008773924307505,-6.008773924307505,-6.008773924307505,-6.008773924307505,-6.008773924307505,-6.008773924307505,-6.008773924307505,-6.008773924307505,-6.008773924307505,-6.008773924307505,-6.008773924307505,-6.008773924307505,-6.008773924307505,-6.008773924307505,-6.008773924307505
-5.861204547996447,-5.909527865850143,-6.010241339187347,-5.888113842651342,-5.985598799502202,-5.909222209111988,-6.009791731700142,-5.930674307220104,-5.874416731541835,-5.890804544687341,-5.928250737175968,-5.890061394993691,-5.998495378049256,-6.062334156657578,-5.9996762709648825,-5.955105019751819,-6.042017650605351,-6.017653611548157,-6.089584238422275,-5.929649672050266,-5.522878745280337,-5.522878745280337,-5.522878745280337,-5.522878745280337,-5.522878745280337,-5.522878745280337,-5.522878745280337,-5.522878745280337,-5.522878745280337,-5.522878745280337,-5.522878745280337,-5.522878745280337,-5.522878745280337,-5.522878745280337,-5.522878745280337,-5.522878745280337,-5.522878745280337,-5.522878745280337,-5.522878745280337,-5.522878745280337
-6.120700140720207,-6.134150986727122,-6.12129232537889,-6.138436445289305,-6.1194293308222045,-6.058553911803992,-6.132600811216121,-6.106716565250995,-6.086973014796803,-6.11536632190765,-6.134067958982616,-6.105928425063534,-6.129774135125742,-6.108847481397908,-6.0690355963132685,-6.1251598672969,-6.083118848594696,-6.100775139448191,-6.116592999690019,-6.10608461518457,-6.301029995663981,-6.301029995663981,-6.301029995663981,-6.301029995663981,-6.301029995663981,-6.301029995663981,-6.301029995663981,-6.301029995663981,-6.301029995663981,-6.301029995663981,-6.301029995663981,-6.301029995663981,-6.301029995663981,-6.301029995663981,-6.301029995663981,-6.301029995663981,-6.301029995663981,-6.301029995663981,-6.301029995663981,-6.301029995663981
-5.608480540788767,-5.495966559309472,-5.616703091488914,-5.549650400168062,-5.665283038591068,-5.610617206585316,-5.677185806176723,-5.541479881527919,-5.544205731544605,-5.7138931251439535,-5.716705349002088,-5.585548947913553,-5.766883957840053,-5.636756239875658,-5.683516675688713,-5.705204887441935,-5.7537807292112335,-5.620657106018844,-5.892985370568531,-5.686257780052483,-5.769551078621726,-5.769551078621726,-5.769551078621726,-5.769551078621726,-5.769551078621726,-5.769551078621726,-5.769551078621726,-5.769551078621726,-5.769551078621726,-5.769551078621726,-5.769551078621726,-5.769551078621726,-5.769551078621726,-5.769551078621726,-5.769551078621726,-5.769551078621726,-5.769551078621726,-5.769551078621726,-5.769551078621726,-5.769551078621726
-5.493675526543093,-5.495803477359658,-5.4746644269058935,-5.499401565220165,-5.5674771915048895,-5.4718872436534856,-5.42357530643245,-5.48747688600561,-5.520015862964261,-5.519891473448178,-5.567097858005126,-5.501548911249721,-5.471546645891014,-5.423987043570288,-5.435399259094156,-5.430361023041259,-5.431561104895694,-5.425696383742032,-5.454615438791373,-5.481726442228192,-5.638272163982407,-5.638272163982407,-5.638272163982407,-5.638272163982407,-5.638272163982407,-5.638272163982407,-5.638272163982407,-5.638272163982407,-5.638272163982407,-5.638272163982407,-5.638272163982407,-5.638272163982407,-5.638272163982407,-5.638272163982407,-5.638272163982407,-5.638272163982407,-5.638272163982407,-5.638272163982407,-5.638272163982407,-5.638272163982407
-5.6367615367585415,-5.7480769262476255,-5.672214935489147,-5.7623544009040755,-5.681505531147004,-5.725272602498184,-5.702404478739598,-5.747993903185532,-5.76369576236439,-5.810396723531142,-5.796528471250785,-5.733207944728226,-5.821037396586224,-5.675390657224107,-5.710418877540905,-5.8145412809280685,-5.7157629955176885,-5.717395712809533,-5.714960259730552,-5.775608113628667,-6.130768280269024,-6.130768280269024,-6.130768280269024,-6.130768280269024,-6.130768280269024,-6.130768280269024,-6.130768280269024,-6.130768280269024,-6.130768280269024,-6.130768280269024,-6.130768280269024,-6.130768280269024,-6.130768280269024,-6.130768280269024,-6.130768280269024,-6.130768280269024,-6.130768280269024,-6.130768280269024,-6.130768280269024,-6.130768280269024
-5.749408669134819,-5.761712166204364,-5.792732558807713,-5.727784179975804,-5.8578398060096655,-5.763196385428804,-5.763221103535735,-5.695789219180598,-5.7296127844319305,-5.753581738422281,-5.843953505353722,-5.7848732706872,-5.819523693773072,-5.786904361437622,-5.786439855348602,-5.724060498972759,-5.754491263935558,-5.746637047851114,-5.902721915393519,-5.7877805902507,-6.275724130399211,-6.275724130399211,-6.275724130399211,-6.275724130399211,-6.275724130399211,-6.275724130399211,-6.275724130399211,-6.275724130399211,-6.275724130399211,-6.275724130399211,-6.275724130399211,-6.275724130399211,-6.275724130399211,-6.275724130399211,-6.275724130399211,-6.275724130399211,-6.275724130399211,-6.275724130399211,-6.275724130399211,-6.275724130399211
-5.756169046876049,-5.897191788488872,-5.996657117638331,-5.844673339408414,-5.951511782331372,-5.901110466532915,-5.984063682053389,-5.954153882478156,-5.799192028095338,-5.922683201185406,-5.867241959997963,-5.8647229915527594,-5.927762466153771,-6.110898081894551,-6.112840488942272,-5.962527160040311,-6.050142967338136,-6.097152332002199,-6.150169626372355,-5.926464540208184,-5.638272163982407,-5.638272163982407,-5.638272163982407,-5.638272163982407,-5.638272163982407,-5.638272163982407,-5.638272163982407,-5.638272163982407,-5.638272163982407,-5.638272163982407,-5.638272163982407,-5.638272163982407,-5.638272163982407,-5.638272163982407,-5.638272163982407,-5.638272163982407,-5.638272163982407,-5.638272163982407,-5.638272163982407,-5.638272163982407
-5.694930724889874,-5.727745521442195,-5.756478128428142,-5.665493352835622,-5.761775972500023,-5.730990766838466,-5.702598352668335,-5.603712033158177,-5.723807155591103,-5.772753094801595,-5.79688161959814,-5.791656226820566,-5.783605990668806,-5.781926777059877,-5.747971388440239,-5.719174398394614,-5.689865726197021,-5.756554162131172,-5.776871202692213,-5.7753309982265995,-6.0,-6.0,-6.0,-6.0,-6.0,-6.0,-6.0,-6.0,-6.0,-6.0,-6.0,-6.0,-6.0,-6.0,-6.0,-6.0,-6.0,-6.0,-6.0,-6.0
-5.418609614769735,-5.404964869126672,-5.435302639321915,-5.426304655175087,-5.528150803858235,-5.395547817290382,-5.373620952375227,-5.452435051718576,-5.447241705440013,-5.427992935466576,-5.4652013114518505,-5.405912416450157,-5.388615034744333,-5.4036519810325405,-5.381441882084813,-5.355437387582258,-5.39576528662396,-5.382549120856408,-5.4386984378423735,-5.397797070565589,-5.795880017344075,-5.795880017344075,-5.795880017344075,-5.795880017344075,-5.795880017344075,-5.795880017344075,-5.795880017344075,-5.795880017344075,-5.795880017344075,-5.795880017344075,-5.795880017344075,-5.795880017344075,-5.795880017344075,-5.795880017344075,-5.795880017344075,-5.795880017344075,-5.795880017344075,-5.795880017344075,-5.795880017344075,-5.795880017344075
-6.033188425626277,-6.035334724062286,-6.290838393204253,-6.0330786054444445,-6.229008135894633,-6.076086589186299,-6.2826456150470005,-6.120006983360133,-6.0938394976862105,-6.092201234742627,-6.109371690009553,-6.12122314988653,-6.2052489964572315,-6.45921095465935,-6.318572523928344,-6.160057853985814,-6.249886291149915,-6.28440285228147,-6.438844863864655,-6.180470630633029,-5.958607314841775,-5.958607314841775,-5.958607314841775,-5.958607314841775,-5.958607314841775,-5.958607314841775,-5.958607314841775,-5.958607314841775,-5.958607314841775,-5.958607314841775,-5.958607314841775,-5.958607314841775,-5.958607314841775,-5.958607314841775,-5.958607314841775,-5.958607314841775,-5.958607314841775,-5.958607314841775,-5.958607314841775,-5.958607314841775
-5.866935309795273,-5.7675114203558655,-5.85164268309742,-5.83399035114578,-5.870518921764227,-5.784167145466782,-5.862509922622519,-5.825853133723397,-5.821233910588148,-5.910584227274348,-5.897077888613035,-5.834608488042346,-5.924858908338241,-5.867419473485119,-5.807224624373442,-5.893842130772845,-5.879137771406252,-5.8265096581958336,-5.960433856415014,-5.866269831302673,-6.366531544420414,-6.366531544420414,-6.366531544420414,-6.366531544420414,-6.366531544420414,-6.366531544420414,-6.366531544420414,-6.366531544420414,-6.366531544420414,-6.366531544420414,-6.366531544420414,-6.366531544420414,-6.366531544420414,-6.366531544420414,-6.366531544420414,-6.366531544420414,-6.366531544420414,-6.366531544420414,-6.366531544420414,-6.366531544420414
-5.926351342026124,-5.811912929273503,-5.850113640049836,-5.867610489834819,-5.846250665480816,-5.8115415454868975,-5.8688200823524035,-5.847071456278642,-5.835092918698759,-5.9493720443603095,-5.925546134958992,-5.874440932466272,-5.938047937102257,-5.84073754623979,-5.823649448986527,-5.928681932749388,-5.847989509633216,-5.833209180796538,-5.917322428940484,-5.893891012607199,-6.075720713938118,-6.075720713938118,-6.075720713938118,-6.075720713938118,-6.075720713938118,-6.075720713938118,-6.075720713938118,-6.075720713938118,-6.075720713938118,-6.075720713938118,-6.075720713938118,-6.075720713938118,-6.075720713938118,-6.075720713938118,-6.075720713938118,-6.075720713938118,-6.075720713938118,-6.075720713938118,-6.075720713938118,-6.075720713938118
-6.467486745610881,-6.480734504236672,-6.367481833455179,-6.469549539583716,-6.351703496981166,-6.321479075767833,-6.381473197807156,-6.464699494071406,-6.412395074699896,-6.356748694462993,-6.376790364858473,-6.355809550264404,-6.389800215311798,-6.318570965105419,-6.338426870971856,-6.386876085218494,-6.362624778712848,-6.324529164675057,-6.29031917597053,-6.36822568158197,-6.366531544420414,-6.366531544420414,-6.366531544420414,-6.366531544420414,-6.366531544420414,-6.366531544420414,-6.366531544420414,-6.366531544420414,-6.366531544420414,-6.366531544420414,-6.366531544420414,-6.366531544420414,-6.366531544420414,-6.366531544420414,-6.366531544420414,-6.366531544420414,-6.366531544420414,-6.366531544420414,-6.366531544420414,-6.366531544420414
-6.184272388754828,-6.176139323275264,-6.156969578257052,-6.149811603197972,-6.132937340116641,-6.170622955793429,-6.187700540387822,-6.156194125500906,-6.148393839061267,-6.170551043776995,-6.163451222069913,-6.147970235380237,-6.236519816578755,-6.172760748226854,-6.21442203732356,-6.205593884062566,-6.202393406568376,-6.178985582609242,-6.2636067477941255,-6.201613689351945,-6.443697499232713,-6.443697499232713,-6.443697499232713,-6.443697499232713,-6.443697499232713,-6.443697499232713,-6.443697499232713,-6.443697499232713,-6.443697499232713,-6.443697499232713,-6.443697499232713,-6.443697499232713,-6.443697499232713,-6.443697499232713,-6.443697499232713,-6.443697499232713,-6.443697499232713,-6.443697499232713,-6.443697499232713,-6.443697499232713
-5.5777507737594405,-5.649546529312649,-5.696774326126624,-5.599080340915246,-5.719522509574331,-5.673548571371946,-5.643734990081187,-5.610345616344547,-5.6667597142353845,-5.675402632101264,-5.728908711546635,-5.696880344775952,-5.703710799304547,-5.693348427272943,-5.687133506204394,-5.6083413610501465,-5.659533830594121,-5.651065942637525,-5.745586935679315,-5.670645455691486,-6.0,-6.0,-6.0,-6.0,-6.0,-6.0,-6.0,-6.0,-6.0,-6.0,-6.0,-6.0,-6.0,-6.0,-6.0,-6.0,-6.0,-6.0,-6.0,-6.0
-5.886748236315225,-5.893390411115197,-5.9308710463191305,-5.8923924044586125,-5.942683392677733,-5.860280639543388,-5.901420707499725,-5.866187549429124,-5.912299147485871,-5.920349120966259,-5.944021549324461,-5.917385179886588,-5.931209048122686,-5.925254407987291,-5.871997186612613,-5.8700052816626025,-5.895374698270091,-5.87873502403832,-5.943473856001656,-5.894506482657557,-6.200659450546418,-6.200659450546418,-6.200659450546418,-6.200659450546418,-6.200659450546418,-6.200659450546418,-6.200659450546418,-6.200659450546418,-6.200659450546418,-6.200659450546418,-6.200659450546418,-6.200659450546418,-6.200659450546418,-6.200659450546418,-6.200659450546418,-6.200659450546418,-6.200659450546418,-6.200659450546418,-6.200659450546418,-6.200659450546418
-5.788298060991507,-5.811543909432682,-5.77431333952217,-5.752070470431982,-5.787541877959322,-5.764492098248601,-5.716176619426411,-5.782674830039005,-5.773548311617032,-5.694345227042133,-5.76101262444461,-5.735103159047152,-5.745291060688419,-5.759904504379167,-5.805206905051512,-5.6784171046260585,-5.7370905207876355,-5.7592869857454465,-5.783112899594881,-5.717230479201026,-5.6777807052660805,-5.6777807052660805,-5.6777807052660805,-5.6777807052660805,-5.6777807052660805,-5.6777807052660805,-5.6777807052660805,-5.6777807052660805,-5.6777807052660805,-5.6777807052660805,-5.6777807052660805,-5.6777807052660805,-5.6777807052660805,-5.6777807052660805,-5.6777807052660805,-5.6777807052660805,-5.6777807052660805,-5.6777807052660805,-5.6777807052660805,-5.6777807052660805
-5.585161128811709,-5.650471130339257,-5.70080057200493,-5.609487819332807,-5.717957804320778,-5.665177808142094,-5.632197294357752,-5.625971298379136,-5.659347744739571,-5.674702721332994,-5.7107432481801235,-5.689427091890244,-5.667220229741687,-5.6836641578940394,-5.665836736446421,-5.620092089606412,-5.643771222892465,-5.6662588632968305,-5.704360342154684,-5.673481787154473,-5.823908740944319,-5.823908740944319,-5.823908740944319,-5.823908740944319,-5.823908740944319,-5.823908740944319,-5.823908740944319,-5.823908740944319,-5.823908740944319,-5.823908740944319,-5.823908740944319,-5.823908740944319,-5.823908740944319,-5.823908740944319,-5.823908740944319,-5.823908740944319,-5.823908740944319,-5.823908740944319,-5.823908740944319,-5.823908740944319
-5.609589470364838,-5.700745888129933,-5.714825087104408,-5.66360811337105,-5.738058206806959,-5.658719691658539,-5.666330473354277,-5.665629657275122,-5.693951449469093,-5.667981945852367,-5.709764692800641,-5.694539582767593,-5.67835293806625,-5.70375545007498,-5.64471441420175,-5.6404611740358845,-5.652096750052491,-5.67326433550931,-5.6539068238564525,-5.668050340446954,-5.920818753952375,-5.920818753952375,-5.920818753952375,-5.920818753952375,-5.920818753952375,-5.920818753952375,-5.920818753952375,-5.920818753952375,-5.920818753952375,-5.920818753952375,-5.920818753952375,-5.920818753952375,-5.920818753952375,-5.920818753952375,-5.920818753952375,-5.920818753952375,-5.920818753952375,-5.920818753952375,-5.920818753952375,-5.920818753952375
-5.336895142675311,-5.4176892657925455,-5.65449482628882,-5.07807383913448,-5.3717649495667645,-5.556944538558895,-5.569073456731666,-5.220395209525682,-5.26664160266783,-5.3644181496272765,-5.285226193805243,-5.559344710139459,-5.355192581233963,-5.7709059674842464,-5.788559158937573,-5.236282427999419,-5.388355393437305,-5.242373227927537,-5.554498617345732,-5.287083825599763,-5.585026652029182,-5.585026652029182,-5.585026652029182,-5.585026652029182,-5.585026652029182,-5.585026652029182,-5.585026652029182,-5.585026652029182,-5.585026652029182,-5.585026652029182,-5.585026652029182,-5.585026652029182,-5.585026652029182,-5.585026652029182,-5.585026652029182,-5.585026652029182,-5.585026652029182,-5.585026652029182,-5.585026652029182,-5.585026652029182
-5.255377784603335,-5.358560679821854,-5.606611997670583,-4.9334334005826035,-5.274982903830753,-5.444726290914004,-5.462123951562153,-5.129877586157151,-5.092906853834407,-5.185332150922307,-5.096995412010199,-5.448400319199235,-5.0713764947861275,-5.682074765136661,-5.713454077321392,-5.027067321051176,-5.2117652256688025,-5.218101067962501,-5.3123141473456945,-5.076405397634517,-4.853871964321762,-4.853871964321762,-4.853871964321762,-4.853871964321762,-4.853871964321762,-4.853871964321762,-4.853871964321762,-4.853871964321762,-4.853871964321762,-4.853871964321762,-4.853871964321762,-4.853871964321762,-4.853871964321762,-4.853871964321762,-4.853871964321762,-4.853871964321762,-4.853871964321762,-4.853871964321762,-4.853871964321762,-4.853871964321762
-5.55263373437275,-5.611279473029717,-5.802446017887657,-5.415881431693556,-5.6255326111677215,-5.732061602085534,-5.776378315291338,-5.496553169356003,-5.5700845814310425,-5.642278743647445,-5.598637849147455,-5.739422135476085,-5.714097089712308,-5.921918935608525,-5.899573600425693,-5.573364764442008,-5.688927978271609,-5.331118403426327,-5.856596697812168,-5.611273918499989,-5.6777807052660805,-5.6777807052660805,-5.6777807052660805,-5.6777807052660805,-5.6777807052660805,-5.6777807052660805,-5.6777807052660805,-5.6777807052660805,-5.6777807052660805,-5.6777807052660805,-5.6777807052660805,-5.6777807052660805,-5.6777807052660805,-5.6777807052660805,-5.6777807052660805,-5.6777807052660805,-5.6777807052660805,-5.6777807052660805,-5.6777807052660805,-5.6777807052660805
-5.32782414547322,-5.43411299004253,-5.680700949589796,-5.038344466389666,-5.337946849105713,-5.5126380040961,-5.529220148948726,-5.208714093148015,-5.201785523277007,-5.293082469520082,-5.189704582816327,-5.52840440627753,-5.171660493835577,-5.769612736017061,-5.769216356662249,-5.155271258001845,-5.291359008335751,-5.22004400449937,-5.398174469560128,-5.192273842971295,-6.050609993355088,-6.050609993355088,-6.050609993355088,-6.050609993355088,-6.050609993355088,-6.050609993355088,-6.050609993355088,-6.050609993355088,-6.050609993355088,-6.050609993355088,-6.050609993355088,-6.050609993355088,-6.050609993355088,-6.050609993355088,-6.050609993355088,-6.050609993355088,-6.050609993355088,-6.050609993355088,-6.050609993355088,-6.050609993355088
-5.735146249903482,-5.703289820467452,-5.73545185454982,-5.7424740330271105,-5.765246119051156,-5.7076649091088125,-5.7205761570629265,-5.71017723336894,-5.765553390369343,-5.78779619290607,-5.806734969903712,-5.764982434120982,-5.774448267273247,-5.694934945250193,-5.667842263378691,-5.722235255406911,-5.694656104831517,-5.680167786912248,-5.746752314169532,-5.743730795054565,-6.036212172654444,-6.036212172654444,-6.036212172654444,-6.036212172654444,-6.036212172654444,-6.036212172654444,-6.036212172654444,-6.036212172654444,-6.036212172654444,-6.036212172654444,-6.036212172654444,-6.036212172654444,-6.036212172654444,-6.036212172654444,-6.036212172654444,-6.036212172654444,-6.036212172654444,-6.036212172654444,-6.036212172654444,-6.036212172654444
-5.673322887711795,-5.6668965569592356,-5.676063446178725,-5.660873638874701,-5.696534191940639,-5.621876829669941,-5.609777096216405,-5.65705604176377,-5.683109056644813,-5.675221714466997,-5.696084672094569,-5.679062448610323,-5.612589719622022,-5.633831017543685,-5.605779362620202,-5.604763874031797,-5.578436072002395,-5.639708634712671,-5.602851919475106,-5.636900658836077,-5.823908740944319,-5.823908740944319,-5.823908740944319,-5.823908740944319,-5.823908740944319,-5.823908740944319,-5.823908740944319,-5.823908740944319,-5.823908740944319,-5.823908740944319,-5.823908740944319,-5.823908740944319,-5.823908740944319,-5.823908740944319,-5.823908740944319,-5.823908740944319,-5.823908740944319,-5.823908740944319,-5.823908740944319,-5.823908740944319
-5.937346283751037,-5.954205239799151,-6.138464789198025,-5.901834112784318,-6.094567536064672,-5.959855361807518,-6.103189114985371,-5.981612211434953,-5.9398910571670305,-5.949904170807566,-5.968198794520775,-6.000908102838822,-6.018412400957763,-6.252746628269226,-6.168495131986817,-5.978078987402325,-6.059121399760664,-6.125897438367513,-6.225056482618549,-6.015359764060381,-5.886056647693163,-5.886056647693163,-5.886056647693163,-5.886056647693163,-5.886056647693163,-5.886056647693163,-5.886056647693163,-5.886056647693163,-5.886056647693163,-5.886056647693163,-5.886056647693163,-5.886056647693163,-5.886056647693163,-5.886056647693163,-5.886056647693163,-5.886056647693163,-5.886056647693163,-5.886056647693163,-5.886056647693163,-5.886056647693163
-6.041165838821062,-6.060337276203594,-6.10682808873582,-6.084417514028715,-6.085340124618033,-6.136632470345115,-6.098155355666595,-6.039196641105233,-6.063439541629515,-6.147073761103329,-6.174420394041077,-6.139507442747671,-6.184426808429365,-6.064146808646308,-6.100106710382311,-6.189527723956219,-6.113310769045947,-6.127684422379479,-6.227932685085022,-6.193969299893208,-6.0,-6.0,-6.0,-6.0,-6.0,-6.0,-6.0,-6.0,-6.0,-6.0,-6.0,-6.0,-6.0,-6.0,-6.0,-6.0,-6.0,-6.0,-6.0,-6.0
-6.091780922369635,-6.154876275800193,-6.132276274707128,-6.1450380270166445,-6.153535449857877,-6.086328755736459,-6.124262589084248,-6.1324416752798605,-6.099901706919439,-6.071292878465552,-6.088812366016445,-6.091348455005921,-6.086020877146557,-6.116343463359677,-6.085050500494277,-6.0884029658186725,-6.123490859724461,-6.105162837623183,-6.077716044982806,-6.080561878594113,-5.853871964321762,-5.853871964321762,-5.853871964321762,-5.853871964321762,-5.853871964321762,-5.853871964321762,-5.853871964321762,-5.853871964321762,-5.853871964321762,-5.853871964321762,-5.853871964321762,-5.853871964321762,-5.853871964321762,-5.853871964321762,-5.853871964321762,-5.853871964321762,-5.853871964321762,-5.853871964321762,-5.853871964321762,-5.853871964321762
-5.747918401567627,-5.801578518456408,-5.802120293534499,-5.8101490517540535,-5.833935402890197,-5.754444505976112,-5.799092782846383,-5.7805702984609475,-5.830635564599534,-5.8313646038627,-5.835550028763935,-5.809521321803157,-5.836201121939066,-5.804252640939655,-5.729359676494909,-5.781252974857166,-5.802908844566072,-5.769940983210204,-5.752550812231334,-5.767605213723027,-5.886056647693163,-5.886056647693163,-5.886056647693163,-5.886056647693163,-5.886056647693163,-5.886056647693163,-5.886056647693163,-5.886056647693163,-5.886056647693163,-5.886056647693163,-5.886056647693163,-5.886056647693163,-5.886056647693163,-5.886056647693163,-5.886056647693163,-5.886056647693163,-5.886056647693163,-5.886056647693163,-5.886056647693163,-5.886056647693163
-6.055941074799018,-6.150512996788328,-6.17176629602483,-6.1214564636111914,-6.1671103696959815,-6.127510258230612,-6.162076951617453,-6.110656946470165,-6.1272098989121,-6.1210249510376284,-6.131241118980049,-6.133885226859945,-6.21721781421886,-6.214462664856748,-6.164644432635804,-6.15236745662136,-6.222128757026119,-6.178602130936717,-6.235269939576058,-6.1416769089264776,-6.275724130399211,-6.275724130399211,-6.275724130399211,-6.275724130399211,-6.275724130399211,-6.275724130399211,-6.275724130399211,-6.275724130399211,-6.275724130399211,-6.275724130399211,-6.275724130399211,-6.275724130399211,-6.275724130399211,-6.275724130399211,-6.275724130399211,-6.275724130399211,-6.275724130399211,-6.275724130399211,-6.275724130399211,-6.275724130399211
-6.0489591679110974,-5.981216934206672,-5.994228158676268,-6.012603808531256,-6.040317547515475,-5.900120623848524,-6.004396411344492,-5.923666141113741,-5.928322451374709,-5.997978490057275,-6.015897984053751,-5.95018428068512,-5.993427479595057,-6.007594778514814,-5.95713774301071,-6.0028041687341345,-5.997683751417237,-5.988272532805209,-6.033289547463331,-5.975155904558314,-6.292429823902063,-6.292429823902063,-6.292429823902063,-6.292429823902063,-6.292429823902063,-6.292429823902063,-6.292429823902063,-6.292429823902063,-6.292429823902063,-6.292429823902063,-6.292429823902063,-6.292429823902063,-6.292429823902063,-6.292429823902063,-6.292429823902063,-6.292429823902063,-6.292429823902063,-6.292429823902063,-6.292429823902063,-6.292429823902063
-6.065841508869037,-6.008022548105943,-6.070087762219585,-6.034095734257559,-6.059643567687995,-5.963111204347015,-6.084630559299832,-5.940883305505904,-5.99047615787299,-6.074959234616173,-6.069802636399878,-6.019951366693466,-6.070468064207665,-6.1051713765807385,-6.039574688538024,-6.079438778045741,-6.065896478439674,-6.067902697217221,-6.11927390601258,-6.048431305538476,-6.236572006437063,-6.236572006437063,-6.236572006437063,-6.236572006437063,-6.236572006437063,-6.236572006437063,-6.236572006437063,-6.236572006437063,-6.236572006437063,-6.236572006437063,-6.236572006437063,-6.236572006437063,-6.236572006437063,-6.236572006437063,-6.236572006437063,-6.236572006437063,-6.236572006437063,-6.236572006437063,-6.236572006437063,-6.236572006437063
-5.868837932157925,-5.929245524496722,-6.103473582329636,-5.918889233478486,-6.020824008313139,-6.0352806829882315,-6.091207610162765,-5.910047199991893,-5.977762197907282,-6.0796157779366915,-6.099794835744543,-6.042723450751496,-6.12319482478767,-6.132726458029484,-6.101887084350371,-6.075462621298593,-6.100983260638101,-6.1050650216684845,-6.262411913790427,-6.095124686532237,-6.161150909262744,-6.161150909262744,-6.161150909262744,-6.161150909262744,-6.161150909262744,-6.161150909262744,-6.161150909262744,-6.161150909262744,-6.161150909262744,-6.161150909262744,-6.161150909262744,-6.161150909262744,-6.161150909262744,-6.161150909262744,-6.161150909262744,-6.161150909262744,-6.161150909262744,-6.161150909262744,-6.161150909262744,-6.161150909262744
-5.921061446490432,-5.910273494460299,-5.950241600881756,-5.91548013381456,-5.935747171275788,-5.933431779852306,-5.955026738984195,-5.899821143356028,-5.939305933860659,-5.978127362575934,-5.977107448395023,-5.948886808665432,-6.013974764697577,-5.9528911351736165,-5.947162015542484,-5.954615667976886,-5.971074095053901,-5.930437463431328,-6.020487429367623,-5.955718574594818,-5.853871964321762,-5.853871964321762,-5.853871964321762,-5.853871964321762,-5.853871964321762,-5.853871964321762,-5.853871964321762,-5.853871964321762,-5.853871964321762,-5.853871964321762,-5.853871964321762,-5.853871964321762,-5.853871964321762,-5.853871964321762,-5.853871964321762,-5.853871964321762,-5.853871964321762,-5.853871964321762,-5.853871964321762,-5.853871964321762
-5.883837756309828,-5.9702091087801294,-6.09957495342896,-5.957370251833255,-6.0236919759465914,-6.000106849083355,-6.077136807059937,-5.947147523058285,-6.002382495878881,-6.0671107468147385,-6.091387141144661,-6.032771912391469,-6.072227135080808,-6.113096311275074,-6.060057049870357,-6.053192487750634,-6.073898200556959,-6.090906098127574,-6.152780922018243,-6.059828916290928,-5.585026652029182,-5.585026652029182,-5.585026652029182,-5.585026652029182,-5.585026652029182,-5.585026652029182,-5.585026652029182,-5.585026652029182,-5.585026652029182,-5.585026652029182,-5.585026652029182,-5.585026652029182,-5.585026652029182,-5.585026652029182,-5.585026652029182,-5.585026652029182,-5.585026652029182,-5.585026652029182,-5.585026652029182,-5.585026652029182
-5.814882170197025,-5.895180726093266,-6.033261949692171,-5.88525229457031,-5.961448067472338,-5.9437740408609585,-6.007393115223388,-5.877327600344919,-5.941468916675477,-6.00337802253078,-6.037462218482665,-5.970066242690959,-6.025119128498736,-6.045056556014682,-6.001444004425837,-5.983376162074717,-6.016880439058092,-6.017293048234703,-6.1061564479752475,-5.996671537886418,-6.136677139879544,-6.136677139879544,-6.136677139879544,-6.136677139879544,-6.136677139879544,-6.136677139879544,-6.136677139879544,-6.136677139879544,-6.136677139879544,-6.136677139879544,-6.136677139879544,-6.136677139879544,-6.136677139879544,-6.136677139879544,-6.136677139879544,-6.136677139879544,-6.136677139879544,-6.136677139879544,-6.136677139879544,-6.136677139879544
-6.306934781867501,-6.364922417659971,-6.288053266988099,-6.324241700847722,-6.292075946645338,-6.225726771843407,-6.239971457415472,-6.337783770238447,-6.306681113542709,-6.187372069989303,-6.2311747564125906,-6.236534996191506,-6.246601034852379,-6.268827218595931,-6.263175699551679,-6.2198370353513415,-6.24654492643621,-6.251982013295411,-6.23711806777652,-6.23493692251012,-6.537602002101044,-6.537602002101044,-6.537602002101044,-6.537602002101044,-6.537602002101044,-6.537602002101044,-6.537602002101044,-6.537602002101044,-6.537602002101044,-6.537602002101044,-6.537602002101044,-6.537602002101044,-6.537602002101044,-6.537602002101044,-6.537602002101044,-6.537602002101044,-6.537602002101044,-6.537602002101044,-6.537602002101044,-6.537602002101044
-6.023237749987243,-6.0455591422697665,-6.159277494986181,-5.978488665886305,-6.104819729449722,-6.090850083670277,-6.196025045137949,-6.022240798526751,-6.030296492115561,-6.09198088402102,-6.107947011092266,-6.106451519009642,-6.172712008564882,-6.258222733615803,-6.217080358287732,-6.09087219193229,-6.116321333940285,-6.151458173769682,-6.361343709712228,-6.131602686390513,-5.958607314841775,-5.958607314841775,-5.958607314841775,-5.958607314841775,-5.958607314841775,-5.958607314841775,-5.958607314841775,-5.958607314841775,-5.958607314841775,-5.958607314841775,-5.958607314841775,-5.958607314841775,-5.958607314841775,-5.958607314841775,-5.958607314841775,-5.958607314841775,-5.958607314841775,-5.958607314841775,-5.958607314841775,-5.958607314841775
-5.911351273030562,-5.825860267590409,-5.962338613167861,-5.761695556587596,-5.950819613186259,-5.880261647490621,-6.031872581290704,-5.935425681521844,-5.802394247076392,-5.88504453158655,-5.8279718773602065,-5.832478737722437,-5.913579040373273,-6.152316817231975,-6.104227520893996,-5.905842617655201,-6.002936905650352,-6.031791254028629,-6.196281922987533,-5.937931222235806,-5.4089353929735005,-5.4089353929735005,-5.4089353929735005,-5.4089353929735005,-5.4089353929735005,-5.4089353929735005,-5.4089353929735005,-5.4089353929735005,-5.4089353929735005,-5.4089353929735005,-5.4089353929735005,-5.4089353929735005,-5.4089353929735005,-5.4089353929735005,-5.4089353929735005,-5.4089353929735005,-5.4089353929735005,-5.4089353929735005,-5.4089353929735005,-5.4089353929735005
-6.105166997787677,-6.1114277388140135,-5.905083926372519,-6.067059680382935,-5.8899636873695504,-6.09310939831704,-5.9282615279909745,-5.955769260297867,-5.985973919409863,-6.113227583224166,-6.035907954066409,-6.0545437264445,-6.10719129933222,-5.879868681059079,-6.056024853704578,-6.152987134636053,-5.995093130038532,-6.024619667132307,-6.013165785343067,-6.0762563861637435,-6.3872161432802645,-6.3872161432802645,-6.3872161432802645,-6.3872161432802645,-6.3872161432802645,-6.3872161432802645,-6.3872161432802645,-6.3872161432802645,-6.3872161432802645,-6.3872161432802645,-6.3872161432802645,-6.3872161432802645,-6.3872161432802645,-6.3872161432802645,-6.3872161432802645,-6.3872161432802645,-6.3872161432802645,-6.3872161432802645,-6.3872161432802645,-6.3872161432802645
-5.598208293230552,-5.687542564602488,-5.68869077344603,-5.611433816352279,-5.782286709387266,-5.637092182959833,-5.6586708333921525,-5.553362641928982,-5.613007022424914,-5.686255410917682,-5.779169518156962,-5.729692048475789,-5.736342850197662,-5.730471721584052,-5.690963845327772,-5.617242244937106,-5.625141181840782,-5.650024064835467,-5.77199893776512,-5.695962254989536,-6.376750709602099,-6.376750709602099,-6.376750709602099,-6.376750709602099,-6.376750709602099,-6.376750709602099,-6.376750709602099,-6.376750709602099,-6.376750709602099,-6.376750709602099,-6.376750709602099,-6.376750709602099,-6.376750709602099,-6.376750709602099,-6.376750709602099,-6.376750709602099,-6.376750709602099,-6.376750709602099,-6.376750709602099,-6.376750709602099
-5.890934084877263,-5.8134344101329605,-5.7186389184377875,-5.81744350969321,-5.740995391498963,-5.7691298392915895,-5.756874584134814,-5.814699705564493,-5.741300982868505,-5.880649705933717,-5.878316100715116,-5.770806483212379,-5.9043914323073015,-5.726231533930299,-5.853098035510611,-5.87595906004581,-5.851530803810631,-5.798400511894001,-5.853564033110006,-5.8083963895104835,-5.7447274948966935,-5.7447274948966935,-5.7447274948966935,-5.7447274948966935,-5.7447274948966935,-5.7447274948966935,-5.7447274948966935,-5.7447274948966935,-5.7447274948966935,-5.7447274948966935,-5.7447274948966935,-5.7447274948966935,-5.7447274948966935,-5.7447274948966935,-5.7447274948966935,-5.7447274948966935,-5.7447274948966935,-5.7447274948966935,-5.7447274948966935,-5.7447274948966935
-5.977551800810273,-6.002021583338175,-5.909786536434714,-5.9780620678214245,-6.022323457922535,-5.879118763395245,-5.898688497575044,-5.95136588559835,-5.922514253419723,-5.917985058609774,-5.989002391302251,-5.950298117329615,-5.953246228697032,-5.905537223609665,-5.881101120510046,-5.88388265002696,-5.870621355836029,-5.865444140287208,-5.918662718752174,-5.931114512007369,-6.091514981121351,-6.091514981121351,-6.091514981121351,-6.091514981121351,-6.091514981121351,-6.091514981121351,-6.091514981121351,-6.091514981121351,-6.091514981121351,-6.091514981121351,-6.091514981121351,-6.091514981121351,-6.091514981121351,-6.091514981121351,-6.091514981121351,-6.091514981121351,-6.091514981121351,-6.091514981121351,-6.091514981121351,-6.091514981121351
-5.6410027997848555,-5.689210981993124,-5.560425018435661,-5.6048728839523045,-5.65959100761014,-5.637787558735195,-5.5063910091255135,-5.531016579478731,-5.636563007472747,-5.604821872756425,-5.681240139132744,-5.685007892752349,-5.679871176400387,-5.567673665715232,-5.601843735229134,-5.547149829228873,-5.485638984235974,-5.544043972753145,-5.5908817850294295,-5.643225001859783,-6.327902142064283,-6.327902142064283,-6.327902142064283,-6.327902142064283,-6.327902142064283,-6.327902142064283,-6.327902142064283,-6.327902142064283,-6.327902142064283,-6.327902142064283,-6.327902142064283,-6.327902142064283,-6.327902142064283,-6.327902142064283,-6.327902142064283,-6.327902142064283,-6.327902142064283,-6.327902142064283,-6.327902142064283,-6.327902142064283
-5.94925597101183,-5.945564223728769,-5.880969502499322,-5.9526093767890575,-5.966069183917009,-5.814966067836418,-5.848359313963909,-5.9387192764109535,-5.933633058482342,-5.887611003346557,-5.941637246956116,-5.906238501447519,-5.865881136596484,-5.854095056976373,-5.788578646290559,-5.826320942422495,-5.7898581806094205,-5.8116225128710965,-5.796350646362174,-5.881045774784785,-6.221848749616356,-6.221848749616356,-6.221848749616356,-6.221848749616356,-6.221848749616356,-6.221848749616356,-6.221848749616356,-6.221848749616356,-6.221848749616356,-6.221848749616356,-6.221848749616356,-6.221848749616356,-6.221848749616356,-6.221848749616356,-6.221848749616356,-6.221848749616356,-6.221848749616356,-6.221848749616356,-6.221848749616356,-6.221848749616356
-5.475365780041132,-5.357866924120399,-5.373594848647618,-5.378988217599119,-5.441590447219895,-5.376067301256728,-5.377892401241986,-5.41854035847761,-5.398894972540098,-5.476682462426875,-5.480987477351034,-5.369832304796537,-5.455923463987298,-5.377002072690818,-5.440610070489819,-5.41092547345315,-5.462269332036622,-5.393695828481715,-5.4787101835275145,-5.411455544857557,-5.42021640338319,-5.42021640338319,-5.42021640338319,-5.42021640338319,-5.42021640338319,-5.42021640338319,-5.42021640338319,-5.42021640338319,-5.42021640338319,-5.42021640338319,-5.42021640338319,-5.42021640338319,-5.42021640338319,-5.42021640338319,-5.42021640338319,-5.42021640338319,-5.42021640338319,-5.42021640338319,-5.42021640338319,-5.42021640338319
-6.16907787033243,-6.144248443052414,-6.0768114143150775,-6.246241514210426,-6.137047720840189,-6.094732671489831,-6.010195777603128,-6.191921706699189,-6.3229527854173275,-6.184817783690933,-6.1601601747734955,-6.158660226808926,-6.123879397550086,-6.026697528281869,-6.056692491835566,-6.24491775236695,-6.09165998426714,-6.097619362351449,-6.106273768992386,-6.2431375677194305,-6.119186407719209,-6.119186407719209,-6.119186407719209,-6.119186407719209,-6.119186407719209,-6.119186407719209,-6.119186407719209,-6.119186407719209,-6.119186407719209,-6.119186407719209,-6.119186407719209,-6.119186407719209,-6.119186407719209,-6.119186407719209,-6.119186407719209,-6.119186407719209,-6.119186407719209,-6.119186407719209,-6.119186407719209,-6.119186407719209
-6.08678728803581,-6.148416185676649,-6.149289356399779,-6.14922895123412,-6.1742791454578425,-6.107148933864335,-6.104777269248914,-6.134555563240209,-6.164455173296883,-6.115645953828946,-6.1280611750630705,-6.148445899696736,-6.075178487435094,-6.1334059307205155,-6.111257951966732,-6.133961466510782,-6.146367412193685,-6.121897875609429,-6.1479848194227245,-6.1072612607597305,-6.0,-6.0,-6.0,-6.0,-6.0,-6.0,-6.0,-6.0,-6.0,-6.0,-6.0,-6.0,-6.0,-6.0,-6.0,-6.0,-6.0,-6.0,-6.0,-6.0
-6.046545542781098,-6.099329063879036,-6.289374514449144,-6.098413251980914,-6.2500089157985,-6.110329969476803,-6.3134488381038585,-6.120362456725969,-6.103692173649311,-6.220698723412327,-6.233260185519281,-6.182075117350482,-6.267815363603724,-6.261349188985918,-6.272167861426613,-6.255805756710093,-6.265558847793525,-6.216660504826794,-6.430208024723358,-6.276630073407552,-6.142667503568732,-6.142667503568732,-6.142667503568732,-6.142667503568732,-6.142667503568732,-6.142667503568732,-6.142667503568732,-6.142667503568732,-6.142667503568732,-6.142667503568732,-6.142667503568732,-6.142667503568732,-6.142667503568732,-6.142667503568732,-6.142667503568732,-6.142667503568732,-6.142667503568732,-6.142667503568732,-6.142667503568732,-6.142667503568732
-5.9904874490806,-5.9241118624526665,-5.94634839925305,-5.974269484753005,-5.949863575942538,-5.873184726789921,-5.965383798607879,-6.002115350855947,-5.900569720194042,-6.013053895772505,-5.994637880036511,-5.926721183245875,-6.0057044082917574,-5.935146921009815,-5.92970127419372,-6.022300895930231,-5.972738267393377,-5.9280743342758715,-5.988910588813275,-5.96300241356009,-5.7447274948966935,-5.7447274948966935,-5.7447274948966935,-5.7447274948966935,-5.7447274948966935,-5.7447274948966935,-5.7447274948966935,-5.7447274948966935,-5.7447274948966935,-5.7447274948966935,-5.7447274948966935,-5.7447274948966935,-5.7447274948966935,-5.7447274948966935,-5.7447274948966935,-5.7447274948966935,-5.7447274948966935,-5.7447274948966935,-5.7447274948966935,-5.7447274948966935
-5.593207559812959,-5.491626118879395,-5.518454476563251,-5.501441151657918,-5.582267484324687,-5.565584510895606,-5.573177318541447,-5.5434464533100805,-5.5154876072254035,-5.650275037471,-5.637774487157426,-5.52782351669637,-5.694522103450623,-5.566926696707455,-5.656779591934724,-5.627531199649313,-5.685501852125994,-5.581446859268066,-5.774778736905794,-5.60964439561567,-5.769551078621726,-5.769551078621726,-5.769551078621726,-5.769551078621726,-5.769551078621726,-5.769551078621726,-5.769551078621726,-5.769551078621726,-5.769551078621726,-5.769551078621726,-5.769551078621726,-5.769551078621726,-5.769551078621726,-5.769551078621726,-5.769551078621726,-5.769551078621726,-5.769551078621726,-5.769551078621726,-5.769551078621726,-5.769551078621726
-5.603720272132404,-5.643164634665443,-5.530892370606328,-5.596467773505856,-5.565514108905294,-5.637968923983074,-5.504564327028056,-5.549475013180501,-5.655735389059404,-5.647815210648663,-5.675617486504075,-5.643264097576057,-5.629082256372095,-5.4759825626930505,-5.57118422694044,-5.564164420120805,-5.511959496354195,-5.516098118695919,-5.495184947901061,-5.605586463418844,-5.769551078621726,-5.769551078621726,-5.769551078621726,-5.769551078621726,-5.769551078621726,-5.769551078621726,-5.769551078621726,-5.769551078621726,-5.769551078621726,-5.769551078621726,-5.769551078621726,-5.769551078621726,-5.769551078621726,-5.769551078621726,-5.769551078621726,-5.769551078621726,-5.769551078621726,-5.769551078621726,-5.769551078621726,-5.769551078621726
-5.390139992074038,-5.432257920740039,-5.352317678287306,-5.398735962397411,-5.377554556314406,-5.429282730437533,-5.376018114948264,-5.391940623361936,-5.439595777699892,-5.4014043007625085,-5.441041738480501,-5.410155188494875,-5.50960963257543,-5.353355515560083,-5.39001781817427,-5.417367667639946,-5.35294675181966,-5.310195453067751,-5.3516561223617485,-5.420118544624747,-5.823908740944319,-5.823908740944319,-5.823908740944319,-5.823908740944319,-5.823908740944319,-5.823908740944319,-5.823908740944319,-5.823908740944319,-5.823908740944319,-5.823908740944319,-5.823908740944319,-5.823908740944319,-5.823908740944319,-5.823908740944319,-5.823908740944319,-5.823908740944319,-5.823908740944319,-5.823908740944319,-5.823908740944319,-5.823908740944319
-5.6052563660662384,-5.666360224041397,-5.628450685372768,-5.6161822841657525,-5.619103032945021,-5.682625771098378,-5.638436398878127,-5.577352005072795,-5.6676518395619295,-5.703872471047129,-5.703911967882665,-5.6977308711155805,-5.736800751588362,-5.624934982123322,-5.653897192380577,-5.688107718041891,-5.600782193239639,-5.612585714441809,-5.656041036537086,-5.693333842126296,-5.537602002101044,-5.537602002101044,-5.537602002101044,-5.537602002101044,-5.537602002101044,-5.537602002101044,-5.537602002101044,-5.537602002101044,-5.537602002101044,-5.537602002101044,-5.537602002101044,-5.537602002101044,-5.537602002101044,-5.537602002101044,-5.537602002101044,-5.537602002101044,-5.537602002101044,-5.537602002101044,-5.537602002101044,-5.537602002101044
-5.461995106660111,-5.504062285474603,-5.449074206126408,-5.439546219476828,-5.441250910729561,-5.524095910369118,-5.440803528874873,-5.407928256981363,-5.498281642295432,-5.535219619160717,-5.546034888148758,-5.528117175894158,-5.554129420741247,-5.431904589440831,-5.50658022980407,-5.491285093664893,-5.42238227040216,-5.4286075736664605,-5.465729100433295,-5.50168044406935,-5.619788758288394,-5.619788758288394,-5.619788758288394,-5.619788758288394,-5.619788758288394,-5.619788758288394,-5.619788758288394,-5.619788758288394,-5.619788758288394,-5.619788758288394,-5.619788758288394,-5.619788758288394,-5.619788758288394,-5.619788758288394,-5.619788758288394,-5.619788758288394,-5.619788758288394,-5.619788758288394,-5.619788758288394,-5.619788758288394
-5.236950305487381,-5.097410437155032,-5.1352135619482,-5.06397339086068,-5.159437906009895,-5.1811017655405776,-5.084394007340489,-5.150462468604485,-5.115121008810587,-5.0940228595682076,-5.111750405541508,-5.085684268235156,-5.086133646693054,-5.0605607197341165,-5.192507216327445,-5.04224625711756,-5.115400376912717,-5.0911620198672844,-5.166604834837193,-5.06470006319433,-5.795880017344075,-5.795880017344075,-5.795880017344075,-5.795880017344075,-5.795880017344075,-5.795880017344075,-5.795880017344075,-5.795880017344075,-5.795880017344075,-5.795880017344075,-5.795880017344075,-5.795880017344075,-5.795880017344075,-5.795880017344075,-5.795880017344075,-5.795880017344075,-5.795880017344075,-5.795880017344075,-5.795880017344075,-5.795880017344075
-5.4070203692225585,-5.340961884922514,-5.315834003153181,-5.3615711286569425,-5.317861595382712,-5.3610011464377845,-5.273955400008922,-5.3680590384848825,-5.410601833512525,-5.369787460345033,-5.367890956621313,-5.334651313472884,-5.347341092665147,-5.241091212723417,-5.2837896264071755,-5.340867095922843,-5.275822650628667,-5.2784489231029905,-5.251193764434231,-5.32846416978459,-5.823908740944319,-5.823908740944319,-5.823908740944319,-5.823908740944319,-5.823908740944319,-5.823908740944319,-5.823908740944319,-5.823908740944319,-5.823908740944319,-5.823908740944319,-5.823908740944319,-5.823908740944319,-5.823908740944319,-5.823908740944319,-5.823908740944319,-5.823908740944319,-5.823908740944319,-5.823908740944319,-5.823908740944319,-5.823908740944319
-5.62102719692568,-5.639521727353661,-5.6716431701731596,-5.625408073889104,-5.64081771693594,-5.620301828192794,-5.608339096131187,-5.605793670701484,-5.647200077637412,-5.662067519999237,-5.660941361847209,-5.6431976799521895,-5.587220803917528,-5.60715844445136,-5.595217149844334,-5.634602800470608,-5.571459987816961,-5.6466320430642885,-5.585536200887114,-5.625614549241062,-5.795880017344075,-5.795880017344075,-5.795880017344075,-5.795880017344075,-5.795880017344075,-5.795880017344075,-5.795880017344075,-5.795880017344075,-5.795880017344075,-5.795880017344075,-5.795880017344075,-5.795880017344075,-5.795880017344075,-5.795880017344075,-5.795880017344075,-5.795880017344075,-5.795880017344075,-5.795880017344075,-5.795880017344075,-5.795880017344075
-5.044965166619465,-4.949677334557175,-4.992449582043436,-4.79998672543602,-4.970865730323783,-5.030423127396488,-4.928879948719541,-4.936907887534925,-4.905429464749219,-4.864287589458461,-4.882919544560567,-4.912979013470535,-4.8368839965168995,-4.9401960454017395,-5.119953622172645,-4.779170324669362,-4.9206961775668105,-4.97612034938492,-4.970005119402789,-4.823364888308072,-5.537602002101044,-5.537602002101044,-5.537602002101044,-5.537602002101044,-5.537602002101044,-5.537602002101044,-5.537602002101044,-5.537602002101044,-5.537602002101044,-5.537602002101044,-5.537602002101044,-5.537602002101044,-5.537602002101044,-5.537602002101044,-5.537602002101044,-5.537602002101044,-5.537602002101044,-5.537602002101044,-5.537602002101044,-5.537602002101044
-5.36898310591031,-5.411026466006575,-5.344772841752832,-5.366863173912889,-5.364144073283101,-5.390821284494539,-5.348492198073137,-5.380795032632315,-5.407287945082668,-5.348715845013858,-5.3949533859524355,-5.366295719461813,-5.444879603758144,-5.351602620034645,-5.380361843987789,-5.364553306805141,-5.326922054279127,-5.301360021977438,-5.3215300540734605,-5.373539858213391,-5.200659450546418,-5.200659450546418,-5.200659450546418,-5.200659450546418,-5.200659450546418,-5.200659450546418,-5.200659450546418,-5.200659450546418,-5.200659450546418,-5.200659450546418,-5.200659450546418,-5.200659450546418,-5.200659450546418,-5.200659450546418,-5.200659450546418,-5.200659450546418,-5.200659450546418,-5.200659450546418,-5.200659450546418,-5.200659450546418
-5.363012000619683,-5.250218880241909,-5.27977389989911,-5.26060092944872,-5.292181614940709,-5.2958334928109725,-5.201610137239177,-5.300998956203324,-5.298269770777385,-5.273651916258776,-5.280105316240187,-5.231851017709916,-5.1994937550852445,-5.1747006268403,-5.26405670620286,-5.227457134688079,-5.231046355538101,-5.2364988378314274,-5.254550818333341,-5.2321576490459405,-5.075720713938118,-5.075720713938118,-5.075720713938118,-5.075720713938118,-5.075720713938118,-5.075720713938118,-5.075720713938118,-5.075720713938118,-5.075720713938118,-5.075720713938118,-5.075720713938118,-5.075720713938118,-5.075720713938118,-5.075720713938118,-5.075720713938118,-5.075720713938118,-5.075720713938118,-5.075720713938118,-5.075720713938118,-5.075720713938118
-5.902089248063122,-5.81675030096251,-5.894967933998804,-5.864518996431387,-5.899636611884376,-5.8260876881343036,-5.932745650421972,-5.904412353934551,-5.8009627430514845,-5.972255111242558,-5.939607051036346,-5.836641218624789,-5.975150676288146,-5.956053199635679,-5.947977198193304,-6.0063227231040965,-5.994543857973716,-5.967510815702558,-6.074873816802645,-5.951304347814788,-5.698970004336019,-5.698970004336019,-5.698970004336019,-5.698970004336019,-5.698970004336019,-5.698970004336019,-5.698970004336019,-5.698970004336019,-5.698970004336019,-5.698970004336019,-5.698970004336019,-5.698970004336019,-5.698970004336019,-5.698970004336019,-5.698970004336019,-5.698970004336019,-5.698970004336019,-5.698970004336019,-5.698970004336019,-5.698970004336019
-5.897897457197842,-5.791101815492209,-5.761627986930433,-5.847405590574057,-5.806518394150749,-5.771855836729333,-5.777277398127988,-5.832698820217511,-5.772729524164994,-5.882157695579142,-5.8640152035014435,-5.787557730693072,-5.877574187947583,-5.770469129589825,-5.7977751036901175,-5.883879461205647,-5.83217595236107,-5.794512707382181,-5.860097528650229,-5.835980062948487,-5.823908740944319,-5.823908740944319,-5.823908740944319,-5.823908740944319,-5.823908740944319,-5.823908740944319,-5.823908740944319,-5.823908740944319,-5.823908740944319,-5.823908740944319,-5.823908740944319,-5.823908740944319,-5.823908740944319,-5.823908740944319,-5.823908740944319,-5.823908740944319,-5.823908740944319,-5.823908740944319,-5.823908740944319,-5.823908740944319
-6.246409646845766,-6.322403684006228,-6.235726770507217,-6.31809063691495,-6.2176721424789285,-6.15901845452382,-6.231060411385815,-6.267489309438534,-6.229884092439272,-6.238729210010757,-6.2603875354132,-6.214019410558762,-6.223843597908295,-6.206567963905478,-6.189043254168726,-6.253040696518307,-6.227758683621508,-6.204937483805184,-6.143418069682677,-6.206913841744777,-5.508638306165727,-5.508638306165727,-5.508638306165727,-5.508638306165727,-5.508638306165727,-5.508638306165727,-5.508638306165727,-5.508638306165727,-5.508638306165727,-5.508638306165727,-5.508638306165727,-5.508638306165727,-5.508638306165727,-5.508638306165727,-5.508638306165727,-5.508638306165727,-5.508638306165727,-5.508638306165727,-5.508638306165727,-5.508638306165727
-5.1707334215484195,-5.270005604024169,-5.161240750294545,-5.2165381213337065,-5.177848881991541,-5.202708567445135,-5.098167450706769,-5.198098170708907,-5.227361419836585,-5.1611187191593055,-5.140880533500688,-5.196566694241898,-5.180189390908943,-5.117284931063543,-5.101228125170982,-5.179660103097734,-5.1166087574994625,-5.085041281533773,-5.098865731941014,-5.1360873611650435,-4.455931955649724,-4.455931955649724,-4.455931955649724,-4.455931955649724,-4.455931955649724,-4.455931955649724,-4.455931955649724,-4.455931955649724,-4.455931955649724,-4.455931955649724,-4.455931955649724,-4.455931955649724,-4.455931955649724,-4.455931955649724,-4.455931955649724,-4.455931955649724,-4.455931955649724,-4.455931955649724,-4.455931955649724,-4.455931955649724
-5.246482204947557,-5.37052924648659,-5.322990383616391,-5.314276859007787,-5.298326405388947,-5.276713718711498,-5.263002250975292,-5.324414363802057,-5.330086612083582,-5.271475000766479,-5.2740895419852105,-5.30226224104459,-5.252055279172026,-5.33173226121967,-5.23393265519359,-5.250351947397804,-5.27477674914495,-5.3010405682939,-5.324519925438594,-5.220858601532464,-5.795880017344075,-5.795880017344075,-5.795880017344075,-5.795880017344075,-5.795880017344075,-5.795880017344075,-5.795880017344075,-5.795880017344075,-5.795880017344075,-5.795880017344075,-5.795880017344075,-5.795880017344075,-5.795880017344075,-5.795880017344075,-5.795880017344075,-5.795880017344075,-5.795880017344075,-5.795880017344075,-5.795880017344075,-5.795880017344075
-5.4820101828749985,-5.580529640268184,-5.541556108227708,-5.53918038402426,-5.5388708227809165,-5.499597012815668,-5.466981987767751,-5.5265361849907455,-5.595146197779683,-5.551508384884946,-5.548211681822878,-5.549130389292345,-5.484809095248916,-5.548674098418806,-5.471824906538522,-5.4766111173140315,-5.500840989947938,-5.527032467793994,-5.39825478883511,-5.488428056729326,-5.619788758288394,-5.619788758288394,-5.619788758288394,-5.619788758288394,-5.619788758288394,-5.619788758288394,-5.619788758288394,-5.619788758288394,-5.619788758288394,-5.619788758288394,-5.619788758288394,-5.619788758288394,-5.619788758288394,-5.619788758288394,-5.619788758288394,-5.619788758288394,-5.619788758288394,-5.619788758288394,-5.619788758288394,-5.619788758288394
-5.17693712526488,-5.124772697471932,-5.148492072334691,-5.167362845028358,-5.155924475246884,-5.177879887054056,-5.139696166743315,-5.210237315587678,-5.188278789418704,-5.025613562191686,-5.060010700328461,-5.099334766503799,-5.207569145102774,-5.027635501765343,-5.010108430753917,-5.114312544522467,-5.092015851460035,-4.966223030616968,-5.091399540177401,-5.063245392989652,-4.0,-4.0,-4.0,-4.0,-4.0,-4.0,-4.0,-4.0,-4.0,-4.0,-4.0,-4.0,-4.0,-4.0,-4.0,-4.0,-4.0,-4.0,-4.0,-4.0
-5.164127854636476,-5.321883101851806,-5.2608888818710975,-5.218596866434442,-5.235734959145704,-5.204005495746821,-5.155926620836345,-5.217070979314175,-5.2615497122280415,-5.213741758866675,-5.174702469514017,-5.237788582736611,-5.114312200845033,-5.2875136141818535,-5.186862098907172,-5.177471280512457,-5.17768854143017,-5.293025335927324,-5.264675241838694,-5.137430466896808,-5.7447274948966935,-5.7447274948966935,-5.7447274948966935,-5.7447274948966935,-5.7447274948966935,-5.7447274948966935,-5.7447274948966935,-5.7447274948966935,-5.7447274948966935,-5.7447274948966935,-5.7447274948966935,-5.7447274948966935,-5.7447274948966935,-5.7447274948966935,-5.7447274948966935,-5.7447274948966935,-5.7447274948966935,-5.7447274948966935,-5.7447274948966935,-5.7447274948966935
-5.159635800940399,-5.236113709395982,-5.08836302936284,-5.1719263565009275,-5.144362858754902,-5.152025817257127,-5.014692402728593,-5.178475522121145,-5.177189573990894,-5.089707370912033,-5.070588157183137,-5.125573544592946,-5.088788980642145,-5.042435778988175,-5.062222458019618,-5.093943800182855,-5.05490150017757,-5.015188031994828,-5.078820596693679,-5.068256651887251,-5.468521082957745,-5.468521082957745,-5.468521082957745,-5.468521082957745,-5.468521082957745,-5.468521082957745,-5.468521082957745,-5.468521082957745,-5.468521082957745,-5.468521082957745,-5.468521082957745,-5.468521082957745,-5.468521082957745,-5.468521082957745,-5.468521082957745,-5.468521082957745,-5.468521082957745,-5.468521082957745,-5.468521082957745,-5.468521082957745
-5.080894553299039,-5.119892132576608,-4.936405874506899,-5.046443114385218,-5.0595043077251445,-5.055373101826627,-4.877200061427143,-5.079164127980735,-5.068802357434134,-4.954370504268353,-4.969431243743369,-5.004368570176934,-5.005640182079362,-4.884769655474215,-4.975597668034277,-4.923860168661662,-4.944365160122904,-4.825658151401789,-5.107600983150226,-4.931068227711709,-4.853871964321762,-4.853871964321762,-4.853871964321762,-4.853871964321762,-4.853871964321762,-4.853871964321762,-4.853871964321762,-4.853871964321762,-4.853871964321762,-4.853871964321762,-4.853871964321762,-4.853871964321762,-4.853871964321762,-4.853871964321762,-4.853871964321762,-4.853871964321762,-4.853871964321762,-4.853871964321762,-4.853871964321762,-4.853871964321762
-4.970143820755563,-4.973786576235286,-4.784080576649807,-4.945568369732494,-4.938875265058996,-4.946074019803022,-4.773652781217533,-5.00057027872845,-4.939811011086756,-4.767296793842018,-4.823698509607731,-4.83656418501205,-4.937362970421839,-4.717776811368591,-4.8138253563239575,-4.806488666667737,-4.844424358520642,-4.631066439161985,-5.029113776186651,-4.822169382512859,-5.7447274948966935,-5.7447274948966935,-5.7447274948966935,-5.7447274948966935,-5.7447274948966935,-5.7447274948966935,-5.7447274948966935,-5.7447274948966935,-5.7447274948966935,-5.7447274948966935,-5.7447274948966935,-5.7447274948966935,-5.7447274948966935,-5.7447274948966935,-5.7447274948966935,-5.7447274948966935,-5.7447274948966935,-5.7447274948966935,-5.7447274948966935,-5.7447274948966935
-5.223970218254465,-5.360065065809522,-5.242129849839017,-5.291246960322703,-5.236553557722575,-5.263835495201537,-5.19741981086948,-5.270730872092123,-5.3399993791593,-5.277971205804784,-5.266845767385702,-5.300049332675581,-5.267574181981582,-5.256680260861408,-5.193387730357431,-5.241809722560667,-5.209861719975861,-5.242916882701238,-5.35050593675309,-5.207145815406603,-5.769551078621726,-5.769551078621726,-5.769551078621726,-5.769551078621726,-5.769551078621726,-5.769551078621726,-5.769551078621726,-5.769551078621726,-5.769551078621726,-5.769551078621726,-5.769551078621726,-5.769551078621726,-5.769551078621726,-5.769551078621726,-5.769551078621726,-5.769551078621726,-5.769551078621726,-5.769551078621726,-5.769551078621726,-5.769551078621726
-5.171355034966706,-5.046327184284015,-5.153839960085416,-5.132758302261709,-5.143918034493276,-5.175105745409424,-5.163333191933123,-5.191010390808858,-5.104358674491948,-4.969458049476426,-5.031266134673194,-5.046347664090802,-5.2240149837616645,-4.987811852788466,-5.002437414129495,-5.118440348068791,-5.10977271551802,-4.927619283653258,-5.029334249434099,-5.050843046141477,-4.552841968657781,-4.552841968657781,-4.552841968657781,-4.552841968657781,-4.552841968657781,-4.552841968657781,-4.552841968657781,-4.552841968657781,-4.552841968657781,-4.552841968657781,-4.552841968657781,-4.552841968657781,-4.552841968657781,-4.552841968657781,-4.552841968657781,-4.552841968657781,-4.552841968657781,-4.552841968657781,-4.552841968657781,-4.552841968657781
-5.191611151806922,-5.279936110561111,-5.1877932705877985,-5.2369486884342455,-5.211108630225264,-5.239099033552981,-5.135137727187637,-5.21437009091123,-5.246835591263343,-5.202690361610146,-5.187524051388342,-5.229879824819564,-5.2364416781085135,-5.142768667922595,-5.137776235504637,-5.213658331869087,-5.169501421064836,-5.101863553035585,-5.110302366081602,-5.177630049100986,-4.6020599913279625,-4.6020599913279625,-4.6020599913279625,-4.6020599913279625,-4.6020599913279625,-4.6020599913279625,-4.6020599913279625,-4.6020599913279625,-4.6020599913279625,-4.6020599913279625,-4.6020599913279625,-4.6020599913279625,-4.6020599913279625,-4.6020599913279625,-4.6020599913279625,-4.6020599913279625,-4.6020599913279625,-4.6020599913279625,-4.6020599913279625,-4.6020599913279625
-5.167560985439338,-5.25298225686853,-5.0890491954807295,-5.16280468737035,-5.15002639182609,-5.134766810474192,-4.98584000353966,-5.180108327045763,-5.180030603119049,-5.074777115245419,-5.047209177858471,-5.114377129524276,-5.018067439501709,-5.045849406695373,-5.068105900702144,-5.056973551500811,-5.0210208359597575,-5.036220130114689,-5.087567881739452,-5.038944054744984,-5.031517051446065,-5.031517051446065,-5.031517051446065,-5.031517051446065,-5.031517051446065,-5.031517051446065,-5.031517051446065,-5.031517051446065,-5.031517051446065,-5.031517051446065,-5.031517051446065,-5.031517051446065,-5.031517051446065,-5.031517051446065,-5.031517051446065,-5.031517051446065,-5.031517051446065,-5.031517051446065,-5.031517051446065,-5.031517051446065
-5.261322005303226,-5.400886964123208,-5.299024919663623,-5.338314718074965,-5.27654401138999,-5.314238274885063,-5.2614679174187655,-5.318976056849285,-5.372447801591995,-5.318999006077804,-5.305778012003113,-5.345482853069362,-5.314516175624471,-5.307438593352789,-5.234213005633025,-5.29643589072642,-5.2675471504589,-5.294324331119798,-5.350429125855362,-5.256177045076421,-5.0,-5.0,-5.0,-5.0,-5.0,-5.0,-5.0,-5.0,-5.0,-5.0,-5.0,-5.0,-5.0,-5.0,-5.0,-5.0,-5.0,-5.0,-5.0,-5.0
-5.1674188238052805,-5.122592451509791,-5.131513628799363,-5.150520060768158,-5.1390486919829845,-5.160417438322639,-5.1028695474080505,-5.189538889113311,-5.174591295128803,-5.016506063917835,-5.037167761218457,-5.083942522069269,-5.148681212799454,-5.007167424902417,-4.996423430322667,-5.091371447056325,-5.059770081620554,-4.975450126286511,-5.092903813102513,-5.040376755679885,-5.455931955649724,-5.455931955649724,-5.455931955649724,-5.455931955649724,-5.455931955649724,-5.455931955649724,-5.455931955649724,-5.455931955649724,-5.455931955649724,-5.455931955649724,-5.455931955649724,-5.455931955649724,-5.455931955649724,-5.455931955649724,-5.455931955649724,-5.455931955649724,-5.455931955649724,-5.455931955649724,-5.455931955649724,-5.455931955649724
-5.2105171429195325,-5.146824539113338,-5.211997388369841,-5.188796400805402,-5.201635263797045,-5.205083633697604,-5.171821597533235,-5.2257427272373596,-5.200732209995993,-5.075879281211895,-5.103518024750203,-5.131509194682886,-5.195150355379928,-5.072079996021727,-5.062628452832467,-5.149297982363432,-5.129058952694501,-5.041985643016104,-5.087152173171103,-5.095596772589988,-4.292429823902063,-4.292429823902063,-4.292429823902063,-4.292429823902063,-4.292429823902063,-4.292429823902063,-4.292429823902063,-4.292429823902063,-4.292429823902063,-4.292429823902063,-4.292429823902063,-4.292429823902063,-4.292429823902063,-4.292429823902063,-4.292429823902063,-4.292429823902063,-4.292429823902063,-4.292429823902063,-4.292429823902063,-4.292429823902063
-5.279766294234151,-5.371819592558498,-5.451120105975937,-5.234223502368591,-5.378853690398142,-5.429791054527524,-5.443915677427155,-5.274141508743135,-5.335347828538888,-5.25350049304936,-5.261705344722923,-5.4297196426162575,-5.3646316180063955,-5.454898118315126,-5.3929782874216405,-5.287216621258788,-5.362727099955759,-5.297838544591114,-5.308096528653333,-5.263214432440958,-5.619788758288394,-5.619788758288394,-5.619788758288394,-5.619788758288394,-5.619788758288394,-5.619788758288394,-5.619788758288394,-5.619788758288394,-5.619788758288394,-5.619788758288394,-5.619788758288394,-5.619788758288394,-5.619788758288394,-5.619788758288394,-5.619788758288394,-5.619788758288394,-5.619788758288394,-5.619788758288394,-5.619788758288394,-5.619788758288394
-6.081243939048365,-6.103441657209835,-6.048991120918225,-6.006175015782164,-5.97042051836482,-6.060199762073542,-6.11399117037331,-5.9867777645531035,-6.058846915696725,-6.044916775933954,-6.143396234176101,-6.090754045561357,-5.993896530735949,-6.070071006146,-6.089014662164977,-6.18253466778304,-6.147081865925508,-6.103467833491856,-6.17929792832779,-6.082070970450573,-5.7447274948966935,-5.7447274948966935,-5.7447274948966935,-5.7447274948966935,-5.7447274948966935,-5.7447274948966935,-5.7447274948966935,-5.7447274948966935,-5.7447274948966935,-5.7447274948966935,-5.7447274948966935,-5.7447274948966935,-5.7447274948966935,-5.7447274948966935,-5.7447274948966935,-5.7447274948966935,-5.7447274948966935,-5.7447274948966935,-5.7447274948966935,-5.7447274948966935
-5.3612080384680585,-5.517082687930553,-5.617441642880932,-5.388100027764907,-5.55314330404936,-5.493031960479598,-5.552884498931751,-5.411787303498055,-5.465302297594458,-5.452477392302636,-5.44927993056564,-5.56852893558537,-5.407553871563759,-5.686820123598596,-5.571314085452559,-5.432706611211453,-5.522704124695892,-5.593590232346232,-5.487172335102251,-5.402024152738667,-5.055517327849832,-5.055517327849832,-5.055517327849832,-5.055517327849832,-5.055517327849832,-5.055517327849832,-5.055517327849832,-5.055517327849832,-5.055517327849832,-5.055517327849832,-5.055517327849832,-5.055517327849832,-5.055517327849832,-5.055517327849832,-5.055517327849832,-5.055517327849832,-5.055517327849832,-5.055517327849832,-5.055517327849832,-5.055517327849832
-5.525429763235762,-5.504787476635523,-5.629408079468038,-5.4252670512000165,-5.537684175349789,-5.5646963790989386,-5.563998502957654,-5.477146631685059,-5.507070629172347,-5.46045713066178,-5.49632272069603,-5.545927293188769,-5.4194598167323536,-5.553178690331821,-5.550964523777367,-5.483090242898866,-5.493038740026324,-5.570589918949775,-5.595969909262918,-5.452060067908778,-6.0,-6.0,-6.0,-6.0,-6.0,-6.0,-6.0,-6.0,-6.0,-6.0,-6.0,-6.0,-6.0,-6.0,-6.0,-6.0,-6.0,-6.0,-6.0,-6.0
-5.2844804696729275,-5.165126822972808,-4.938183141534668,-5.056831874103619,-4.9933419448671135,-4.753308835294534,-4.90078520220405,-5.159976188659411,-5.12537628562563,-5.05689111032247,-5.04596264537049,-4.998843775173475,-4.970027525158937,-4.920089681017503,-4.8788604814499354,-4.948707488181993,-4.9281694205641795,-5.009687879034385,-4.919674641454511,-4.986746283998209,-5.638272163982407,-5.638272163982407,-5.638272163982407,-5.638272163982407,-5.638272163982407,-5.638272163982407,-5.638272163982407,-5.638272163982407,-5.638272163982407,-5.638272163982407,-5.638272163982407,-5.638272163982407,-5.638272163982407,-5.638272163982407,-5.638272163982407,-5.638272163982407,-5.638272163982407,-5.638272163982407,-5.638272163982407,-5.638272163982407
-5.408832557118646,-5.359879047794917,-5.103764448210932,-5.39614856076757,-5.155198449864816,-5.084784651462177,-5.115197440377525,-5.434353697524628,-5.370444271122444,-5.100246544388434,-5.20313264133644,-5.150722186891036,-5.226229144806095,-5.046620869331969,-5.108203617437322,-5.272874168542332,-5.069684462703978,-5.1107377995288585,-4.899176168997175,-5.208648015160074,-5.6777807052660805,-5.6777807052660805,-5.6777807052660805,-5.6777807052660805,-5.6777807052660805,-5.6777807052660805,-5.6777807052660805,-5.6777807052660805,-5.6777807052660805,-5.6777807052660805,-5.6777807052660805,-5.6777807052660805,-5.6777807052660805,-5.6777807052660805,-5.6777807052660805,-5.6777807052660805,-5.6777807052660805,-5.6777807052660805,-5.6777807052660805,-5.6777807052660805
-5.161250166915017,-5.025455876105203,-4.836839549887671,-4.831980599885883,-4.869762350579454,-4.629415133639882,-4.785152951489311,-4.976133260117286,-4.926360807389062,-4.948989869743178,-4.889277018836175,-4.895999108695197,-4.794724285265841,-4.812560399731999,-4.790832937111251,-4.729126218368636,-4.7917052674801655,-4.9056249630578455,-4.830020513098834,-4.815676277090894,-4.721246399047171,-4.721246399047171,-4.721246399047171,-4.721246399047171,-4.721246399047171,-4.721246399047171,-4.721246399047171,-4.721246399047171,-4.721246399047171,-4.721246399047171,-4.721246399047171,-4.721246399047171,-4.721246399047171,-4.721246399047171,-4.721246399047171,-4.721246399047171,-4.721246399047171,-4.721246399047171,-4.721246399047171,-4.721246399047171
-5.248266252314597,-5.1524257581005495,-4.7986989496926755,-5.067385700165048,-4.837289130471452,-4.711930574884434,-4.718456165102568,-5.126978572556327,-5.104673554759909,-4.954176643992632,-4.95732023503253,-4.906192948915702,-4.783308817525198,-4.70384215268974,-4.835591819990028,-4.8622446052229975,-4.678026032685249,-4.872901033767064,-4.544205436580897,-4.890795138734672,-4.823908740944319,-4.823908740944319,-4.823908740944319,-4.823908740944319,-4.823908740944319,-4.823908740944319,-4.823908740944319,-4.823908740944319,-4.823908740944319,-4.823908740944319,-4.823908740944319,-4.823908740944319,-4.823908740944319,-4.823908740944319,-4.823908740944319,-4.823908740944319,-4.823908740944319,-4.823908740944319,-4.823908740944319,-4.823908740944319
-5.388758198439399,-5.427409344707649,-5.464734412633217,-5.3846248582613665,-5.4899658186288125,-5.397436018138871,-5.036788802836751,-5.475925175283168,-5.240428714316988,-5.394123310407648,-5.4228173890505404,-4.712628910476498,-5.34818284762069,-5.406559888641032,-5.361620956692829,-5.355965007209116,-5.308541769406584,-5.32087292389994,-5.265002125896773,-5.052774045298765,-5.958607314841775,-5.958607314841775,-5.958607314841775,-5.958607314841775,-5.958607314841775,-5.958607314841775,-5.958607314841775,-5.958607314841775,-5.958607314841775,-5.958607314841775,-5.958607314841775,-5.958607314841775,-5.958607314841775,-5.958607314841775,-5.958607314841775,-5.958607314841775,-5.958607314841775,-5.958607314841775,-5.958607314841775,-5.958607314841775
-5.740692852305918,-5.790823460947445,-5.836059865699222,-5.752472838532876,-5.892701658554136,-5.744665231329251,-5.321684879069901,-5.850969475592608,-5.6326855778802845,-5.74090558149389,-5.82318444593764,-5.10463511273959,-5.728820225781538,-5.805375611047752,-5.748064786425472,-5.686893320039648,-5.707958069273384,-5.7108631751121886,-5.708998815147262,-5.379683130728472,-6.031517051446065,-6.031517051446065,-6.031517051446065,-6.031517051446065,-6.031517051446065,-6.031517051446065,-6.031517051446065,-6.031517051446065,-6.031517051446065,-6.031517051446065,-6.031517051446065,-6.031517051446065,-6.031517051446065,-6.031517051446065,-6.031517051446065,-6.031517051446065,-6.031517051446065,-6.031517051446065,-6.031517051446065,-6.031517051446065
-5.388098756409724,-5.44692837797237,-5.466883959861085,-5.366116850389435,-5.460656021087183,-5.40694996008182,-5.094163542397217,-5.5752426736477885,-5.228592499682254,-5.388482136301958,-5.412541723056604,-4.740494601680007,-5.314673945271779,-5.4150504525491785,-5.375065366406027,-5.337874982105388,-5.257753430654592,-5.365234600515235,-5.255479678675405,-5.102951013946244,-5.366531544420414,-5.366531544420414,-5.366531544420414,-5.366531544420414,-5.366531544420414,-5.366531544420414,-5.366531544420414,-5.366531544420414,-5.366531544420414,-5.366531544420414,-5.366531544420414,-5.366531544420414,-5.366531544420414,-5.366531544420414,-5.366531544420414,-5.366531544420414,-5.366531544420414,-5.366531544420414,-5.366531544420414,-5.366531544420414
-5.474949690326735,-5.459517525821706,-5.555418347928743,-5.391565583426653,-5.479470246253003,-5.480697731401275,-5.107849734488213,-5.320030266250582,-5.373223782378391,-5.487115950384813,-5.455557187336888,-5.069636638134403,-5.402409958632685,-5.53333071750288,-5.513802227189536,-5.42446046273607,-5.408932668006697,-5.496233005117903,-5.376015958294228,-5.131583582585007,-5.6777807052660805,-5.6777807052660805,-5.6777807052660805,-5.6777807052660805,-5.6777807052660805,-5.6777807052660805,-5.6777807052660805,-5.6777807052660805,-5.6777807052660805,-5.6777807052660805,-5.6777807052660805,-5.6777807052660805,-5.6777807052660805,-5.6777807052660805,-5.6777807052660805,-5.6777807052660805,-5.6777807052660805,-5.6777807052660805,-5.6777807052660805,-5.6777807052660805
-6.005259196515507,-5.973395432105855,-5.936056429656896,-6.023862995637936,-5.945388316766729,-5.893490488242827,-5.96401218842999,-5.968251669137267,-5.870883648232366,-6.01263169863142,-5.9942376526036,-5.922296170642326,-6.001679063930783,-5.947567638041914,-5.951922707552242,-6.06469387564139,-5.99954151705995,-5.985931321199956,-5.979831491714956,-5.964946602675578,-5.853871964321762,-5.853871964321762,-5.853871964321762,-5.853871964321762,-5.853871964321762,-5.853871964321762,-5.853871964321762,-5.853871964321762,-5.853871964321762,-5.853871964321762,-5.853871964321762,-5.853871964321762,-5.853871964321762,-5.853871964321762,-5.853871964321762,-5.853871964321762,-5.853871964321762,-5.853871964321762,-5.853871964321762,-5.853871964321762
-6.023241154337358,-6.0303569110203155,-6.160315284678593,-6.053137645179169,-6.128816256710754,-6.0787951075691335,-6.131850808734997,-6.060810221442697,-6.0940958724059,-6.10395196483174,-6.113843174822846,-6.110032937748013,-6.140864385312396,-6.16698932727991,-6.118182073637382,-6.096145208665917,-6.148863046354607,-6.128829549497798,-6.156020998888767,-6.128380484706486,-5.522878745280337,-5.522878745280337,-5.522878745280337,-5.522878745280337,-5.522878745280337,-5.522878745280337,-5.522878745280337,-5.522878745280337,-5.522878745280337,-5.522878745280337,-5.522878745280337,-5.522878745280337,-5.522878745280337,-5.522878745280337,-5.522878745280337,-5.522878745280337,-5.522878745280337,-5.522878745280337,-5.522878745280337,-5.522878745280337
-5.758120013738366,-5.6362660465245,-5.814890473866281,-5.621556560547542,-5.769105624222419,-5.7027544670401955,-5.824554650896265,-5.241888221487611,-5.755737816119208,-5.9299862056450605,-5.927229476101895,-5.801730198763829,-5.171036980626494,-5.8595904736753806,-5.740081817001684,-5.832738875369948,-5.79926162955267,-5.778398537634558,-5.430286861026154,-5.7225226515783,-5.443697499232713,-5.443697499232713,-5.443697499232713,-5.443697499232713,-5.443697499232713,-5.443697499232713,-5.443697499232713,-5.443697499232713,-5.443697499232713,-5.443697499232713,-5.443697499232713,-5.443697499232713,-5.443697499232713,-5.443697499232713,-5.443697499232713,-5.443697499232713,-5.443697499232713,-5.443697499232713,-5.443697499232713,-5.443697499232713
-4.859857387975925,-4.94172938420833,-4.850720604648309,-4.869777861071889,-4.740272186955387,-4.7697325202201215,-4.5929940378293495,-5.07087074750441,-4.845792644005271,-4.725083339325267,-4.612987930902063,-4.816327351229549,-4.896094768524498,-4.66264717490305,-4.653293778202223,-4.605210907692841,-4.530212631187515,-4.8005583510320875,-4.945916203436666,-4.617347957254036,-5.42021640338319,-5.42021640338319,-5.42021640338319,-5.42021640338319,-5.42021640338319,-5.42021640338319,-5.42021640338319,-5.42021640338319,-5.42021640338319,-5.42021640338319,-5.42021640338319,-5.42021640338319,-5.42021640338319,-5.42021640338319,-5.42021640338319,-5.42021640338319,-5.42021640338319,-5.42021640338319,-5.42021640338319,-5.42021640338319
-5.136896048289063,-5.298089470038488,-5.328491013085634,-5.25032171476623,-5.224394213923934,-5.222421511636922,-5.191724820727528,-5.4682274167767,-5.3190518219156875,-5.2973724626572185,-5.206809185529085,-5.35866030710461,-4.936429602889077,-5.3543465266890715,-5.162352568245876,-5.19034461380448,-5.123274990924784,-5.275541411627777,-5.094092196345244,-5.154598226516722,-5.1938200260161125,-5.1938200260161125,-5.1938200260161125,-5.1938200260161125,-5.1938200260161125,-5.1938200260161125,-5.1938200260161125,-5.1938200260161125,-5.1938200260161125,-5.1938200260161125,-5.1938200260161125,-5.1938200260161125,-5.1938200260161125,-5.1938200260161125,-5.1938200260161125,-5.1938200260161125,-5.1938200260161125,-5.1938200260161125,-5.1938200260161125,-5.1938200260161125
-5.173326175347389,-5.27910838801001,-5.321268875312383,-5.2854835305191745,-5.307935986980325,-5.222371676532771,-5.201532715391841,-5.414555936104794,-5.375545454291262,-5.357232483592415,-5.303189160963832,-5.353029125344196,-5.090300837483966,-5.335834797557833,-5.172043198815358,-5.1786844823159095,-5.205665973338391,-5.2656249504362,-5.244447858412215,-5.193305572122303,-5.481486060122113,-5.481486060122113,-5.481486060122113,-5.481486060122113,-5.481486060122113,-5.481486060122113,-5.481486060122113,-5.481486060122113,-5.481486060122113,-5.481486060122113,-5.481486060122113,-5.481486060122113,-5.481486060122113,-5.481486060122113,-5.481486060122113,-5.481486060122113,-5.481486060122113,-5.481486060122113,-5.481486060122113,-5.481486060122113
-5.307587507100425,-5.335292492038188,-5.420860555862122,-5.3328684216837665,-5.39804993706392,-5.3511197423231485,-5.343462967471249,-5.342705137448267,-5.4747472147562455,-5.462811571476208,-5.432469276484468,-5.458600181043551,-5.130774793477929,-5.4135972713894756,-5.275009018568148,-5.298169876309112,-5.3131060898813915,-5.3419628309491465,-5.305459275754892,-5.303661145734642,-5.187086643357144,-5.187086643357144,-5.187086643357144,-5.187086643357144,-5.187086643357144,-5.187086643357144,-5.187086643357144,-5.187086643357144,-5.187086643357144,-5.187086643357144,-5.187086643357144,-5.187086643357144,-5.187086643357144,-5.187086643357144,-5.187086643357144,-5.187086643357144,-5.187086643357144,-5.187086643357144,-5.187086643357144,-5.187086643357144
-4.836578996245212,-4.815441209064522,-4.766982821895512,-4.739121146646149,-4.664381525331736,-4.711539849698638,-4.554229964930879,-4.853443370603533,-4.721642234013886,-4.521329316803166,-4.458772951070227,-4.674549317228841,-4.85929007947999,-4.536012920999023,-4.552669158610238,-4.5043994592031495,-4.446404142918721,-4.620358429329886,-4.836204230934693,-4.524680214585705,-5.508638306165727,-5.508638306165727,-5.508638306165727,-5.508638306165727,-5.508638306165727,-5.508638306165727,-5.508638306165727,-5.508638306165727,-5.508638306165727,-5.508638306165727,-5.508638306165727,-5.508638306165727,-5.508638306165727,-5.508638306165727,-5.508638306165727,-5.508638306165727,-5.508638306165727,-5.508638306165727,-5.508638306165727,-5.508638306165727
-4.97644305142448,-5.11138230913424,-5.034649184811405,-5.031693908035897,-4.89692195108196,-4.939391334367632,-4.828011478738433,-5.235836808927967,-5.011830753734779,-4.939253081735995,-4.820795091854037,-5.036507337195325,-4.7807515479551945,-4.946524289207593,-4.836433857593857,-4.867536963884843,-4.724962742796306,-4.971053438388712,-4.898638267993063,-4.822821027768228,-3.958607314841775,-3.958607314841775,-3.958607314841775,-3.958607314841775,-3.958607314841775,-3.958607314841775,-3.958607314841775,-3.958607314841775,-3.958607314841775,-3.958607314841775,-3.958607314841775,-3.958607314841775,-3.958607314841775,-3.958607314841775,-3.958607314841775,-3.958607314841775,-3.958607314841775,-3.958607314841775,-3.958607314841775,-3.958607314841775
-4.760875536566205,-4.7902117781749975,-4.6537191016101085,-4.642367330505257,-4.512806635398659,-4.629570335582684,-4.4346991901611545,-4.719039743541207,-4.648200762560899,-4.449270386706108,-4.345645526420547,-4.631481148501171,-4.806432986925833,-4.43880309468959,-4.462847654534856,-4.397885947516663,-4.294071436467275,-4.552370712821352,-4.836275452950905,-4.423675994015079,-5.823908740944319,-5.823908740944319,-5.823908740944319,-5.823908740944319,-5.823908740944319,-5.823908740944319,-5.823908740944319,-5.823908740944319,-5.823908740944319,-5.823908740944319,-5.823908740944319,-5.823908740944319,-5.823908740944319,-5.823908740944319,-5.823908740944319,-5.823908740944319,-5.823908740944319,-5.823908740944319,-5.823908740944319,-5.823908740944319
-5.014246242510046,-5.163918383885384,-5.1480207967455005,-5.141612432009907,-5.042692687620219,-5.0266143902076,-4.924463456162358,-5.372988361462245,-5.111416349663799,-5.099324170894934,-4.9838104138649095,-5.126412292909687,-4.876033159880608,-5.052121412271422,-4.953526989051445,-4.974013913716657,-4.899743748694644,-5.10826196919822,-5.00621397621815,-4.925274686582126,-4.619788758288394,-4.619788758288394,-4.619788758288394,-4.619788758288394,-4.619788758288394,-4.619788758288394,-4.619788758288394,-4.619788758288394,-4.619788758288394,-4.619788758288394,-4.619788758288394,-4.619788758288394,-4.619788758288394,-4.619788758288394,-4.619788758288394,-4.619788758288394,-4.619788758288394,-4.619788758288394,-4.619788758288394,-4.619788758288394
-5.238301426101143,-5.107299212420601,-5.327479059588704,-5.141336763362812,-5.275188488685072,-5.2568642459245805,-5.230557460158787,-5.086660223118209,-5.191724458382395,-5.270490557049044,-5.266319980219242,-5.188077708570873,-4.976709733868395,-5.197916091145549,-5.23424945029178,-5.239635470851454,-5.225412010180584,-5.256342024535455,-4.950312168058815,-5.150015511840032,-5.00436480540245,-5.00436480540245,-5.00436480540245,-5.00436480540245,-5.00436480540245,-5.00436480540245,-5.00436480540245,-5.00436480540245,-5.00436480540245,-5.00436480540245,-5.00436480540245,-5.00436480540245,-5.00436480540245,-5.00436480540245,-5.00436480540245,-5.00436480540245,-5.00436480540245,-5.00436480540245,-5.00436480540245,-5.00436480540245
-5.040112355183811,-5.218315319664862,-5.254180480009332,-5.167411210319963,-5.165129553232964,-5.141964269567156,-5.109011924108586,-5.429287960553688,-5.219821799019559,-5.198246230755958,-5.116852986916916,-5.265894790662083,-4.9550506293118906,-5.281608672963258,-5.109071346784898,-5.079191095412877,-5.06792812320084,-5.198388402395954,-5.092421070079484,-5.064357567254822,-5.886056647693163,-5.886056647693163,-5.886056647693163,-5.886056647693163,-5.886056647693163,-5.886056647693163,-5.886056647693163,-5.886056647693163,-5.886056647693163,-5.886056647693163,-5.886056647693163,-5.886056647693163,-5.886056647693163,-5.886056647693163,-5.886056647693163,-5.886056647693163,-5.886056647693163,-5.886056647693163,-5.886056647693163,-5.886056647693163
-5.471357856627285,-5.499176074605163,-5.77071296372024,-5.311992141646948,-5.536226744299571,-5.561535762578782,-5.6387507102384795,-5.342945967252812,-5.466326936218122,-5.604506930784171,-5.50465222402141,-5.70479912243002,-5.520355039958728,-5.810643328315939,-5.716302686334636,-5.496862571821669,-5.559619067265373,-5.751815731039107,-5.610799093823585,-5.517904573683734,-4.638272163982407,-4.638272163982407,-4.638272163982407,-4.638272163982407,-4.638272163982407,-4.638272163982407,-4.638272163982407,-4.638272163982407,-4.638272163982407,-4.638272163982407,-4.638272163982407,-4.638272163982407,-4.638272163982407,-4.638272163982407,-4.638272163982407,-4.638272163982407,-4.638272163982407,-4.638272163982407,-4.638272163982407,-4.638272163982407
-5.761246128334629,-5.626878308211114,-5.700880347673383,-5.597734021072138,-5.681615707775446,-5.694956481669444,-5.727896898776697,-5.660022747828547,-5.605558989717664,-5.750430109484128,-5.724454672225458,-5.681372502658361,-5.776081384856023,-5.764266380804533,-5.821179220955696,-5.773667590594092,-5.569866489009609,-5.7383617471782635,-5.185723531120829,-5.745162904764679,-5.769551078621726,-5.769551078621726,-5.769551078621726,-5.769551078621726,-5.769551078621726,-5.769551078621726,-5.769551078621726,-5.769551078621726,-5.769551078621726,-5.769551078621726,-5.769551078621726,-5.769551078621726,-5.769551078621726,-5.769551078621726,-5.769551078621726,-5.769551078621726,-5.769551078621726,-5.769551078621726,-5.769551078621726,-5.769551078621726
-5.1225485722112705,-4.969943911961118,-5.034183057541767,-4.8799737655944915,-4.949512357744954,-5.058459899325242,-4.978504618386342,-4.9680954382005575,-4.950958057474347,-4.946766345547451,-4.917240475055775,-4.9946542213192044,-4.950570938823439,-4.967321715415327,-5.059194462665656,-4.926553007770061,-4.8876780594417015,-5.011971529539306,-4.959052264565484,-4.911731258412356,-5.795880017344075,-5.795880017344075,-5.795880017344075,-5.795880017344075,-5.795880017344075,-5.795880017344075,-5.795880017344075,-5.795880017344075,-5.795880017344075,-5.795880017344075,-5.795880017344075,-5.795880017344075,-5.795880017344075,-5.795880017344075,-5.795880017344075,-5.795880017344075,-5.795880017344075,-5.795880017344075,-5.795880017344075,-5.795880017344075
-5.013450077320499,-4.9636964533148715,-5.011498987167147,-4.891704599608915,-4.954756219634219,-4.98520204626281,-4.901163581633895,-4.969460719112994,-4.970979599781717,-4.846831810459078,-4.85366731477816,-4.963181483539005,-4.8236894644436585,-4.895357511003184,-4.895495385866474,-4.772096081935795,-4.840416587269946,-4.87786171342295,-5.015830845478625,-4.800987462494034,-5.154901959985743,-5.154901959985743,-5.154901959985743,-5.154901959985743,-5.154901959985743,-5.154901959985743,-5.154901959985743,-5.154901959985743,-5.154901959985743,-5.154901959985743,-5.154901959985743,-5.154901959985743,-5.154901959985743,-5.154901959985743,-5.154901959985743,-5.154901959985743,-5.154901959985743,-5.154901959985743,-5.154901959985743,-5.154901959985743
-4.897370924941131,-4.788008331284462,-4.91440884689645,-4.725694347502722,-4.816096228106533,-4.882956488290095,-4.8121314115901175,-4.803455518529008,-4.844483415705106,-4.784874611991441,-4.732140902378382,-4.86176387093526,-4.75754544282092,-4.849334015864245,-4.808903908619146,-4.723117867330275,-4.743960747807169,-4.854426319966481,-4.965490869874156,-4.71073094257918,-5.6777807052660805,-5.6777807052660805,-5.6777807052660805,-5.6777807052660805,-5.6777807052660805,-5.6777807052660805,-5.6777807052660805,-5.6777807052660805,-5.6777807052660805,-5.6777807052660805,-5.6777807052660805,-5.6777807052660805,-5.6777807052660805,-5.6777807052660805,-5.6777807052660805,-5.6777807052660805,-5.6777807052660805,-5.6777807052660805,-5.6777807052660805,-5.6777807052660805
-5.481808605237952,-5.472280654328044,-5.62341381253481,-5.52636245622023,-5.735592481641758,-5.577913141493177,-5.588102864549414,-5.535319709874119,-5.6870155132587,-5.669045761569149,-5.694451542579341,-5.672742641887529,-5.531685242308093,-5.678611338987461,-5.398900828227783,-5.448814147492774,-5.584364297511863,-5.551942933234926,-5.589089625475027,-5.506455934384004,-5.823908740944319,-5.823908740944319,-5.823908740944319,-5.823908740944319,-5.823908740944319,-5.823908740944319,-5.823908740944319,-5.823908740944319,-5.823908740944319,-5.823908740944319,-5.823908740944319,-5.823908740944319,-5.823908740944319,-5.823908740944319,-5.823908740944319,-5.823908740944319,-5.823908740944319,-5.823908740944319,-5.823908740944319,-5.823908740944319
-5.172917668108706,-4.86145032749981,-4.913018029348466,-5.169304939222102,-4.901345769732516,-4.9122001620073545,-4.784379067424988,-5.205862603763272,-4.985648817540857,-4.881521732531608,-4.82607347889852,-4.9137194144146985,-4.844995366883836,-4.891837150596831,-4.897020329526456,-4.852079307488695,-4.803132148979678,-4.812785173481947,-4.977624112010332,-4.880856377061344,-5.769551078621726,-5.769551078621726,-5.769551078621726,-5.769551078621726,-5.769551078621726,-5.769551078621726,-5.769551078621726,-5.769551078621726,-5.769551078621726,-5.769551078621726,-5.769551078621726,-5.769551078621726,-5.769551078621726,-5.769551078621726,-5.769551078621726,-5.769551078621726,-5.769551078621726,-5.769551078621726,-5.769551078621726,-5.769551078621726
-5.291505180643673,-4.853841928180469,-5.082295717910623,-5.314290872494661,-5.143424792462665,-5.065322674559818,-4.998123433173006,-5.296638503837857,-5.189111430996236,-5.09253283176911,-5.059783906627415,-5.129937750707935,-5.047457751691718,-5.12241092982838,-5.019363938567868,-5.047695100464239,-5.028935239575409,-4.974944151204304,-5.135274655866255,-5.066253253525858,-5.769551078621726,-5.769551078621726,-5.769551078621726,-5.769551078621726,-5.769551078621726,-5.769551078621726,-5.769551078621726,-5.769551078621726,-5.769551078621726,-5.769551078621726,-5.769551078621726,-5.769551078621726,-5.769551078621726,-5.769551078621726,-5.769551078621726,-5.769551078621726,-5.769551078621726,-5.769551078621726,-5.769551078621726,-5.769551078621726
-5.257001733545451,-5.113359548403145,-4.988544040006123,-5.341012703585397,-5.018774686464946,-5.0345928541577,-4.882074463602219,-5.278494666354995,-5.17802833158957,-5.057190843066824,-4.993513450981102,-5.130492001233766,-4.998354875132838,-5.045671648923947,-4.996638890460021,-5.040404184031246,-4.928034513596587,-4.985099427834927,-5.171959420739567,-5.057318641605692,-5.0655015487564325,-5.0655015487564325,-5.0655015487564325,-5.0655015487564325,-5.0655015487564325,-5.0655015487564325,-5.0655015487564325,-5.0655015487564325,-5.0655015487564325,-5.0655015487564325,-5.0655015487564325,-5.0655015487564325,-5.0655015487564325,-5.0655015487564325,-5.0655015487564325,-5.0655015487564325,-5.0655015487564325,-5.0655015487564325,-5.0655015487564325,-5.0655015487564325
-5.506991116393868,-5.109574526679358,-5.317096695630142,-5.604001466390477,-5.49678634387462,-5.4050109103723765,-5.301197055273142,-5.479600373878012,-5.445168413163864,-5.427079281802555,-5.411420372122498,-5.4240374792018855,-5.339104153513155,-5.453190578849055,-5.284146168969225,-5.336449153077634,-5.427788840590799,-5.233102567465936,-5.438705891776693,-5.362120420365332,-5.522878745280337,-5.522878745280337,-5.522878745280337,-5.522878745280337,-5.522878745280337,-5.522878745280337,-5.522878745280337,-5.522878745280337,-5.522878745280337,-5.522878745280337,-5.522878745280337,-5.522878745280337,-5.522878745280337,-5.522878745280337,-5.522878745280337,-5.522878745280337,-5.522878745280337,-5.522878745280337,-5.522878745280337,-5.522878745280337
-5.056532850048559,-5.075161252464545,-4.932858141705045,-5.043234099446852,-4.910283291812897,-4.956504619398266,-4.843230510365258,-5.031041739934735,-4.977905884963156,-4.88302640171777,-4.838910645955079,-4.94266821288426,-4.895446099200177,-4.92884289592197,-4.899852659476926,-4.86751248899449,-4.850053305453188,-4.841524770736562,-4.999129291476552,-4.890167311279438,-5.494850021680094,-5.494850021680094,-5.494850021680094,-5.494850021680094,-5.494850021680094,-5.494850021680094,-5.494850021680094,-5.494850021680094,-5.494850021680094,-5.494850021680094,-5.494850021680094,-5.494850021680094,-5.494850021680094,-5.494850021680094,-5.494850021680094,-5.494850021680094,-5.494850021680094,-5.494850021680094,-5.494850021680094,-5.494850021680094
-5.034567120129983,-5.09680245365094,-4.904107108137291,-5.021807341778829,-4.884338585224101,-4.948249505763859,-4.815965659238007,-5.002149889876669,-4.963963126721195,-4.864066545331538,-4.819860160543282,-4.925356191054613,-4.879951818953771,-4.892101583518649,-4.895315838127683,-4.85177730866428,-4.824947534978672,-4.824580932636087,-4.993858260041177,-4.876535836441672,-5.638272163982407,-5.638272163982407,-5.638272163982407,-5.638272163982407,-5.638272163982407,-5.638272163982407,-5.638272163982407,-5.638272163982407,-5.638272163982407,-5.638272163982407,-5.638272163982407,-5.638272163982407,-5.638272163982407,-5.638272163982407,-5.638272163982407,-5.638272163982407,-5.638272163982407,-5.638272163982407,-5.638272163982407,-5.638272163982407
-5.575869925225103,-5.347682560994384,-5.567298225924085,-5.589578294891864,-5.708446612324467,-5.590889217118022,-5.558452373109389,-5.527133485044108,-5.636651129901726,-5.608667932962778,-5.616205939096105,-5.629029698411081,-5.516459699828444,-5.700624735852767,-5.382188042508586,-5.4701919522136375,-5.614756655006864,-5.460834885005217,-5.56651853418015,-5.505853597468665,-5.7447274948966935,-5.7447274948966935,-5.7447274948966935,-5.7447274948966935,-5.7447274948966935,-5.7447274948966935,-5.7447274948966935,-5.7447274948966935,-5.7447274948966935,-5.7447274948966935,-5.7447274948966935,-5.7447274948966935,-5.7447274948966935,-5.7447274948966935,-5.7447274948966935,-5.7447274948966935,-5.7447274948966935,-5.7447274948966935,-5.7447274948966935,-5.7447274948966935
-5.647825181686686,-5.558524453686164,-5.477602513776169,-5.547701303803165,-5.440319709996729,-5.514300832911181,-5.394886134250855,-5.528637504005383,-5.450788662876275,-5.350416647806566,-5.406722271811553,-5.452082577349877,-5.350396910461102,-5.224920895297504,-5.347866143196039,-5.447335559743821,-5.252586812822779,-5.3432043502827655,-5.302323617531966,-5.391441230682371,-5.267606240177032,-5.267606240177032,-5.267606240177032,-5.267606240177032,-5.267606240177032,-5.267606240177032,-5.267606240177032,-5.267606240177032,-5.267606240177032,-5.267606240177032,-5.267606240177032,-5.267606240177032,-5.267606240177032,-5.267606240177032,-5.267606240177032,-5.267606240177032,-5.267606240177032,-5.267606240177032,-5.267606240177032,-5.267606240177032
-5.928805153821498,-5.7606963727851115,-5.82677789377413,-5.780608310804706,-5.758683887016019,-5.850005565222912,-5.862589822888422,-5.849053352573787,-5.690387406118216,-5.669077682301191,-5.7262658535636985,-5.732975338720525,-5.84811967738277,-5.7694272571013485,-5.875766010421611,-5.8966203230230025,-5.821153517347617,-5.7981813933085835,-6.031589444922324,-5.802570849834062,-5.508638306165727,-5.508638306165727,-5.508638306165727,-5.508638306165727,-5.508638306165727,-5.508638306165727,-5.508638306165727,-5.508638306165727,-5.508638306165727,-5.508638306165727,-5.508638306165727,-5.508638306165727,-5.508638306165727,-5.508638306165727,-5.508638306165727,-5.508638306165727,-5.508638306165727,-5.508638306165727,-5.508638306165727,-5.508638306165727
-5.911319589808108,-5.739009838165819,-5.822978521961222,-5.772820605673393,-5.7636039954661165,-5.834881067647813,-5.844092472975715,-5.8400478658822506,-5.676902552880607,-5.637096090054294,-5.7049917490008974,-5.707259104849804,-5.817373720940066,-5.7272643363484566,-5.835641558507422,-5.857749658707535,-5.800344328556461,-5.752561753371673,-6.007176494332717,-5.773480301586714,-5.823908740944319,-5.823908740944319,-5.823908740944319,-5.823908740944319,-5.823908740944319,-5.823908740944319,-5.823908740944319,-5.823908740944319,-5.823908740944319,-5.823908740944319,-5.823908740944319,-5.823908740944319,-5.823908740944319,-5.823908740944319,-5.823908740944319,-5.823908740944319,-5.823908740944319,-5.823908740944319,-5.823908740944319,-5.823908740944319
-5.6732488631663855,-5.5975889355897195,-5.520002555322006,-5.599103024998091,-5.577981370767011,-5.619788975114638,-5.561696677695312,-5.587420231254238,-5.541466111997643,-5.6945266178664165,-5.626143019141071,-5.572512864104495,-5.6572053192988365,-5.54426563635824,-5.664437768562071,-5.7092250654495205,-5.664279071020948,-5.6157137326932896,-5.698538225730985,-5.620315354711278,-5.481486060122113,-5.481486060122113,-5.481486060122113,-5.481486060122113,-5.481486060122113,-5.481486060122113,-5.481486060122113,-5.481486060122113,-5.481486060122113,-5.481486060122113,-5.481486060122113,-5.481486060122113,-5.481486060122113,-5.481486060122113,-5.481486060122113,-5.481486060122113,-5.481486060122113,-5.481486060122113,-5.481486060122113,-5.481486060122113
-5.664327375671762,-5.698344626943332,-5.686986262516091,-5.676631174977613,-5.743524104254956,-5.706155149463028,-5.647189749009707,-5.637552273469584,-5.693298936296916,-5.7416979328506335,-5.767193576659811,-5.750813915197771,-5.727705705883757,-5.676055562670905,-5.677018142296046,-5.706721760192876,-5.650627826869664,-5.691979947658556,-5.718020423776232,-5.757583200063895,-6.0,-6.0,-6.0,-6.0,-6.0,-6.0,-6.0,-6.0,-6.0,-6.0,-6.0,-6.0,-6.0,-6.0,-6.0,-6.0,-6.0,-6.0,-6.0,-6.0
-5.750975759953678,-5.793927457762348,-5.800396071403546,-5.770001795178599,-5.763953100231347,-5.791128288827663,-5.796574376299911,-5.766422965972858,-5.812027556473648,-5.807735398813749,-5.825351348333751,-5.782661563716265,-5.829948175386033,-5.817354330185535,-5.829168766875495,-5.820834526208445,-5.785857272062666,-5.823047587313151,-5.8395558511004495,-5.821360329868385,-6.0,-6.0,-6.0,-6.0,-6.0,-6.0,-6.0,-6.0,-6.0,-6.0,-6.0,-6.0,-6.0,-6.0,-6.0,-6.0,-6.0,-6.0,-6.0,-6.0
-5.883500490030077,-5.958392707401328,-6.081653852750252,-5.9322924849584435,-6.038904928127834,-5.951129171442606,-6.018299038107987,-5.951304044523775,-5.9772918612503805,-5.989139955042952,-6.028600608032966,-6.0012255005945505,-6.059628441562825,-6.0720601282383075,-6.0345973352798294,-5.953369803373256,-6.049252703943501,-5.996410750434436,-6.128094654387323,-5.96831579795159,-5.568636235841013,-5.568636235841013,-5.568636235841013,-5.568636235841013,-5.568636235841013,-5.568636235841013,-5.568636235841013,-5.568636235841013,-5.568636235841013,-5.568636235841013,-5.568636235841013,-5.568636235841013,-5.568636235841013,-5.568636235841013,-5.568636235841013,-5.568636235841013,-5.568636235841013,-5.568636235841013,-5.568636235841013,-5.568636235841013
-5.639691805968693,-5.675446518809317,-5.79486271684181,-5.642709859352977,-5.72077416346864,-5.6983294446748864,-5.715929055223361,-5.640495308542438,-5.713384115491035,-5.754039786922221,-5.746045679524058,-5.747788204727559,-5.730177500699867,-5.756268319681592,-5.7385470355187165,-5.676146323881168,-5.715779680667028,-5.728745376102828,-5.771230637755036,-5.676734736639915,-6.0655015487564325,-6.0655015487564325,-6.0655015487564325,-6.0655015487564325,-6.0655015487564325,-6.0655015487564325,-6.0655015487564325,-6.0655015487564325,-6.0655015487564325,-6.0655015487564325,-6.0655015487564325,-6.0655015487564325,-6.0655015487564325,-6.0655015487564325,-6.0655015487564325,-6.0655015487564325,-6.0655015487564325,-6.0655015487564325,-6.0655015487564325,-6.0655015487564325
-6.1525608009351815,-6.191885584069387,-6.193250073123691,-6.18870532754311,-6.188500586596417,-6.141465438636509,-6.196836638994405,-6.151459762891632,-6.189417966524508,-6.175400276039648,-6.2332168197864375,-6.20842260190675,-6.192946142101956,-6.168031880543295,-6.138827874250207,-6.144180492914764,-6.123173662114101,-6.133321966090052,-6.1690288988543385,-6.176947341631086,-5.337242168318426,-5.337242168318426,-5.337242168318426,-5.337242168318426,-5.337242168318426,-5.337242168318426,-5.337242168318426,-5.337242168318426,-5.337242168318426,-5.337242168318426,-5.337242168318426,-5.337242168318426,-5.337242168318426,-5.337242168318426,-5.337242168318426,-5.337242168318426,-5.337242168318426,-5.337242168318426,-5.337242168318426,-5.337242168318426
-5.442629709139017,-5.375898703005445,-5.559070001322477,-5.448004676568171,-5.577049331734467,-5.502789258379267,-5.540980027088098,-5.433171998591087,-5.5371069793130845,-5.6153667491552275,-5.59484975319002,-5.532679964678749,-5.6255370386828565,-5.578288574471511,-5.499153979173733,-5.542688147366621,-5.6112630279871,-5.517108330720017,-5.705894921598034,-5.536544189404861,-5.769551078621726,-5.769551078621726,-5.769551078621726,-5.769551078621726,-5.769551078621726,-5.769551078621726,-5.769551078621726,-5.769551078621726,-5.769551078621726,-5.769551078621726,-5.769551078621726,-5.769551078621726,-5.769551078621726,-5.769551078621726,-5.769551078621726,-5.769551078621726,-5.769551078621726,-5.769551078621726,-5.769551078621726,-5.769551078621726
-5.6200086810557615,-5.681402682875578,-5.749145017307926,-5.679202037380617,-5.780631615336886,-5.736903972698652,-5.717085406620095,-5.658239634291869,-5.736972364211859,-5.7948828358697355,-5.80074860410375,-5.774289946665702,-5.8123313897458795,-5.780946073818127,-5.7352658236215985,-5.757010884131313,-5.7899861052487465,-5.745567898630777,-5.808153722319251,-5.782807947733284,-5.481486060122113,-5.481486060122113,-5.481486060122113,-5.481486060122113,-5.481486060122113,-5.481486060122113,-5.481486060122113,-5.481486060122113,-5.481486060122113,-5.481486060122113,-5.481486060122113,-5.481486060122113,-5.481486060122113,-5.481486060122113,-5.481486060122113,-5.481486060122113,-5.481486060122113,-5.481486060122113,-5.481486060122113,-5.481486060122113
-5.454099335605246,-5.396084943693561,-5.471403268583092,-5.368386292112215,-5.508903485497559,-5.454763214134693,-5.479664104988227,-5.441961623914309,-5.409321893153288,-5.509643981492272,-5.490131523401875,-5.410870550259534,-5.520299032700102,-5.533409191793416,-5.551100134295114,-5.4879368645072875,-5.579313089145105,-5.530752579928469,-5.640383683100463,-5.477050225274487,-5.6777807052660805,-5.6777807052660805,-5.6777807052660805,-5.6777807052660805,-5.6777807052660805,-5.6777807052660805,-5.6777807052660805,-5.6777807052660805,-5.6777807052660805,-5.6777807052660805,-5.6777807052660805,-5.6777807052660805,-5.6777807052660805,-5.6777807052660805,-5.6777807052660805,-5.6777807052660805,-5.6777807052660805,-5.6777807052660805,-5.6777807052660805,-5.6777807052660805
-5.141762329650511,-5.078108414631323,-5.162103593483008,-5.089359030039358,-5.264663071893225,-5.107080853946611,-5.081429208898139,-5.068054082603928,-5.159866375916749,-5.138772424203836,-5.212117360001798,-5.187448460804243,-5.106108903237876,-5.087480933297875,-5.023329190599143,-5.002469783687354,-4.9911919791155,-5.024587973103949,-5.107420703779835,-5.090100664410958,-5.721246399047171,-5.721246399047171,-5.721246399047171,-5.721246399047171,-5.721246399047171,-5.721246399047171,-5.721246399047171,-5.721246399047171,-5.721246399047171,-5.721246399047171,-5.721246399047171,-5.721246399047171,-5.721246399047171,-5.721246399047171,-5.721246399047171,-5.721246399047171,-5.721246399047171,-5.721246399047171,-5.721246399047171,-5.721246399047171
-5.326552641725215,-5.375197310499399,-5.395431049740336,-5.360772970948461,-5.589450930949497,-5.364434220570021,-5.369577532560708,-5.286738650815637,-5.311861952106172,-5.409300582795883,-5.506599699291407,-5.44746750886918,-5.471949420784628,-5.391715932914722,-5.320541187658826,-5.358041161542358,-5.3589991246388795,-5.279752170032238,-5.475255972245266,-5.437601145196942,-5.795880017344075,-5.795880017344075,-5.795880017344075,-5.795880017344075,-5.795880017344075,-5.795880017344075,-5.795880017344075,-5.795880017344075,-5.795880017344075,-5.795880017344075,-5.795880017344075,-5.795880017344075,-5.795880017344075,-5.795880017344075,-5.795880017344075,-5.795880017344075,-5.795880017344075,-5.795880017344075,-5.795880017344075,-5.795880017344075
-5.172034740548159,-5.1937622933154355,-5.198080652303209,-5.160800824459561,-5.352411590634384,-5.1150241195781545,-5.091549705735322,-5.1151181096387575,-5.1391610825554785,-5.134362726191995,-5.225946904712814,-5.213151427820481,-5.076051678809213,-5.129321816395904,-5.054521843433033,-5.034589333161292,-5.008090793261614,-5.061238036028355,-5.061486317670535,-5.12633771858604,-5.721246399047171,-5.721246399047171,-5.721246399047171,-5.721246399047171,-5.721246399047171,-5.721246399047171,-5.721246399047171,-5.721246399047171,-5.721246399047171,-5.721246399047171,-5.721246399047171,-5.721246399047171,-5.721246399047171,-5.721246399047171,-5.721246399047171,-5.721246399047171,-5.721246399047171,-5.721246399047171,-5.721246399047171,-5.721246399047171
-5.810961482829805,-5.8585652129148365,-5.881321788047774,-5.826294148171701,-5.930505064238141,-5.782902852875133,-5.8431824426544825,-5.801195910577808,-5.7835373582627785,-5.81513272040574,-5.891496413370448,-5.86255196600883,-5.798726563112042,-5.83251155199376,-5.782952807621629,-5.79605024404691,-5.743720379351737,-5.806367437385525,-5.886635339214708,-5.835882640863753,-5.853871964321762,-5.853871964321762,-5.853871964321762,-5.853871964321762,-5.853871964321762,-5.853871964321762,-5.853871964321762,-5.853871964321762,-5.853871964321762,-5.853871964321762,-5.853871964321762,-5.853871964321762,-5.853871964321762,-5.853871964321762,-5.853871964321762,-5.853871964321762,-5.853871964321762,-5.853871964321762,-5.853871964321762,-5.853871964321762
-5.187075808272469,-5.133311102122391,-4.955475468637795,-5.096548090337005,-4.955153722245333,-4.986837116683117,-4.816655279735519,-5.132793566982429,-5.127970062358606,-4.947214239803863,-4.943946837315134,-4.9669761987808005,-4.779075832699263,-4.824102611099408,-4.874955813190775,-4.894111344879549,-4.755698563635204,-4.933544004885026,-5.075417690686199,-4.88160898276606,-5.481486060122113,-5.481486060122113,-5.481486060122113,-5.481486060122113,-5.481486060122113,-5.481486060122113,-5.481486060122113,-5.481486060122113,-5.481486060122113,-5.481486060122113,-5.481486060122113,-5.481486060122113,-5.481486060122113,-5.481486060122113,-5.481486060122113,-5.481486060122113,-5.481486060122113,-5.481486060122113,-5.481486060122113,-5.481486060122113
-5.306810983152187,-5.248276462706302,-5.1518809236589345,-5.201069389304372,-5.107714631909655,-5.1287394623591585,-5.007683055151604,-5.239302418637961,-5.222781276401628,-5.123451259260142,-5.109405788273484,-5.116724816526193,-4.938904368547394,-5.049845765155858,-5.098366168395832,-5.071481188819028,-4.964451628289796,-5.169411956994161,-5.16107628437219,-5.041123797264211,-5.537602002101044,-5.537602002101044,-5.537602002101044,-5.537602002101044,-5.537602002101044,-5.537602002101044,-5.537602002101044,-5.537602002101044,-5.537602002101044,-5.537602002101044,-5.537602002101044,-5.537602002101044,-5.537602002101044,-5.537602002101044,-5.537602002101044,-5.537602002101044,-5.537602002101044,-5.537602002101044,-5.537602002101044,-5.537602002101044
-5.5446106524120475,-5.41314888807116,-5.528227370919837,-5.419393809594938,-5.4806529709999126,-5.455723867518088,-5.45577216607377,-5.481407048133858,-5.425463009550808,-5.45829800010496,-5.4387330135518415,-5.435938783981636,-5.3987321723834345,-5.476170754819827,-5.479655391115043,-5.435540434213335,-5.425791367026973,-5.501999688208708,-5.225183144377218,-5.416673161528328,-5.920818753952375,-5.920818753952375,-5.920818753952375,-5.920818753952375,-5.920818753952375,-5.920818753952375,-5.920818753952375,-5.920818753952375,-5.920818753952375,-5.920818753952375,-5.920818753952375,-5.920818753952375,-5.920818753952375,-5.920818753952375,-5.920818753952375,-5.920818753952375,-5.920818753952375,-5.920818753952375,-5.920818753952375,-5.920818753952375
-5.183217150904521,-5.105109610372053,-4.9350568340774625,-5.062581135573818,-4.959698197543175,-4.981095003202206,-4.787658040266801,-5.105459190204876,-5.098635139950529,-4.9470830717272865,-4.948162974984393,-4.949455600204495,-4.7544187392352,-4.801639119908872,-4.895126483697209,-4.858827234016765,-4.765368916381897,-4.918868769397912,-5.09040993209654,-4.8674394039298825,-5.102372908709558,-5.102372908709558,-5.102372908709558,-5.102372908709558,-5.102372908709558,-5.102372908709558,-5.102372908709558,-5.102372908709558,-5.102372908709558,-5.102372908709558,-5.102372908709558,-5.102372908709558,-5.102372908709558,-5.102372908709558,-5.102372908709558,-5.102372908709558,-5.102372908709558,-5.102372908709558,-5.102372908709558,-5.102372908709558
-5.150361197314755,-5.092701672543215,-4.851060611798019,-5.02858320729163,-4.848060440039304,-4.885572689482215,-4.672055057592146,-5.080383240464895,-5.063795504333484,-4.837866568682503,-4.832435331220599,-4.861884247600758,-4.594251743472155,-4.704057152732915,-4.784564660689245,-4.76195498641336,-4.602649240344897,-4.851603109756041,-5.026405386420009,-4.761234107935104,-4.795880017344075,-4.795880017344075,-4.795880017344075,-4.795880017344075,-4.795880017344075,-4.795880017344075,-4.795880017344075,-4.795880017344075,-4.795880017344075,-4.795880017344075,-4.795880017344075,-4.795880017344075,-4.795880017344075,-4.795880017344075,-4.795880017344075,-4.795880017344075,-4.795880017344075,-4.795880017344075,-4.795880017344075,-4.795880017344075
-5.32887530061537,-5.319980198151979,-5.28515670781793,-5.302086138484566,-5.321133815126539,-5.267280712450852,-5.1687686164295386,-5.297935843226404,-5.355563521392474,-5.291412924712284,-5.305465335663994,-5.286444055484302,-5.1533946306828335,-5.187494776702465,-5.194341980559063,-5.187893478618237,-5.161488145066123,-5.225005568627186,-5.236166689987403,-5.219496476833566,-4.958607314841775,-4.958607314841775,-4.958607314841775,-4.958607314841775,-4.958607314841775,-4.958607314841775,-4.958607314841775,-4.958607314841775,-4.958607314841775,-4.958607314841775,-4.958607314841775,-4.958607314841775,-4.958607314841775,-4.958607314841775,-4.958607314841775,-4.958607314841775,-4.958607314841775,-4.958607314841775,-4.958607314841775,-4.958607314841775
-5.87677705863442,-5.721961869565265,-5.738696458732891,-5.790955590895931,-5.765429038186789,-5.71021450568123,-5.767979018583866,-5.81163426281349,-5.699715221170544,-5.900529582124473,-5.8576619488323045,-5.750583975140239,-5.897214187799846,-5.788551409160517,-5.801263276552013,-5.89738114333373,-5.859412542290006,-5.817659344711871,-5.501657894213168,-5.809742628241978,-5.327902142064283,-5.327902142064283,-5.327902142064283,-5.327902142064283,-5.327902142064283,-5.327902142064283,-5.327902142064283,-5.327902142064283,-5.327902142064283,-5.327902142064283,-5.327902142064283,-5.327902142064283,-5.327902142064283,-5.327902142064283,-5.327902142064283,-5.327902142064283,-5.327902142064283,-5.327902142064283,-5.327902142064283,-5.327902142064283
-5.368768575861311,-5.353868706529149,-5.328320410255656,-5.337035438996047,-5.381694027251784,-5.387310948850246,-5.270081634110588,-5.309019461755945,-5.407925339477103,-5.388540525567079,-5.424994347030447,-5.399395888622459,-5.352345155520278,-5.226182722708958,-5.286629870549165,-5.269189582656684,-5.265678286649947,-5.2250902947520546,-5.312928897355677,-5.323443820766374,-5.292429823902063,-5.292429823902063,-5.292429823902063,-5.292429823902063,-5.292429823902063,-5.292429823902063,-5.292429823902063,-5.292429823902063,-5.292429823902063,-5.292429823902063,-5.292429823902063,-5.292429823902063,-5.292429823902063,-5.292429823902063,-5.292429823902063,-5.292429823902063,-5.292429823902063,-5.292429823902063,-5.292429823902063,-5.292429823902063
-5.361030752612303,-5.309127833740756,-5.278126231707372,-5.305895968523847,-5.341399045033576,-5.300165646382426,-5.183415134273933,-5.307162628673084,-5.3530255342913,-5.304239678252319,-5.341337719090714,-5.301488774315196,-5.210448560351256,-5.166080318793971,-5.220614596767241,-5.187414368999834,-5.188700337262638,-5.185616150871625,-5.272078130618394,-5.240672601279568,-5.431798275933005,-5.431798275933005,-5.431798275933005,-5.431798275933005,-5.431798275933005,-5.431798275933005,-5.431798275933005,-5.431798275933005,-5.431798275933005,-5.431798275933005,-5.431798275933005,-5.431798275933005,-5.431798275933005,-5.431798275933005,-5.431798275933005,-5.431798275933005,-5.431798275933005,-5.431798275933005,-5.431798275933005,-5.431798275933005
-5.877403922850693,-5.924081136002087,-5.939747196272581,-5.885656721320243,-5.917641333214059,-5.950530743881814,-5.913769066239451,-5.887627953734175,-5.930647714994714,-5.915691031983259,-5.933786081202103,-5.917853695717319,-5.943713951026937,-5.9130192791856775,-5.960429832870637,-5.9319455678706285,-5.965001694492257,-5.966005972621485,-6.000549213308762,-5.926099438730657,-5.7447274948966935,-5.7447274948966935,-5.7447274948966935,-5.7447274948966935,-5.7447274948966935,-5.7447274948966935,-5.7447274948966935,-5.7447274948966935,-5.7447274948966935,-5.7447274948966935,-5.7447274948966935,-5.7447274948966935,-5.7447274948966935,-5.7447274948966935,-5.7447274948966935,-5.7447274948966935,-5.7447274948966935,-5.7447274948966935,-5.7447274948966935,-5.7447274948966935
-5.911019642213477,-5.9484109409139805,-6.0386191021221265,-5.874411157570151,-5.981672910438281,-5.959981877177143,-6.0629283647882195,-5.902837444092071,-5.917104913362761,-5.9942909827658655,-5.957447675739789,-5.97382675185629,-6.018109223954975,-6.134571310678038,-6.116201986815726,-6.016424210616004,-6.010971227206529,-6.068450347565249,-6.173386133529659,-6.014655656190778,-5.886056647693163,-5.886056647693163,-5.886056647693163,-5.886056647693163,-5.886056647693163,-5.886056647693163,-5.886056647693163,-5.886056647693163,-5.886056647693163,-5.886056647693163,-5.886056647693163,-5.886056647693163,-5.886056647693163,-5.886056647693163,-5.886056647693163,-5.886056647693163,-5.886056647693163,-5.886056647693163,-5.886056647693163,-5.886056647693163
-5.26386894030494,-5.367460182689844,-5.197624458263708,-5.306669349728478,-5.387538633376863,-5.340080154682074,-5.265943288946984,-5.282642685628985,-5.388288237003656,-5.232121471007176,-5.0824854572349345,-5.365067882179694,-5.332100761716624,-5.3547185049590045,-5.326305883214527,-5.281636891301799,-5.330407340554282,-5.317057649276644,-5.231725836185228,-5.31220853020667,-5.657577319177793,-5.657577319177793,-5.657577319177793,-5.657577319177793,-5.657577319177793,-5.657577319177793,-5.657577319177793,-5.657577319177793,-5.657577319177793,-5.657577319177793,-5.657577319177793,-5.657577319177793,-5.657577319177793,-5.657577319177793,-5.657577319177793,-5.657577319177793,-5.657577319177793,-5.657577319177793,-5.657577319177793,-5.657577319177793
-5.635261142197517,-5.774032680114432,-5.635174755505732,-5.725107473378028,-5.830767178553359,-5.758962125269861,-5.793874147889062,-5.72164827542448,-5.762576720187689,-5.554416065186328,-5.349047085653226,-5.771781728885839,-5.814326016174135,-5.896060651398017,-5.787406950174787,-5.760957818270788,-5.861523591772572,-5.827067540873198,-5.7965698022860375,-5.743883764950856,-5.657577319177793,-5.657577319177793,-5.657577319177793,-5.657577319177793,-5.657577319177793,-5.657577319177793,-5.657577319177793,-5.657577319177793,-5.657577319177793,-5.657577319177793,-5.657577319177793,-5.657577319177793,-5.657577319177793,-5.657577319177793,-5.657577319177793,-5.657577319177793,-5.657577319177793,-5.657577319177793,-5.657577319177793,-5.657577319177793
-5.358503099593175,-5.320748023697633,-5.406635886547054,-5.259064713736608,-5.303680972795435,-5.346603427997092,-5.246821704821493,-5.314351755529181,-5.3137618286221855,-5.39382063528792,-5.424515291345484,-5.233665042556762,-5.41194350914135,-5.213512793640118,-5.418694106810296,-5.293491880836787,-5.402112997066586,-5.271124006846919,-5.396783410357908,-5.298214144913936,-5.075720713938118,-5.075720713938118,-5.075720713938118,-5.075720713938118,-5.075720713938118,-5.075720713938118,-5.075720713938118,-5.075720713938118,-5.075720713938118,-5.075720713938118,-5.075720713938118,-5.075720713938118,-5.075720713938118,-5.075720713938118,-5.075720713938118,-5.075720713938118,-5.075720713938118,-5.075720713938118,-5.075720713938118,-5.075720713938118
-5.652639664330642,-5.760612220247927,-5.645970787026238,-5.720871902036964,-5.799276971196416,-5.74881932312299,-5.76496691798693,-5.716869057210385,-5.767709320988186,-5.57266778402339,-5.397693445549459,-5.7584101332838555,-5.811842320965226,-5.842215367195229,-5.766068757453649,-5.737674254645034,-5.819077592722113,-5.780048690037615,-5.781510706068846,-5.733893633805713,-5.522878745280337,-5.522878745280337,-5.522878745280337,-5.522878745280337,-5.522878745280337,-5.522878745280337,-5.522878745280337,-5.522878745280337,-5.522878745280337,-5.522878745280337,-5.522878745280337,-5.522878745280337,-5.522878745280337,-5.522878745280337,-5.522878745280337,-5.522878745280337,-5.522878745280337,-5.522878745280337,-5.522878745280337,-5.522878745280337
-5.446637995665687,-5.591430431437865,-5.490647452135114,-5.536934978661836,-5.650627389461035,-5.600005871410371,-5.59360092011887,-5.521535889702894,-5.591732708967132,-5.460886320623738,-5.237545680145294,-5.601777342220777,-5.656865235712936,-5.6932807262690615,-5.608101845890076,-5.5765564536195384,-5.677782684157003,-5.625320514758556,-5.602148674479682,-5.569354117692784,-5.721246399047171,-5.721246399047171,-5.721246399047171,-5.721246399047171,-5.721246399047171,-5.721246399047171,-5.721246399047171,-5.721246399047171,-5.721246399047171,-5.721246399047171,-5.721246399047171,-5.721246399047171,-5.721246399047171,-5.721246399047171,-5.721246399047171,-5.721246399047171,-5.721246399047171,-5.721246399047171,-5.721246399047171,-5.721246399047171
-5.85133435395457,-5.894241817544304,-5.789899947598692,-5.882569650761823,-5.9404283619297,-5.872906169952477,-5.91639602789528,-5.900977371325125,-5.913096327403823,-5.645073000024536,-5.5706530738346975,-5.892470789206904,-5.976817901737802,-5.9293058741258555,-5.888055295308171,-5.85622890777014,-5.946814541823345,-5.846483041414387,-5.947237296116861,-5.872905725072323,-5.356547323513812,-5.356547323513812,-5.356547323513812,-5.356547323513812,-5.356547323513812,-5.356547323513812,-5.356547323513812,-5.356547323513812,-5.356547323513812,-5.356547323513812,-5.356547323513812,-5.356547323513812,-5.356547323513812,-5.356547323513812,-5.356547323513812,-5.356547323513812,-5.356547323513812,-5.356547323513812,-5.356547323513812,-5.356547323513812
-6.028739672193626,-6.03730218680293,-5.895771500462039,-6.027105925296787,-6.010830665121039,-5.950327348033294,-5.991561944795469,-6.065184999545191,-6.006490142339411,-5.68733612398453,-5.623620187827035,-5.967504620123066,-6.000186605775421,-5.996881344305993,-5.981333042002573,-5.959960033582478,-6.00356221603718,-5.972258179096631,-5.9700873126419545,-5.951558545351405,-5.886056647693163,-5.886056647693163,-5.886056647693163,-5.886056647693163,-5.886056647693163,-5.886056647693163,-5.886056647693163,-5.886056647693163,-5.886056647693163,-5.886056647693163,-5.886056647693163,-5.886056647693163,-5.886056647693163,-5.886056647693163,-5.886056647693163,-5.886056647693163,-5.886056647693163,-5.886056647693163,-5.886056647693163,-5.886056647693163
-6.357948188206282,-6.3994172596599155,-6.41709160933026,-6.367832671166626,-6.343840968838229,-6.170496087486853,-6.261040918555209,-6.475571404976689,-6.438455022864699,-6.130097629109206,-6.136827624638389,-6.142107738436542,-6.219968298440946,-6.50316794068203,-6.402403135931736,-6.241010496232107,-6.368782296061499,-6.397974777605473,-6.305799970422404,-6.255389223590555,-5.698970004336019,-5.698970004336019,-5.698970004336019,-5.698970004336019,-5.698970004336019,-5.698970004336019,-5.698970004336019,-5.698970004336019,-5.698970004336019,-5.698970004336019,-5.698970004336019,-5.698970004336019,-5.698970004336019,-5.698970004336019,-5.698970004336019,-5.698970004336019,-5.698970004336019,-5.698970004336019,-5.698970004336019,-5.698970004336019
-5.009587015664443,-5.259479598872097,-5.1413335346921505,-4.901878095794713,-4.751187840526331,-5.230679920452855,-5.043771128430912,-5.065201122849648,-5.096426544012576,-4.971709784434197,-4.911773083730911,-4.98250640940281,-5.0155644908597266,-5.101660872776223,-5.329128363649474,-5.067459971997085,-4.968313642291191,-5.121680093142821,-5.160377239477918,-5.080024669878189,-5.494850021680094,-5.494850021680094,-5.494850021680094,-5.494850021680094,-5.494850021680094,-5.494850021680094,-5.494850021680094,-5.494850021680094,-5.494850021680094,-5.494850021680094,-5.494850021680094,-5.494850021680094,-5.494850021680094,-5.494850021680094,-5.494850021680094,-5.494850021680094,-5.494850021680094,-5.494850021680094,-5.494850021680094,-5.494850021680094
-4.787066721236027,-5.048959801779308,-4.764806057527347,-4.677673826306982,-4.8193432529591576,-4.865347928389039,-4.750980981298693,-4.8336694268308955,-4.986128555834248,-4.700368237677216,-4.696220556305093,-4.872359896926297,-4.719259419472959,-4.529566851204971,-4.7863149125219415,-4.781002511629109,-4.699349858201987,-4.649644705558453,-4.691134295322643,-4.785441664109506,-5.161150909262744,-5.161150909262744,-5.161150909262744,-5.161150909262744,-5.161150909262744,-5.161150909262744,-5.161150909262744,-5.161150909262744,-5.161150909262744,-5.161150909262744,-5.161150909262744,-5.161150909262744,-5.161150909262744,-5.161150909262744,-5.161150909262744,-5.161150909262744,-5.161150909262744,-5.161150909262744,-5.161150909262744,-5.161150909262744
-4.918393697489776,-4.736707129179582,-5.0635621659147425,-4.990113169760174,-5.146124496491012,-5.068293198911733,-4.940874598386687,-4.97771263874993,-4.910165966812028,-4.83388128185461,-4.8560060064679265,-4.855439271949949,-4.849181203855028,-5.045776512808342,-4.752493803908063,-4.880814169868301,-4.95738704325854,-4.957021923334102,-4.998028547397875,-4.913750051623879,-5.6777807052660805,-5.6777807052660805,-5.6777807052660805,-5.6777807052660805,-5.6777807052660805,-5.6777807052660805,-5.6777807052660805,-5.6777807052660805,-5.6777807052660805,-5.6777807052660805,-5.6777807052660805,-5.6777807052660805,-5.6777807052660805,-5.6777807052660805,-5.6777807052660805,-5.6777807052660805,-5.6777807052660805,-5.6777807052660805,-5.6777807052660805,-5.6777807052660805
-4.735952967489529,-4.478296928268345,-4.6782254086140656,-4.749946229125893,-4.917607400020713,-5.157599113508649,-4.6439117546158215,-4.671917357398056,-4.710854587176257,-4.555121960040793,-4.550624509904521,-4.563663720952483,-4.610518305722578,-4.687482009977987,-4.595581458446116,-4.765104434904469,-4.6924078773288915,-4.564156604409837,-4.750346353343901,-4.775289986857175,-5.508638306165727,-5.508638306165727,-5.508638306165727,-5.508638306165727,-5.508638306165727,-5.508638306165727,-5.508638306165727,-5.508638306165727,-5.508638306165727,-5.508638306165727,-5.508638306165727,-5.508638306165727,-5.508638306165727,-5.508638306165727,-5.508638306165727,-5.508638306165727,-5.508638306165727,-5.508638306165727,-5.508638306165727,-5.508638306165727
-4.886404488459347,-4.850862590948459,-5.095607723737305,-4.957893141642563,-5.330883059900012,-5.14556253371485,-4.937716405680486,-4.896187035356968,-4.935285575358428,-4.9207169430013495,-4.937955364618331,-4.900621439239695,-4.880394690679027,-5.0184640539410985,-4.758704073614893,-4.915725805728638,-4.958763091862868,-4.977268782245608,-4.990343584101162,-4.936573525584015,-5.795880017344075,-5.795880017344075,-5.795880017344075,-5.795880017344075,-5.795880017344075,-5.795880017344075,-5.795880017344075,-5.795880017344075,-5.795880017344075,-5.795880017344075,-5.795880017344075,-5.795880017344075,-5.795880017344075,-5.795880017344075,-5.795880017344075,-5.795880017344075,-5.795880017344075,-5.795880017344075,-5.795880017344075,-5.795880017344075
-4.825527447705997,-5.156999883565761,-4.809534577392418,-4.772786508985375,-4.878149535288542,-4.796548160459014,-4.763247076967768,-4.949382172303429,-4.944603587799338,-4.734793604586783,-4.738675936503246,-4.902835314811959,-4.79118351915579,-4.601931108977099,-4.808454894320127,-4.788909490828798,-4.746722168931008,-4.693212038254285,-4.737346040454563,-4.799811505368926,-5.619788758288394,-5.619788758288394,-5.619788758288394,-5.619788758288394,-5.619788758288394,-5.619788758288394,-5.619788758288394,-5.619788758288394,-5.619788758288394,-5.619788758288394,-5.619788758288394,-5.619788758288394,-5.619788758288394,-5.619788758288394,-5.619788758288394,-5.619788758288394,-5.619788758288394,-5.619788758288394,-5.619788758288394,-5.619788758288394
-4.448676025178299,-4.638530072452733,-4.757457472005583,-4.486135342835108,-4.7974756500106555,-5.1716678822059885,-4.650907440287201,-4.325128084204151,-4.811995538669695,-4.553926906487271,-4.5986028334201015,-4.716697037858775,-4.611136443257697,-4.6970155737676675,-4.52233301676144,-4.662901973821404,-4.625042107103708,-4.556841329182853,-4.65940341245148,-4.720823319848692,-5.638272163982407,-5.638272163982407,-5.638272163982407,-5.638272163982407,-5.638272163982407,-5.638272163982407,-5.638272163982407,-5.638272163982407,-5.638272163982407,-5.638272163982407,-5.638272163982407,-5.638272163982407,-5.638272163982407,-5.638272163982407,-5.638272163982407,-5.638272163982407,-5.638272163982407,-5.638272163982407,-5.638272163982407,-5.638272163982407
-4.8175925010669225,-5.082524916548135,-4.819331619980944,-4.789070569054208,-4.936380976811617,-4.809402983986409,-4.752895009023519,-4.9617996794466235,-4.947655601238065,-4.736948546424861,-4.717000636530644,-4.910676712976208,-4.769762466415278,-4.574230081778524,-4.831402674786339,-4.807476415348737,-4.736882595530383,-4.661884733329686,-4.7437015683366175,-4.837053504721277,-5.481486060122113,-5.481486060122113,-5.481486060122113,-5.481486060122113,-5.481486060122113,-5.481486060122113,-5.481486060122113,-5.481486060122113,-5.481486060122113,-5.481486060122113,-5.481486060122113,-5.481486060122113,-5.481486060122113,-5.481486060122113,-5.481486060122113,-5.481486060122113,-5.481486060122113,-5.481486060122113,-5.481486060122113,-5.481486060122113
-4.638208063384926,-4.6796757326736085,-4.685597906911619,-4.56607402146269,-4.834430745124002,-5.144470786687254,-4.648842317808922,-4.518949422377364,-4.892633563365069,-4.59309964406494,-4.624866807014775,-4.687345690527775,-4.619160732682163,-4.603843807488278,-4.518299650423134,-4.707201855482391,-4.650146758029125,-4.542957406941296,-4.6347071727704465,-4.735322361600629,-5.585026652029182,-5.585026652029182,-5.585026652029182,-5.585026652029182,-5.585026652029182,-5.585026652029182,-5.585026652029182,-5.585026652029182,-5.585026652029182,-5.585026652029182,-5.585026652029182,-5.585026652029182,-5.585026652029182,-5.585026652029182,-5.585026652029182,-5.585026652029182,-5.585026652029182,-5.585026652029182,-5.585026652029182,-5.585026652029182
-4.620564377715899,-4.797334068552219,-4.965763322115443,-4.633901460755217,-5.015273959370686,-4.522899145827558,-4.7628821862676585,-4.861854100331243,-4.962438043867248,-4.8943235964637015,-4.900449152254851,-4.943312033053683,-5.071507550697092,-4.924115272760259,-4.925859613486334,-4.860017302371433,-4.770742451016755,-4.787946648499698,-4.950016002708482,-4.92849264700326,-4.769551078621726,-4.769551078621726,-4.769551078621726,-4.769551078621726,-4.769551078621726,-4.769551078621726,-4.769551078621726,-4.769551078621726,-4.769551078621726,-4.769551078621726,-4.769551078621726,-4.769551078621726,-4.769551078621726,-4.769551078621726,-4.769551078621726,-4.769551078621726,-4.769551078621726,-4.769551078621726,-4.769551078621726,-4.769551078621726
-5.745116895778885,-5.821092443897808,-5.994716281597546,-5.8027807069285,-5.91112173626745,-5.900100591355077,-5.892564420360976,-5.7868152314682,-5.86878965827549,-5.993092499908984,-5.960543090251793,-5.916783485247206,-5.926657619507107,-5.904418526249624,-5.9287195781895194,-5.955528675465143,-5.944955777766873,-5.992259083196396,-5.920278711295208,-5.945055397144292,-5.853871964321762,-5.853871964321762,-5.853871964321762,-5.853871964321762,-5.853871964321762,-5.853871964321762,-5.853871964321762,-5.853871964321762,-5.853871964321762,-5.853871964321762,-5.853871964321762,-5.853871964321762,-5.853871964321762,-5.853871964321762,-5.853871964321762,-5.853871964321762,-5.853871964321762,-5.853871964321762,-5.853871964321762,-5.853871964321762
-4.785723100477121,-5.118726623274023,-5.042917883589418,-4.8990869504483125,-5.157165473246768,-5.095941165550518,-5.094641675385272,-4.803797194730757,-5.023735638083999,-5.207692021926093,-5.270795899056846,-5.031136821698842,-5.288993809403992,-5.118490358724441,-5.139916120899259,-4.946183305720481,-5.225256335749458,-5.122708135446597,-5.24798578488277,-5.020315957640686,-5.214670164989233,-5.214670164989233,-5.214670164989233,-5.214670164989233,-5.214670164989233,-5.214670164989233,-5.214670164989233,-5.214670164989233,-5.214670164989233,-5.214670164989233,-5.214670164989233,-5.214670164989233,-5.214670164989233,-5.214670164989233,-5.214670164989233,-5.214670164989233,-5.214670164989233,-5.214670164989233,-5.214670164989233,-5.214670164989233
-6.198313367193102,-6.257184176589016,-6.258272563083768,-6.229313809800352,-6.225051259912845,-6.227070119418546,-6.2049848424447855,-6.225758307456966,-6.255493934903198,-6.185366845714497,-6.2119362456497,-6.222504770916175,-6.225877131208834,-6.234843961558358,-6.238549679416941,-6.1928955128186995,-6.22313547662122,-6.2362172894357,-6.224589962279873,-6.216187957378502,-5.769551078621726,-5.769551078621726,-5.769551078621726,-5.769551078621726,-5.769551078621726,-5.769551078621726,-5.769551078621726,-5.769551078621726,-5.769551078621726,-5.769551078621726,-5.769551078621726,-5.769551078621726,-5.769551078621726,-5.769551078621726,-5.769551078621726,-5.769551078621726,-5.769551078621726,-5.769551078621726,-5.769551078621726,-5.769551078621726
-6.188742123403392,-6.241840982305361,-6.1747400822963385,-6.229240837906509,-6.14765570754903,-6.224265586041777,-6.179122814357185,-6.163571752210549,-6.2463900607875456,-6.233695771202741,-6.247932903837043,-6.244481749285246,-6.234677123922915,-6.114769515041123,-6.1489643074401705,-6.212919194177003,-6.1608284688428965,-6.157532141563223,-6.157809989510036,-6.209013759985297,-5.508638306165727,-5.508638306165727,-5.508638306165727,-5.508638306165727,-5.508638306165727,-5.508638306165727,-5.508638306165727,-5.508638306165727,-5.508638306165727,-5.508638306165727,-5.508638306165727,-5.508638306165727,-5.508638306165727,-5.508638306165727,-5.508638306165727,-5.508638306165727,-5.508638306165727,-5.508638306165727,-5.508638306165727,-5.508638306165727
-5.922501349195653,-5.987198303616454,-5.922827299437639,-5.928708130423093,-6.024062641040627,-5.865623869704437,-5.885654870759488,-5.921946896429636,-5.8630211771991485,-5.847292412575338,-5.961848111405102,-5.9220024819817345,-5.887477720948219,-5.88878760768237,-5.866522925493531,-5.8118596776595846,-5.834021066245736,-5.853294197823228,-5.917869293773512,-5.874699443969943,-6.214670164989233,-6.214670164989233,-6.214670164989233,-6.214670164989233,-6.214670164989233,-6.214670164989233,-6.214670164989233,-6.214670164989233,-6.214670164989233,-6.214670164989233,-6.214670164989233,-6.214670164989233,-6.214670164989233,-6.214670164989233,-6.214670164989233,-6.214670164989233,-6.214670164989233,-6.214670164989233,-6.214670164989233,-6.214670164989233
-5.617950818304053,-5.678209039863454,-5.732010071975755,-5.608483067002768,-5.6561797849995825,-5.756192317912547,-5.691752731618827,-5.582983249138914,-5.72695795722667,-5.765463066148549,-5.747880996982626,-5.790104349573586,-5.787629983957028,-5.730731992838737,-5.7487547049180385,-5.683599992966702,-5.708184919261985,-5.732244651500625,-5.7266357654681075,-5.703795762393412,-6.221848749616356,-6.221848749616356,-6.221848749616356,-6.221848749616356,-6.221848749616356,-6.221848749616356,-6.221848749616356,-6.221848749616356,-6.221848749616356,-6.221848749616356,-6.221848749616356,-6.221848749616356,-6.221848749616356,-6.221848749616356,-6.221848749616356,-6.221848749616356,-6.221848749616356,-6.221848749616356,-6.221848749616356,-6.221848749616356
-5.236911867359437,-5.328273382787449,-5.299027027256586,-5.228613934622016,-5.400290996703899,-5.25121936138332,-5.241270136326666,-5.149153294994403,-5.228833546816424,-5.343771617182674,-5.4119236409487925,-5.423231059053789,-5.2994543983379145,-5.290672589390269,-5.214905612659148,-5.214212917043904,-5.133130303607809,-5.2320199770750815,-5.23605745329111,-5.2908648877822415,-5.638272163982407,-5.638272163982407,-5.638272163982407,-5.638272163982407,-5.638272163982407,-5.638272163982407,-5.638272163982407,-5.638272163982407,-5.638272163982407,-5.638272163982407,-5.638272163982407,-5.638272163982407,-5.638272163982407,-5.638272163982407,-5.638272163982407,-5.638272163982407,-5.638272163982407,-5.638272163982407,-5.638272163982407,-5.638272163982407
-4.969935163938672,-4.793193359794133,-5.254702989055514,-4.755112216956578,-5.126222329918019,-4.901522898252067,-5.052444321531578,-4.779409438303591,-5.222652812487247,-5.025469735393678,-5.064718135494024,-5.191590428634949,-5.0973918566726,-5.169639258781688,-5.0402088098929925,-4.9301281483263635,-5.048584284444807,-5.06314288091062,-5.060430935713267,-5.032022033305391,-5.0655015487564325,-5.0655015487564325,-5.0655015487564325,-5.0655015487564325,-5.0655015487564325,-5.0655015487564325,-5.0655015487564325,-5.0655015487564325,-5.0655015487564325,-5.0655015487564325,-5.0655015487564325,-5.0655015487564325,-5.0655015487564325,-5.0655015487564325,-5.0655015487564325,-5.0655015487564325,-5.0655015487564325,-5.0655015487564325,-5.0655015487564325,-5.0655015487564325
-4.827531532437651,-4.755543080867691,-4.610629235461259,-4.601498379454826,-4.866715518224198,-4.712271545116187,-4.740422159331696,-4.701783444704457,-4.70041878370355,-4.7396645867130465,-4.77822173377882,-4.696925682075459,-4.931724636171804,-4.774002280243677,-4.781730694852335,-4.732070810827119,-4.721849994665911,-4.608675165424749,-4.7646755001330146,-4.865959361880669,-5.4089353929735005,-5.4089353929735005,-5.4089353929735005,-5.4089353929735005,-5.4089353929735005,-5.4089353929735005,-5.4089353929735005,-5.4089353929735005,-5.4089353929735005,-5.4089353929735005,-5.4089353929735005,-5.4089353929735005,-5.4089353929735005,-5.4089353929735005,-5.4089353929735005,-5.4089353929735005,-5.4089353929735005,-5.4089353929735005,-5.4089353929735005,-5.4089353929735005
-5.2801656368256875,-4.950757642185159,-5.279039579111602,-4.985387866450891,-5.418091460716317,-4.754369820740636,-5.0584170622429285,-5.0729107887211,-4.86573983740399,-4.980197318688726,-5.045147547575095,-5.253569588578941,-5.130077287241154,-5.221790482651222,-4.878599180106858,-4.828319706158724,-4.951540412115307,-5.112628411881211,-4.968357060679455,-4.8836488267642135,-5.136677139879544,-5.136677139879544,-5.136677139879544,-5.136677139879544,-5.136677139879544,-5.136677139879544,-5.136677139879544,-5.136677139879544,-5.136677139879544,-5.136677139879544,-5.136677139879544,-5.136677139879544,-5.136677139879544,-5.136677139879544,-5.136677139879544,-5.136677139879544,-5.136677139879544,-5.136677139879544,-5.136677139879544,-5.136677139879544
-4.896363862688058,-4.824896661438467,-4.788420752731368,-4.720117779452814,-4.862330669084373,-4.815200858552334,-4.848430747096623,-4.790829264819367,-4.756243746409358,-4.798102138516261,-4.834210835443258,-4.817607264192863,-4.958416100491592,-4.916137794671128,-4.869170612405349,-4.7914168928222685,-4.812466388009759,-4.772490220625606,-4.876367530231225,-4.903824395586333,-5.200659450546418,-5.200659450546418,-5.200659450546418,-5.200659450546418,-5.200659450546418,-5.200659450546418,-5.200659450546418,-5.200659450546418,-5.200659450546418,-5.200659450546418,-5.200659450546418,-5.200659450546418,-5.200659450546418,-5.200659450546418,-5.200659450546418,-5.200659450546418,-5.200659450546418,-5.200659450546418,-5.200659450546418,-5.200659450546418
-5.235005770155067,-4.893487948172195,-5.011223809205863,-4.905424780358323,-5.30670150244744,-4.617737114188315,-4.99782427915593,-5.065608689635646,-4.867068480085695,-4.971871650656203,-5.021134652792522,-5.0379048453097,-5.162201277205357,-5.070775005698912,-4.8307347573169235,-4.795161744489334,-4.869956668791616,-4.9764468146107985,-4.884682519780103,-4.890807680829243,-4.958607314841775,-4.958607314841775,-4.958607314841775,-4.958607314841775,-4.958607314841775,-4.958607314841775,-4.958607314841775,-4.958607314841775,-4.958607314841775,-4.958607314841775,-4.958607314841775,-4.958607314841775,-4.958607314841775,-4.958607314841775,-4.958607314841775,-4.958607314841775,-4.958607314841775,-4.958607314841775,-4.958607314841775,-4.958607314841775
-5.448623170399193,-5.244539841029381,-5.785057644287736,-5.191539953453682,-5.660349958291218,-4.66194268953307,-5.139469648272919,-5.2775807210666335,-5.11716395647536,-5.208498278228033,-5.443718426075656,-5.434106353165673,-5.169697353595462,-5.561414607167136,-4.79539849911446,-4.792391377433646,-5.049811114926918,-5.367177948022837,-5.082812151422891,-4.868261530484134,-5.2839966563652006,-5.2839966563652006,-5.2839966563652006,-5.2839966563652006,-5.2839966563652006,-5.2839966563652006,-5.2839966563652006,-5.2839966563652006,-5.2839966563652006,-5.2839966563652006,-5.2839966563652006,-5.2839966563652006,-5.2839966563652006,-5.2839966563652006,-5.2839966563652006,-5.2839966563652006,-5.2839966563652006,-5.2839966563652006,-5.2839966563652006,-5.2839966563652006
-4.741773011158452,-4.7296104819208535,-4.555972290939998,-4.501182917521145,-4.730891409242174,-4.778661393810471,-4.599469896364393,-4.603595489010814,-4.67049538182558,-4.552256476234621,-4.649390960456166,-4.629343243904401,-4.771745734503643,-4.725499191974062,-4.698942934441529,-4.5723787251284485,-4.557750768857666,-4.4465981867116575,-4.619497213114937,-4.758937614243146,-5.481486060122113,-5.481486060122113,-5.481486060122113,-5.481486060122113,-5.481486060122113,-5.481486060122113,-5.481486060122113,-5.481486060122113,-5.481486060122113,-5.481486060122113,-5.481486060122113,-5.481486060122113,-5.481486060122113,-5.481486060122113,-5.481486060122113,-5.481486060122113,-5.481486060122113,-5.481486060122113,-5.481486060122113,-5.481486060122113
-4.849615495354932,-4.788851680670107,-4.762408046463238,-4.667460714795661,-4.8530790752951605,-4.79871869568544,-4.812123160968144,-4.7461143492403615,-4.74519275013495,-4.7892511837487834,-4.820072068679881,-4.816191216693306,-4.942745002100469,-4.8689811827478895,-4.862749676061662,-4.786767012370462,-4.783832916647043,-4.720383893961633,-4.857295603937098,-4.907940052299823,-5.0,-5.0,-5.0,-5.0,-5.0,-5.0,-5.0,-5.0,-5.0,-5.0,-5.0,-5.0,-5.0,-5.0,-5.0,-5.0,-5.0,-5.0,-5.0,-5.0
-4.556759580690217,-4.522016764546172,-4.591300837243793,-4.298638218070492,-4.637183803915331,-4.72304754554929,-4.554864012895093,-4.408232242114265,-4.617338473688785,-4.470418144212574,-4.6428633627118705,-4.607403343153982,-4.61912813291994,-4.652902506874953,-4.567693750646673,-4.441268989489728,-4.4094762202589886,-4.407485610319488,-4.468273996962732,-4.59640107999842,-5.2441251443275085,-5.2441251443275085,-5.2441251443275085,-5.2441251443275085,-5.2441251443275085,-5.2441251443275085,-5.2441251443275085,-5.2441251443275085,-5.2441251443275085,-5.2441251443275085,-5.2441251443275085,-5.2441251443275085,-5.2441251443275085,-5.2441251443275085,-5.2441251443275085,-5.2441251443275085,-5.2441251443275085,-5.2441251443275085,-5.2441251443275085,-5.2441251443275085
-5.226224378345772,-5.130447061050667,-4.805439404951862,-5.0991281057678055,-4.854097723181488,-4.91996279510174,-4.820491664365387,-5.186315661463861,-4.85348519134118,-4.9074602872440725,-4.899576434592183,-4.878737237325504,-5.051671263821145,-4.8459902594158155,-4.938492995755882,-4.909475820434027,-4.849988505493415,-4.832911652675141,-4.951082534620476,-4.928451498156406,-4.853871964321762,-4.853871964321762,-4.853871964321762,-4.853871964321762,-4.853871964321762,-4.853871964321762,-4.853871964321762,-4.853871964321762,-4.853871964321762,-4.853871964321762,-4.853871964321762,-4.853871964321762,-4.853871964321762,-4.853871964321762,-4.853871964321762,-4.853871964321762,-4.853871964321762,-4.853871964321762,-4.853871964321762,-4.853871964321762
-5.447173422374199,-5.361878023913224,-4.674546058030573,-5.306857584296094,-5.024580553531688,-4.751345698861674,-4.70840926182857,-5.429491246125355,-4.792275869816606,-4.966083700440724,-4.935151776038968,-4.7478402485250175,-5.119634837328,-4.731078976887115,-4.915485193049101,-4.941715377481132,-4.821037167240934,-4.7239427313914195,-4.937530661047061,-4.952656163684874,-4.443697499232712,-4.443697499232712,-4.443697499232712,-4.443697499232712,-4.443697499232712,-4.443697499232712,-4.443697499232712,-4.443697499232712,-4.443697499232712,-4.443697499232712,-4.443697499232712,-4.443697499232712,-4.443697499232712,-4.443697499232712,-4.443697499232712,-4.443697499232712,-4.443697499232712,-4.443697499232712,-4.443697499232712,-4.443697499232712
-4.752014396875264,-4.656154798561868,-5.137147908965371,-4.51651706529704,-4.784489717751328,-4.813497440469514,-5.006429158752682,-4.561226190657402,-5.08923492604818,-4.930494449389671,-5.035199566905319,-5.031660756260782,-4.984464613840417,-5.100523849383907,-4.8858895796348065,-4.805564746133809,-4.931767849588701,-4.97542780498188,-4.925145428638293,-4.9076087579620165,-4.823908740944319,-4.823908740944319,-4.823908740944319,-4.823908740944319,-4.823908740944319,-4.823908740944319,-4.823908740944319,-4.823908740944319,-4.823908740944319,-4.823908740944319,-4.823908740944319,-4.823908740944319,-4.823908740944319,-4.823908740944319,-4.823908740944319,-4.823908740944319,-4.823908740944319,-4.823908740944319,-4.823908740944319,-4.823908740944319
-4.663300786797132,-4.620076192574122,-4.766666901923589,-4.461622069098018,-4.808302998708984,-4.730274499347912,-4.771165880504819,-4.54808560282848,-4.790459529025328,-4.767259911181918,-4.864021143750329,-4.76671482127237,-4.843490368220613,-4.816803234545474,-4.693253689131818,-4.712424515036457,-4.687502763232835,-4.668361355329884,-4.738761083987594,-4.7983622207673085,-5.0655015487564325,-5.0655015487564325,-5.0655015487564325,-5.0655015487564325,-5.0655015487564325,-5.0655015487564325,-5.0655015487564325,-5.0655015487564325,-5.0655015487564325,-5.0655015487564325,-5.0655015487564325,-5.0655015487564325,-5.0655015487564325,-5.0655015487564325,-5.0655015487564325,-5.0655015487564325,-5.0655015487564325,-5.0655015487564325,-5.0655015487564325,-5.0655015487564325
-4.740296770157322,-4.648405004398817,-5.126600872956397,-4.52655483659219,-4.769610440803444,-4.90903382721417,-4.975929757412813,-4.5723138960078415,-5.140078410955133,-4.940121069924709,-5.034845873794063,-5.0592779216540675,-4.97831396957752,-5.0687423189372804,-4.8991619600170955,-4.8350171801977595,-4.931308702364045,-4.951491655798661,-4.92201954357441,-4.919511622720323,-5.366531544420414,-5.366531544420414,-5.366531544420414,-5.366531544420414,-5.366531544420414,-5.366531544420414,-5.366531544420414,-5.366531544420414,-5.366531544420414,-5.366531544420414,-5.366531544420414,-5.366531544420414,-5.366531544420414,-5.366531544420414,-5.366531544420414,-5.366531544420414,-5.366531544420414,-5.366531544420414,-5.366531544420414,-5.366531544420414
-4.575209611285071,-4.512039245858739,-4.433053616881572,-4.248730919957349,-4.613118847534433,-4.548386535397418,-4.5000010259711205,-4.391405678026883,-4.6150879714791575,-4.454323975223953,-4.618803193668593,-4.518137623618924,-4.685132181112743,-4.5696609090914295,-4.562496625654108,-4.404630204727318,-4.388567095862635,-4.302169235082234,-4.428469565242714,-4.60936190680466,-4.508638306165727,-4.508638306165727,-4.508638306165727,-4.508638306165727,-4.508638306165727,-4.508638306165727,-4.508638306165727,-4.508638306165727,-4.508638306165727,-4.508638306165727,-4.508638306165727,-4.508638306165727,-4.508638306165727,-4.508638306165727,-4.508638306165727,-4.508638306165727,-4.508638306165727,-4.508638306165727,-4.508638306165727,-4.508638306165727
-5.805370289634593,-5.713051368185146,-4.362448255693509,-5.660899572497631,-4.976185051788709,-4.258313041067797,-4.414132101217385,-5.84077239437245,-4.480108672613489,-4.845834548867361,-4.788366443978567,-4.484456561516568,-5.144050133553557,-4.476858789936381,-5.010569113472788,-4.851439014738736,-4.6363234319561855,-4.416940767340522,-4.873165977784331,-4.901195454696448,-5.275724130399211,-5.275724130399211,-5.275724130399211,-5.275724130399211,-5.275724130399211,-5.275724130399211,-5.275724130399211,-5.275724130399211,-5.275724130399211,-5.275724130399211,-5.275724130399211,-5.275724130399211,-5.275724130399211,-5.275724130399211,-5.275724130399211,-5.275724130399211,-5.275724130399211,-5.275724130399211,-5.275724130399211,-5.275724130399211
-5.286942998236738,-4.952367644125238,-5.233545750042698,-4.9248207805232225,-5.544756521476453,-4.60991062622613,-4.996201663749345,-5.055339929181689,-4.867759689860104,-5.027896084452878,-5.098523041892161,-5.221755927923209,-5.179432152526055,-5.149660330007686,-4.838300103459145,-4.803145409206838,-4.93583506097867,-5.028514716171904,-4.920072700719219,-4.902083520532919,-5.657577319177793,-5.657577319177793,-5.657577319177793,-5.657577319177793,-5.657577319177793,-5.657577319177793,-5.657577319177793,-5.657577319177793,-5.657577319177793,-5.657577319177793,-5.657577319177793,-5.657577319177793,-5.657577319177793,-5.657577319177793,-5.657577319177793,-5.657577319177793,-5.657577319177793,-5.657577319177793,-5.657577319177793,-5.657577319177793
-5.098192131465898,-4.636677748466736,-5.175938546306423,-5.209323171066603,-5.279680129497536,-5.226458194808403,-5.16606408490507,-5.165457824881757,-5.268024091553624,-5.194523520215844,-5.078322151078361,-5.247828708600989,-5.303253905390711,-5.154354715134675,-5.084725136279037,-5.158074103924695,-5.185533735701769,-5.11067121968091,-5.319069363273418,-5.17861149695025,-5.356547323513812,-5.356547323513812,-5.356547323513812,-5.356547323513812,-5.356547323513812,-5.356547323513812,-5.356547323513812,-5.356547323513812,-5.356547323513812,-5.356547323513812,-5.356547323513812,-5.356547323513812,-5.356547323513812,-5.356547323513812,-5.356547323513812,-5.356547323513812,-5.356547323513812,-5.356547323513812,-5.356547323513812,-5.356547323513812
-5.171779062305979,-4.520490796597661,-5.2729373329021625,-5.272149855903212,-5.336415924684786,-5.256375031418861,-5.217497308063848,-5.259885325915767,-5.290143422780954,-5.236915229964428,-5.029740579756015,-5.291007056999958,-5.277293542492507,-5.280625565466957,-5.203754569750745,-5.2387279834814695,-5.250662433997064,-5.212102124849255,-5.322498459805248,-5.215999388161769,-5.638272163982407,-5.638272163982407,-5.638272163982407,-5.638272163982407,-5.638272163982407,-5.638272163982407,-5.638272163982407,-5.638272163982407,-5.638272163982407,-5.638272163982407,-5.638272163982407,-5.638272163982407,-5.638272163982407,-5.638272163982407,-5.638272163982407,-5.638272163982407,-5.638272163982407,-5.638272163982407,-5.638272163982407,-5.638272163982407
-5.1770300863734455,-4.587556604827226,-5.320872728010594,-5.302659715546017,-5.425381938503249,-5.308325372102279,-5.27623081517609,-5.262299152934131,-5.360818383149112,-5.322135702431559,-5.080851842983764,-5.361271358912062,-5.375393543374623,-5.307352817461023,-5.217099785516062,-5.283156408980656,-5.332166698983251,-5.2308574258865335,-5.319954806117853,-5.294600450643776,-5.443697499232713,-5.443697499232713,-5.443697499232713,-5.443697499232713,-5.443697499232713,-5.443697499232713,-5.443697499232713,-5.443697499232713,-5.443697499232713,-5.443697499232713,-5.443697499232713,-5.443697499232713,-5.443697499232713,-5.443697499232713,-5.443697499232713,-5.443697499232713,-5.443697499232713,-5.443697499232713,-5.443697499232713,-5.443697499232713
-4.837453535269399,-4.909746888157404,-4.821954281741796,-4.858771978835505,-4.853037138281699,-4.860330929171562,-4.782413459667596,-4.885622188928903,-4.940244060404056,-4.767552762772052,-4.921548642749191,-4.816196619823051,-4.835641812756091,-4.752411879791952,-4.668528086297147,-4.740007403527561,-4.731365366091453,-4.731234261792106,-5.066386140388137,-4.725402671911332,-5.568636235841013,-5.568636235841013,-5.568636235841013,-5.568636235841013,-5.568636235841013,-5.568636235841013,-5.568636235841013,-5.568636235841013,-5.568636235841013,-5.568636235841013,-5.568636235841013,-5.568636235841013,-5.568636235841013,-5.568636235841013,-5.568636235841013,-5.568636235841013,-5.568636235841013,-5.568636235841013,-5.568636235841013,-5.568636235841013
-4.8743737494547394,-4.750463748920865,-4.854974154051666,-4.9357473160666,-4.950890689257552,-4.934670218268673,-4.8392425532197905,-4.940165257427385,-4.984208556339793,-4.843192790150974,-4.953832392116657,-4.903417276375864,-4.926106203330595,-4.811765220213194,-4.755195536681449,-4.796208416104858,-4.826350125957184,-4.786729666015047,-5.169451820263085,-4.807111259277334,-5.267606240177032,-5.267606240177032,-5.267606240177032,-5.267606240177032,-5.267606240177032,-5.267606240177032,-5.267606240177032,-5.267606240177032,-5.267606240177032,-5.267606240177032,-5.267606240177032,-5.267606240177032,-5.267606240177032,-5.267606240177032,-5.267606240177032,-5.267606240177032,-5.267606240177032,-5.267606240177032,-5.267606240177032,-5.267606240177032
-6.029683393509445,-6.1081218675923346,-6.098386667480526,-6.111931164487445,-6.088300951798974,-5.973469640248626,-6.1202576561784,-6.064835510839001,-5.948797988166346,-6.053443830644657,-6.06918146232915,-6.008323668231865,-6.048934511447893,-6.120409340738837,-6.069669113649705,-6.0915746632774495,-6.1168677743266375,-6.102918346683543,-6.056375418542334,-6.000866365435462,-5.886056647693163,-5.886056647693163,-5.886056647693163,-5.886056647693163,-5.886056647693163,-5.886056647693163,-5.886056647693163,-5.886056647693163,-5.886056647693163,-5.886056647693163,-5.886056647693163,-5.886056647693163,-5.886056647693163,-5.886056647693163,-5.886056647693163,-5.886056647693163,-5.886056647693163,-5.886056647693163,-5.886056647693163,-5.886056647693163
-6.201452803567558,-6.323221623978088,-6.232881524684481,-6.306871484298155,-6.243788476018215,-6.189048343129643,-6.260376973489677,-6.227471427244119,-6.186355891833394,-6.2021578819339345,-6.225693532609718,-6.1982399782399815,-6.222813560353688,-6.2101280059221855,-6.198745696799674,-6.230205560074412,-6.237150781579121,-6.211461699881695,-6.165432646720354,-6.185710181675541,-5.638272163982407,-5.638272163982407,-5.638272163982407,-5.638272163982407,-5.638272163982407,-5.638272163982407,-5.638272163982407,-5.638272163982407,-5.638272163982407,-5.638272163982407,-5.638272163982407,-5.638272163982407,-5.638272163982407,-5.638272163982407,-5.638272163982407,-5.638272163982407,-5.638272163982407,-5.638272163982407,-5.638272163982407,-5.638272163982407
-5.027335805813012,-5.032938817665719,-4.924682446334464,-5.021399568294493,-5.000619113804899,-5.003916216307456,-4.9959319895096685,-5.031631419978727,-5.046983506074947,-4.910106316583037,-4.938042024322149,-4.941732292803953,-4.911528017332246,-4.959410549180508,-4.844851017007283,-4.889553130452268,-4.980076181884654,-4.986736562804554,-5.020883575393032,-4.880001775178646,-5.657577319177793,-5.657577319177793,-5.657577319177793,-5.657577319177793,-5.657577319177793,-5.657577319177793,-5.657577319177793,-5.657577319177793,-5.657577319177793,-5.657577319177793,-5.657577319177793,-5.657577319177793,-5.657577319177793,-5.657577319177793,-5.657577319177793,-5.657577319177793,-5.657577319177793,-5.657577319177793,-5.657577319177793,-5.657577319177793
-5.020802913741184,-5.061795509937686,-4.762580377764428,-4.913001274547048,-4.805840863864367,-4.872725601918274,-4.994929694492561,-4.924684590098101,-4.937358851295031,-4.7956111610342225,-4.750936392181014,-4.83742031216148,-4.682498516098104,-4.793910550521143,-4.771219929663663,-4.733353802147635,-4.968316784624976,-4.9467636450463095,-5.077405505746033,-4.715177722323912,-5.075720713938118,-5.075720713938118,-5.075720713938118,-5.075720713938118,-5.075720713938118,-5.075720713938118,-5.075720713938118,-5.075720713938118,-5.075720713938118,-5.075720713938118,-5.075720713938118,-5.075720713938118,-5.075720713938118,-5.075720713938118,-5.075720713938118,-5.075720713938118,-5.075720713938118,-5.075720713938118,-5.075720713938118,-5.075720713938118
-5.0741747073667,-5.085272097229983,-5.0269801251724955,-5.080495118129517,-5.076311771044508,-5.067654875317795,-4.978991998645723,-5.0857190120054305,-5.096680247702214,-4.984545555701048,-5.008273588816393,-5.013977149781962,-4.954730305358211,-4.953284847820812,-4.922508503523292,-4.970079128842268,-4.999794172492812,-4.982881705073304,-5.0285777607528255,-4.9527410732141774,-5.886056647693163,-5.886056647693163,-5.886056647693163,-5.886056647693163,-5.886056647693163,-5.886056647693163,-5.886056647693163,-5.886056647693163,-5.886056647693163,-5.886056647693163,-5.886056647693163,-5.886056647693163,-5.886056647693163,-5.886056647693163,-5.886056647693163,-5.886056647693163,-5.886056647693163,-5.886056647693163,-5.886056647693163,-5.886056647693163
-4.974078507880893,-4.91836848070684,-4.672957613920887,-4.902792689428359,-4.868456118786344,-4.825942980032423,-4.96221089969892,-4.967555393140494,-4.864237753827621,-4.666585765164255,-4.731901018927626,-4.706693807567589,-4.772152446710804,-4.797847903822191,-4.673827618236313,-4.678470509571845,-4.893321728413626,-4.873445427966628,-4.987852606906118,-4.693194967896391,-5.42021640338319,-5.42021640338319,-5.42021640338319,-5.42021640338319,-5.42021640338319,-5.42021640338319,-5.42021640338319,-5.42021640338319,-5.42021640338319,-5.42021640338319,-5.42021640338319,-5.42021640338319,-5.42021640338319,-5.42021640338319,-5.42021640338319,-5.42021640338319,-5.42021640338319,-5.42021640338319,-5.42021640338319,-5.42021640338319
-5.201659685539111,-5.19431804844957,-5.380687017644031,-5.239827106885196,-5.3914636830361315,-5.299344602725853,-4.981100156156485,-5.229511186146217,-5.306311051894691,-5.33094287694089,-5.330755177861522,-5.2942631443557735,-5.175215343873525,-4.986775010985067,-5.236590578737785,-5.2360615977704486,-5.089404956732322,-5.03442196400974,-5.094691388943019,-5.241278687040403,-5.823908740944319,-5.823908740944319,-5.823908740944319,-5.823908740944319,-5.823908740944319,-5.823908740944319,-5.823908740944319,-5.823908740944319,-5.823908740944319,-5.823908740944319,-5.823908740944319,-5.823908740944319,-5.823908740944319,-5.823908740944319,-5.823908740944319,-5.823908740944319,-5.823908740944319,-5.823908740944319,-5.823908740944319,-5.823908740944319
-5.090029922090203,-5.131750215275872,-4.913004814422234,-5.039569356602622,-4.984912865904301,-5.011412148462772,-4.958598029482679,-5.033610182746685,-5.068451171883191,-4.974375926223928,-4.938958674783878,-4.984773744378538,-4.83847102497563,-4.748330469486044,-4.910942200572679,-4.912410209448812,-5.008237310141337,-4.94237460208508,-5.089091527294743,-4.911158729463284,-5.0,-5.0,-5.0,-5.0,-5.0,-5.0,-5.0,-5.0,-5.0,-5.0,-5.0,-5.0,-5.0,-5.0,-5.0,-5.0,-5.0,-5.0,-5.0,-5.0
-5.13538826652996,-5.202886801859687,-4.995489535109898,-5.140757845391874,-5.072331698733234,-5.0737597980928095,-4.911958850172147,-5.115316434190533,-5.130134200931112,-5.06554592549055,-5.040663568023347,-5.060175647434065,-4.8860125155105845,-4.762610266412527,-4.961555500110065,-5.024608467669721,-5.021587231928732,-4.9081077066459935,-5.1164015060670485,-5.01591809536475,-5.229147988357856,-5.229147988357856,-5.229147988357856,-5.229147988357856,-5.229147988357856,-5.229147988357856,-5.229147988357856,-5.229147988357856,-5.229147988357856,-5.229147988357856,-5.229147988357856,-5.229147988357856,-5.229147988357856,-5.229147988357856,-5.229147988357856,-5.229147988357856,-5.229147988357856,-5.229147988357856,-5.229147988357856,-5.229147988357856
-5.047568131647817,-5.0191210055038225,-4.806150243694529,-5.014211671222647,-4.960975813062345,-4.984903244916333,-5.054843087473249,-5.030252806937247,-4.994205876248724,-4.861527530980298,-4.9091433479820745,-4.8920062419782715,-4.900458061987431,-4.932325379676766,-4.811875526876224,-4.8673313255755675,-4.978204903080441,-5.010914374438814,-5.066316596983824,-4.870771198851508,-5.180456064458132,-5.180456064458132,-5.180456064458132,-5.180456064458132,-5.180456064458132,-5.180456064458132,-5.180456064458132,-5.180456064458132,-5.180456064458132,-5.180456064458132,-5.180456064458132,-5.180456064458132,-5.180456064458132,-5.180456064458132,-5.180456064458132,-5.180456064458132,-5.180456064458132,-5.180456064458132,-5.180456064458132,-5.180456064458132
-5.837247316411716,-5.938622357619316,-5.991574206357329,-5.842664289871194,-5.9087696116489274,-5.875613377983937,-5.950522238994541,-5.8506312520162815,-5.889712661905295,-5.942355595090732,-5.915839360776066,-5.96186902409853,-5.854045657057286,-6.0000900166354265,-5.956814769268139,-5.867237464196594,-5.850273886429744,-5.976434492361409,-5.878151082492296,-5.892238193262858,-5.721246399047171,-5.721246399047171,-5.721246399047171,-5.721246399047171,-5.721246399047171,-5.721246399047171,-5.721246399047171,-5.721246399047171,-5.721246399047171,-5.721246399047171,-5.721246399047171,-5.721246399047171,-5.721246399047171,-5.721246399047171,-5.721246399047171,-5.721246399047171,-5.721246399047171,-5.721246399047171,-5.721246399047171,-5.721246399047171
-5.867808145008751,-5.973007184712576,-6.042971255902249,-5.894030263832359,-5.9613908997176885,-5.919333238824731,-6.009382269430249,-5.886036294215665,-5.9402234681940085,-6.0126734348706865,-5.9828997030212605,-6.0164470380119255,-5.921935112916648,-6.052957927648422,-5.993341681628215,-5.940750746950125,-5.913277482145742,-6.025284899822175,-5.939137376755008,-5.964501649673838,-5.327902142064283,-5.327902142064283,-5.327902142064283,-5.327902142064283,-5.327902142064283,-5.327902142064283,-5.327902142064283,-5.327902142064283,-5.327902142064283,-5.327902142064283,-5.327902142064283,-5.327902142064283,-5.327902142064283,-5.327902142064283,-5.327902142064283,-5.327902142064283,-5.327902142064283,-5.327902142064283,-5.327902142064283,-5.327902142064283
-5.5644857696167636,-5.647076812454925,-5.721108917454554,-5.599578704210268,-5.719050249287336,-5.665446874514468,-5.679183921313591,-5.604720574147437,-5.670421189283615,-5.7317995808365,-5.710821233069639,-5.731507436679448,-5.744199322694413,-5.795983367698307,-5.6936595541091775,-5.677030356408144,-5.704144707723964,-5.714607910788922,-5.722230013976963,-5.705544046211932,-5.468521082957745,-5.468521082957745,-5.468521082957745,-5.468521082957745,-5.468521082957745,-5.468521082957745,-5.468521082957745,-5.468521082957745,-5.468521082957745,-5.468521082957745,-5.468521082957745,-5.468521082957745,-5.468521082957745,-5.468521082957745,-5.468521082957745,-5.468521082957745,-5.468521082957745,-5.468521082957745,-5.468521082957745,-5.468521082957745
-5.574667200376037,-5.642084173193499,-5.750477860815878,-5.633959423063367,-5.7881449636476825,-5.680373310111065,-5.744973130229482,-5.636343449214186,-5.685578475901307,-5.7544894825258455,-5.745113146565949,-5.734768058368907,-5.826755320593324,-5.841407367273152,-5.714261124695576,-5.727624171606801,-5.798421202572631,-5.711859877934303,-5.8234742354057945,-5.753030480463604,-4.958607314841775,-4.958607314841775,-4.958607314841775,-4.958607314841775,-4.958607314841775,-4.958607314841775,-4.958607314841775,-4.958607314841775,-4.958607314841775,-4.958607314841775,-4.958607314841775,-4.958607314841775,-4.958607314841775,-4.958607314841775,-4.958607314841775,-4.958607314841775,-4.958607314841775,-4.958607314841775,-4.958607314841775,-4.958607314841775
-4.847558970373904,-4.76961187269203,-5.01506463153627,-4.869645108606748,-5.071929790710352,-4.883366052265825,-4.911356098786738,-5.3015794805226,-5.076992218988226,-5.070952034274454,-5.059457864745512,-5.018468180209118,-4.959908820571996,-5.0407227304521305,-4.85586510388042,-4.842125717788674,-4.931938868397899,-4.919951373161514,-5.227824453109133,-4.896466838190426,-5.585026652029182,-5.585026652029182,-5.585026652029182,-5.585026652029182,-5.585026652029182,-5.585026652029182,-5.585026652029182,-5.585026652029182,-5.585026652029182,-5.585026652029182,-5.585026652029182,-5.585026652029182,-5.585026652029182,-5.585026652029182,-5.585026652029182,-5.585026652029182,-5.585026652029182,-5.585026652029182,-5.585026652029182,-5.585026652029182
-5.064984440155699,-5.176599556582333,-5.165864909061132,-5.203335066009626,-5.2830329018705875,-5.155008533543184,-5.084028027206514,-5.491495981541812,-5.21434563896012,-5.294269728878138,-5.250175046273649,-5.2717648380357245,-5.223308390236442,-5.151122986456866,-5.045033350431049,-5.172160005956907,-5.164051949101063,-5.066728899847076,-5.153268629247537,-5.178258260133552,-6.0,-6.0,-6.0,-6.0,-6.0,-6.0,-6.0,-6.0,-6.0,-6.0,-6.0,-6.0,-6.0,-6.0,-6.0,-6.0,-6.0,-6.0,-6.0,-6.0
-4.821476737851916,-4.839360806999634,-4.923086989799158,-4.932621867212019,-5.053243530935903,-4.819285531185704,-4.779539143103622,-5.362786433594985,-5.052918232606654,-5.001278651925953,-4.955526775162678,-4.951695857716947,-4.807597981322602,-4.925439465581067,-4.760408943678943,-4.768240183561187,-4.879302695845965,-4.808866057674403,-5.0857032073090505,-4.8207572075958725,-4.958607314841775,-4.958607314841775,-4.958607314841775,-4.958607314841775,-4.958607314841775,-4.958607314841775,-4.958607314841775,-4.958607314841775,-4.958607314841775,-4.958607314841775,-4.958607314841775,-4.958607314841775,-4.958607314841775,-4.958607314841775,-4.958607314841775,-4.958607314841775,-4.958607314841775,-4.958607314841775,-4.958607314841775,-4.958607314841775
-5.667173014608167,-5.656251815939731,-5.747929882288122,-5.649629208762237,-5.76557572850337,-5.658916482977674,-5.764211832160266,-5.23752789794806,-5.670264092854031,-5.80591843569107,-5.816739187080448,-5.700120007631875,-5.806409307432549,-5.761922724059608,-5.667354591219447,-5.757510247472457,-5.74964806565063,-5.749027831720211,-5.406542757288208,-5.723567728711157,-5.060480747381382,-5.060480747381382,-5.060480747381382,-5.060480747381382,-5.060480747381382,-5.060480747381382,-5.060480747381382,-5.060480747381382,-5.060480747381382,-5.060480747381382,-5.060480747381382,-5.060480747381382,-5.060480747381382,-5.060480747381382,-5.060480747381382,-5.060480747381382,-5.060480747381382,-5.060480747381382,-5.060480747381382,-5.060480747381382
-4.802398881874031,-4.667433772010181,-4.987515033457474,-4.79425463922499,-5.055191122071483,-4.823034240769036,-4.87449887264719,-5.326980400861139,-4.989701694313792,-5.014447512624621,-5.011228429089704,-4.937016542476538,-4.8932197986674995,-5.022613881081442,-4.848589579766243,-4.7906191753940375,-4.90496939339674,-4.908981848123731,-5.191441744292831,-4.853812810139143,-5.091514981121351,-5.091514981121351,-5.091514981121351,-5.091514981121351,-5.091514981121351,-5.091514981121351,-5.091514981121351,-5.091514981121351,-5.091514981121351,-5.091514981121351,-5.091514981121351,-5.091514981121351,-5.091514981121351,-5.091514981121351,-5.091514981121351,-5.091514981121351,-5.091514981121351,-5.091514981121351,-5.091514981121351,-5.091514981121351
-5.337346185057774,-5.54475058641636,-5.397669235747524,-5.359205325646985,-5.420539341499515,-5.428140193660799,-5.3873633378740555,-5.366826740434093,-5.403057820844413,-5.4731459619020315,-5.494219780374148,-5.400223884936471,-5.389496522816188,-5.4091713292388715,-5.472365581738083,-5.40720756289175,-5.478255040375664,-5.434269081257512,-5.465467814469697,-5.41047705746818,-5.721246399047171,-5.721246399047171,-5.721246399047171,-5.721246399047171,-5.721246399047171,-5.721246399047171,-5.721246399047171,-5.721246399047171,-5.721246399047171,-5.721246399047171,-5.721246399047171,-5.721246399047171,-5.721246399047171,-5.721246399047171,-5.721246399047171,-5.721246399047171,-5.721246399047171,-5.721246399047171,-5.721246399047171,-5.721246399047171
-5.8812271141899135,-5.9203101361676875,-5.9529454034474245,-5.92064294699935,-5.984573319715619,-5.9292382993898824,-5.893339455287065,-5.907221166115376,-5.94651144789145,-5.936843667395025,-5.929820467062509,-5.950588763173761,-5.683397549467667,-5.987179590580535,-5.891402616248085,-5.914579776457072,-5.969681604842604,-5.948311188345979,-5.917562158000221,-5.92523813915978,-5.2441251443275085,-5.2441251443275085,-5.2441251443275085,-5.2441251443275085,-5.2441251443275085,-5.2441251443275085,-5.2441251443275085,-5.2441251443275085,-5.2441251443275085,-5.2441251443275085,-5.2441251443275085,-5.2441251443275085,-5.2441251443275085,-5.2441251443275085,-5.2441251443275085,-5.2441251443275085,-5.2441251443275085,-5.2441251443275085,-5.2441251443275085,-5.2441251443275085
-5.121958720671545,-5.177200985126835,-5.0104611210910805,-5.068621237549446,-5.218087795984053,-4.971341129662071,-4.906303827145093,-5.105276207411411,-5.016235023039268,-5.00379493811215,-5.112337792458178,-5.094543521420362,-4.9422957615428285,-4.978067277656751,-4.908533813493623,-4.886882833945181,-4.82702037180623,-4.956363817639498,-4.867356391865001,-4.974315210043275,-5.508638306165727,-5.508638306165727,-5.508638306165727,-5.508638306165727,-5.508638306165727,-5.508638306165727,-5.508638306165727,-5.508638306165727,-5.508638306165727,-5.508638306165727,-5.508638306165727,-5.508638306165727,-5.508638306165727,-5.508638306165727,-5.508638306165727,-5.508638306165727,-5.508638306165727,-5.508638306165727,-5.508638306165727,-5.508638306165727
-5.412140472820777,-6.170348672173552,-6.1585778514666325,-6.219079553886492,-6.0175441835565415,-5.949677793317818,-6.0566926115473425,-5.567119363444307,-6.005998334333719,-5.49391857041946,-6.19512892705098,-6.006248510580572,-6.136499943774549,-6.2118236272962015,-5.753698193410891,-6.053615450802633,-5.724733004052622,-6.074056263782026,-5.7514896833972635,-5.944887694363359,-4.886056647693163,-4.886056647693163,-4.886056647693163,-4.886056647693163,-4.886056647693163,-4.886056647693163,-4.886056647693163,-4.886056647693163,-4.886056647693163,-4.886056647693163,-4.886056647693163,-4.886056647693163,-4.886056647693163,-4.886056647693163,-4.886056647693163,-4.886056647693163,-4.886056647693163,-4.886056647693163,-4.886056647693163,-4.886056647693163
-5.437887023047722,-6.193084921050008,-6.176493241050274,-6.2402643704996015,-6.030244859325286,-5.9725087260769625,-6.079688961104203,-5.583272572209179,-6.024014339028341,-5.498620271464697,-6.219165602934917,-6.029671117064476,-6.157610123448734,-6.223509757407505,-5.759441679242984,-6.0665162609837555,-5.742489777297326,-6.091836139832537,-5.765773485783457,-5.957261935460769,-4.920818753952375,-4.920818753952375,-4.920818753952375,-4.920818753952375,-4.920818753952375,-4.920818753952375,-4.920818753952375,-4.920818753952375,-4.920818753952375,-4.920818753952375,-4.920818753952375,-4.920818753952375,-4.920818753952375,-4.920818753952375,-4.920818753952375,-4.920818753952375,-4.920818753952375,-4.920818753952375,-4.920818753952375,-4.920818753952375
-5.677390350146787,-5.653566024960714,-5.733911433191272,-5.623851137686447,-5.704299051089598,-5.699986242348856,-5.727886016036157,-5.656780016520687,-5.677203371995082,-5.757585196970513,-5.7637956704586255,-5.699686272008869,-5.773794273917553,-5.778846047607132,-5.803402345734974,-5.716909332463496,-5.754747943888401,-5.750874165563437,-5.885403486551897,-5.7235446129992695,-4.958607314841775,-4.958607314841775,-4.958607314841775,-4.958607314841775,-4.958607314841775,-4.958607314841775,-4.958607314841775,-4.958607314841775,-4.958607314841775,-4.958607314841775,-4.958607314841775,-4.958607314841775,-4.958607314841775,-4.958607314841775,-4.958607314841775,-4.958607314841775,-4.958607314841775,-4.958607314841775,-4.958607314841775,-4.958607314841775
-5.785293541072553,-5.686326585551785,-5.61394371985573,-5.685908908371741,-5.69740594560356,-5.638235949888158,-5.649172439474244,-5.765732734909494,-5.596724497903431,-5.691958966694848,-5.678307918031436,-5.581700962125324,-5.731347324833138,-5.664336072078608,-5.763039803403094,-5.7296337343687,-5.797442583684863,-5.70901873518841,-5.777689525910489,-5.668195799327518,-4.769551078621726,-4.769551078621726,-4.769551078621726,-4.769551078621726,-4.769551078621726,-4.769551078621726,-4.769551078621726,-4.769551078621726,-4.769551078621726,-4.769551078621726,-4.769551078621726,-4.769551078621726,-4.769551078621726,-4.769551078621726,-4.769551078621726,-4.769551078621726,-4.769551078621726,-4.769551078621726,-4.769551078621726,-4.769551078621726
-5.423828698257614,-5.501924652970804,-5.445164290006715,-5.50884597759516,-5.438601199287617,-5.505477866154115,-5.445855232690365,-5.464974396719266,-5.5485416679272666,-5.476269861374166,-5.515253624590177,-5.4816660071159005,-5.600750585634075,-5.440979563390277,-5.415311536381418,-5.542760192089264,-5.431547129654356,-5.4221228409036115,-5.399481447584758,-5.522149665620769,-5.356547323513812,-5.356547323513812,-5.356547323513812,-5.356547323513812,-5.356547323513812,-5.356547323513812,-5.356547323513812,-5.356547323513812,-5.356547323513812,-5.356547323513812,-5.356547323513812,-5.356547323513812,-5.356547323513812,-5.356547323513812,-5.356547323513812,-5.356547323513812,-5.356547323513812,-5.356547323513812,-5.356547323513812,-5.356547323513812
-5.681806483751412,-5.606779072086815,-5.6023235134326494,-5.615733595966914,-5.604445695854005,-5.629312315937097,-5.622236481299248,-5.647611825565862,-5.6310502824732716,-5.686846174871052,-5.677971092539924,-5.6039762434659615,-5.74134848491239,-5.658721004168545,-5.695316573791172,-5.703933081191393,-5.670030913916022,-5.661605592200854,-5.769440792242955,-5.674060834196722,-5.823908740944319,-5.823908740944319,-5.823908740944319,-5.823908740944319,-5.823908740944319,-5.823908740944319,-5.823908740944319,-5.823908740944319,-5.823908740944319,-5.823908740944319,-5.823908740944319,-5.823908740944319,-5.823908740944319,-5.823908740944319,-5.823908740944319,-5.823908740944319,-5.823908740944319,-5.823908740944319,-5.823908740944319,-5.823908740944319
-5.980784850567515,-5.909393516448382,-6.008414042220221,-5.975600388417104,-5.926391088080686,-6.006585307749161,-5.981322068726955,-6.006196278576644,-5.949783354351046,-5.718410316526951,-6.015154188566699,-5.949178342374591,-5.773248315685123,-5.970861887964402,-5.925994688243176,-5.953248824571505,-5.9996859642346,-5.989124465644589,-5.95035834934357,-5.9648276632681325,-5.795880017344075,-5.795880017344075,-5.795880017344075,-5.795880017344075,-5.795880017344075,-5.795880017344075,-5.795880017344075,-5.795880017344075,-5.795880017344075,-5.795880017344075,-5.795880017344075,-5.795880017344075,-5.795880017344075,-5.795880017344075,-5.795880017344075,-5.795880017344075,-5.795880017344075,-5.795880017344075,-5.795880017344075,-5.795880017344075
-5.256327845758317,-5.293014934392997,-5.342735442804619,-5.3194722650923065,-5.28124044030063,-5.355813833206908,-5.320895550739822,-5.200820113151786,-5.363141242671027,-5.1136420826671625,-5.409873945363815,-5.321365817200469,-5.277766239815964,-5.318623927677445,-5.329949492671054,-5.35006765341857,-5.36846784589246,-5.330072272472482,-5.38970940846642,-5.357963535125838,-4.031517051446065,-4.031517051446065,-4.031517051446065,-4.031517051446065,-4.031517051446065,-4.031517051446065,-4.031517051446065,-4.031517051446065,-4.031517051446065,-4.031517051446065,-4.031517051446065,-4.031517051446065,-4.031517051446065,-4.031517051446065,-4.031517051446065,-4.031517051446065,-4.031517051446065,-4.031517051446065,-4.031517051446065,-4.031517051446065
-5.337437387665446,-5.3483109714896875,-5.324746866797534,-5.373952733772391,-5.277566643465473,-5.356683338536652,-5.277055628597351,-5.265329096834597,-5.43798409065622,-5.196708005302891,-5.405535608101175,-5.3632469797223035,-5.2561389587723895,-5.267631347123764,-5.261041994880939,-5.336363850422888,-5.269866987526247,-5.302206329208474,-5.183811374008234,-5.333442667962112,-5.161150909262744,-5.161150909262744,-5.161150909262744,-5.161150909262744,-5.161150909262744,-5.161150909262744,-5.161150909262744,-5.161150909262744,-5.161150909262744,-5.161150909262744,-5.161150909262744,-5.161150909262744,-5.161150909262744,-5.161150909262744,-5.161150909262744,-5.161150909262744,-5.161150909262744,-5.161150909262744,-5.161150909262744,-5.161150909262744
-5.319578358452412,-5.293829245862225,-5.408413192291048,-5.348842587782907,-5.285575218107512,-5.34246663196865,-5.345741362321631,-5.288888182847847,-5.373157561243991,-5.08491354063902,-5.395639060941678,-5.3343199418075065,-5.23696172986684,-5.392121579352212,-5.330926530290531,-5.387302940857762,-5.353997215799333,-5.421090146816516,-5.3451402874495635,-5.356922096076094,-5.275724130399211,-5.275724130399211,-5.275724130399211,-5.275724130399211,-5.275724130399211,-5.275724130399211,-5.275724130399211,-5.275724130399211,-5.275724130399211,-5.275724130399211,-5.275724130399211,-5.275724130399211,-5.275724130399211,-5.275724130399211,-5.275724130399211,-5.275724130399211,-5.275724130399211,-5.275724130399211,-5.275724130399211,-5.275724130399211
-6.0335431253839085,-6.0520965331146686,-6.031436451443609,-6.070578311422156,-6.097027188455621,-5.9692819401266775,-6.029364219522954,-6.040969751693946,-6.012104478985503,-6.016608946375933,-6.057761150190671,-6.014452073662492,-6.0310934461867545,-6.019750468401471,-5.966929366445054,-6.000881523591265,-6.0150396038365885,-5.978325015019635,-6.02733416185821,-6.00828403902554,-5.920818753952375,-5.920818753952375,-5.920818753952375,-5.920818753952375,-5.920818753952375,-5.920818753952375,-5.920818753952375,-5.920818753952375,-5.920818753952375,-5.920818753952375,-5.920818753952375,-5.920818753952375,-5.920818753952375,-5.920818753952375,-5.920818753952375,-5.920818753952375,-5.920818753952375,-5.920818753952375,-5.920818753952375,-5.920818753952375
-5.33231060995143,-5.732102991326444,-5.687274960166489,-5.701875206988528,-5.698320252700304,-5.7432904481522336,-5.7136494504370345,-5.624378318375498,-5.656666448830532,-5.784622655430393,-5.766449506750758,-5.701993016713971,-5.555810417451159,-5.735802211989722,-5.854452158496596,-5.784916481188942,-5.817842323655663,-5.7836613507217605,-5.880328887864814,-5.739733714452993,-5.468521082957745,-5.468521082957745,-5.468521082957745,-5.468521082957745,-5.468521082957745,-5.468521082957745,-5.468521082957745,-5.468521082957745,-5.468521082957745,-5.468521082957745,-5.468521082957745,-5.468521082957745,-5.468521082957745,-5.468521082957745,-5.468521082957745,-5.468521082957745,-5.468521082957745,-5.468521082957745,-5.468521082957745,-5.468521082957745
-5.544306736540496,-5.619012451677324,-5.478362279946068,-5.622760152274802,-5.5220741940092966,-5.57240292527541,-5.496431850337849,-5.567621750193059,-5.59448798074456,-5.539442904259938,-5.581813499778488,-5.513712325596014,-5.4554205522729315,-5.455632209090623,-5.530005452118258,-5.58804954050709,-5.557295049004268,-5.508513032489313,-5.481150388888188,-5.544449790055664,-5.0,-5.0,-5.0,-5.0,-5.0,-5.0,-5.0,-5.0,-5.0,-5.0,-5.0,-5.0,-5.0,-5.0,-5.0,-5.0,-5.0,-5.0,-5.0,-5.0
-5.603501619953757,-5.92530055390487,-5.811559970981996,-5.944656917518466,-5.8095390851834114,-5.858963714106352,-5.824591786850571,-5.819947079993583,-5.871405110545812,-5.944056722329759,-5.943518612829604,-5.869000893174292,-5.635554854255876,-5.79903728293207,-5.87067499139007,-5.951894279253432,-5.874640373891771,-5.868008684367506,-5.86199255666796,-5.8874877945926,-5.187086643357144,-5.187086643357144,-5.187086643357144,-5.187086643357144,-5.187086643357144,-5.187086643357144,-5.187086643357144,-5.187086643357144,-5.187086643357144,-5.187086643357144,-5.187086643357144,-5.187086643357144,-5.187086643357144,-5.187086643357144,-5.187086643357144,-5.187086643357144,-5.187086643357144,-5.187086643357144,-5.187086643357144,-5.187086643357144
-5.5569983922015656,-5.6636649847917155,-5.425477917004989,-5.707810332457479,-5.486371790221135,-5.585115736222744,-5.464849648552605,-5.572487807584917,-5.703958034011416,-5.606114322464437,-5.656251231362524,-5.546656014468542,-5.4947026767449145,-5.3974103527500406,-5.485537161485337,-5.660842721434334,-5.528487576162963,-5.463939593647962,-5.438544777900706,-5.61555917672046,-5.795880017344075,-5.795880017344075,-5.795880017344075,-5.795880017344075,-5.795880017344075,-5.795880017344075,-5.795880017344075,-5.795880017344075,-5.795880017344075,-5.795880017344075,-5.795880017344075,-5.795880017344075,-5.795880017344075,-5.795880017344075,-5.795880017344075,-5.795880017344075,-5.795880017344075,-5.795880017344075,-5.795880017344075,-5.795880017344075
-5.597252854445571,-5.6919422503415005,-5.7713545430507756,-5.715300717044045,-5.772088590525785,-5.683699060667846,-5.755751747482431,-5.684146165673784,-5.740942712391506,-5.766461385456259,-5.774169803655652,-5.737416676030009,-5.5288423940514,-5.793733435905973,-5.680176392656058,-5.724045135797247,-5.767458120104876,-5.727698419939613,-5.763495949176938,-5.709638579323924,-6.0,-6.0,-6.0,-6.0,-6.0,-6.0,-6.0,-6.0,-6.0,-6.0,-6.0,-6.0,-6.0,-6.0,-6.0,-6.0,-6.0,-6.0,-6.0,-6.0
-5.541583692306975,-5.608073673481979,-5.397692089467904,-5.632059280614194,-5.457945972059112,-5.526812599802053,-5.433084147782457,-5.536229883526289,-5.616859075104688,-5.514916865651734,-5.571531700311582,-5.482382852583344,-5.443808166400849,-5.359667442519986,-5.435128823693909,-5.566303855577839,-5.478943802448678,-5.41374189713856,-5.3574497828852055,-5.522721111707512,-5.2839966563652006,-5.2839966563652006,-5.2839966563652006,-5.2839966563652006,-5.2839966563652006,-5.2839966563652006,-5.2839966563652006,-5.2839966563652006,-5.2839966563652006,-5.2839966563652006,-5.2839966563652006,-5.2839966563652006,-5.2839966563652006,-5.2839966563652006,-5.2839966563652006,-5.2839966563652006,-5.2839966563652006,-5.2839966563652006,-5.2839966563652006,-5.2839966563652006
-5.521668294721579,-5.449962974942462,-5.4139584806108205,-5.4438188663766285,-5.410725278842744,-5.476794623877689,-5.403291391671606,-5.424439966727916,-5.486481656268813,-5.476373508253589,-5.514769953523283,-5.462173107827843,-5.301037752054835,-5.392187540860219,-5.411460480419502,-5.462953439460313,-5.414974281972674,-5.3744006874456085,-5.384376578113376,-5.4665713868385195,-5.657577319177793,-5.657577319177793,-5.657577319177793,-5.657577319177793,-5.657577319177793,-5.657577319177793,-5.657577319177793,-5.657577319177793,-5.657577319177793,-5.657577319177793,-5.657577319177793,-5.657577319177793,-5.657577319177793,-5.657577319177793,-5.657577319177793,-5.657577319177793,-5.657577319177793,-5.657577319177793,-5.657577319177793,-5.657577319177793
-5.802874985307952,-5.792744974295433,-5.799763688339302,-5.825150769848499,-5.808463331733426,-5.8159391647133445,-5.8233503008363465,-5.80086574612172,-5.838539008177598,-5.894080973540194,-5.887214340556474,-5.831481355562254,-5.924977115580988,-5.80550918256729,-5.8032398861814665,-5.891617159342919,-5.848739117227987,-5.8032447016384205,-5.886950612412006,-5.866661002146243,-5.327902142064283,-5.327902142064283,-5.327902142064283,-5.327902142064283,-5.327902142064283,-5.327902142064283,-5.327902142064283,-5.327902142064283,-5.327902142064283,-5.327902142064283,-5.327902142064283,-5.327902142064283,-5.327902142064283,-5.327902142064283,-5.327902142064283,-5.327902142064283,-5.327902142064283,-5.327902142064283,-5.327902142064283,-5.327902142064283
-5.65135439773572,-5.689791494297498,-5.717032189144707,-5.717385716178272,-5.703553020322187,-5.71392567145732,-5.728325196922708,-5.68248608758408,-5.763801674103524,-5.78327985341591,-5.79805510791852,-5.731952957067807,-5.8361236691325855,-5.727243321841357,-5.696601357186311,-5.790254913624866,-5.7528831721747204,-5.711412027926809,-5.763646443721373,-5.767033817598372,-5.769551078621726,-5.769551078621726,-5.769551078621726,-5.769551078621726,-5.769551078621726,-5.769551078621726,-5.769551078621726,-5.769551078621726,-5.769551078621726,-5.769551078621726,-5.769551078621726,-5.769551078621726,-5.769551078621726,-5.769551078621726,-5.769551078621726,-5.769551078621726,-5.769551078621726,-5.769551078621726,-5.769551078621726,-5.769551078621726
-5.777067126301556,-5.818261404408249,-5.872492650507443,-5.7997843064336925,-5.877554082874854,-5.777964860462496,-5.830308379417715,-5.780443338558553,-5.81211303111705,-5.7763159809755695,-5.801524383274696,-5.7974771710279445,-5.80509399053636,-5.870108212857612,-5.81903320469479,-5.779195078418055,-5.808463246928524,-5.804824527138967,-5.8609827396115355,-5.7801517752427465,-5.657577319177793,-5.657577319177793,-5.657577319177793,-5.657577319177793,-5.657577319177793,-5.657577319177793,-5.657577319177793,-5.657577319177793,-5.657577319177793,-5.657577319177793,-5.657577319177793,-5.657577319177793,-5.657577319177793,-5.657577319177793,-5.657577319177793,-5.657577319177793,-5.657577319177793,-5.657577319177793,-5.657577319177793,-5.657577319177793
-5.810415819065925,-5.858642374407036,-5.8519812354107215,-5.853963537435728,-5.869281403366753,-5.777372405248212,-5.814588268594287,-5.875090915237234,-5.845622049372322,-5.75586356864809,-5.851582483556187,-5.81272362622772,-5.81024104750183,-5.8419509900831175,-5.830637905583431,-5.781853560362189,-5.512040113230697,-5.823892204182049,-5.813763003568831,-5.8033283470720205,-5.920818753952375,-5.920818753952375,-5.920818753952375,-5.920818753952375,-5.920818753952375,-5.920818753952375,-5.920818753952375,-5.920818753952375,-5.920818753952375,-5.920818753952375,-5.920818753952375,-5.920818753952375,-5.920818753952375,-5.920818753952375,-5.920818753952375,-5.920818753952375,-5.920818753952375,-5.920818753952375,-5.920818753952375,-5.920818753952375
-5.33147052660147,-5.30655633673143,-5.2494223540233875,-5.201339696141574,-5.319271695276294,-5.260905265917716,-5.159709112378548,-5.17948453610468,-5.2190951155577245,-5.247294896493219,-5.290972189252193,-5.338859672277074,-5.216366539797398,-5.212014052968794,-5.210093438764816,-5.138993246688278,-5.377846368231114,-5.178739930535148,-5.105169975938078,-5.252329863778592,-5.886056647693163,-5.886056647693163,-5.886056647693163,-5.886056647693163,-5.886056647693163,-5.886056647693163,-5.886056647693163,-5.886056647693163,-5.886056647693163,-5.886056647693163,-5.886056647693163,-5.886056647693163,-5.886056647693163,-5.886056647693163,-5.886056647693163,-5.886056647693163,-5.886056647693163,-5.886056647693163,-5.886056647693163,-5.886056647693163
-5.603653450625864,-5.619465206603296,-5.473206150504185,-5.570071470003214,-5.561098327938329,-5.481250510000827,-5.402837548834942,-5.563433219256224,-5.578518506321828,-5.527015464201928,-5.544155108940529,-5.55201723161863,-5.448475305499268,-5.412220904744135,-5.420810468560904,-5.389074409178697,-5.534931649636432,-5.405234918812628,-5.302515379445053,-5.482332416859168,-5.769551078621726,-5.769551078621726,-5.769551078621726,-5.769551078621726,-5.769551078621726,-5.769551078621726,-5.769551078621726,-5.769551078621726,-5.769551078621726,-5.769551078621726,-5.769551078621726,-5.769551078621726,-5.769551078621726,-5.769551078621726,-5.769551078621726,-5.769551078621726,-5.769551078621726,-5.769551078621726,-5.769551078621726,-5.769551078621726
-5.322663729080264,-5.291597282706229,-5.2322516984527505,-5.190297458149476,-5.3121990938110315,-5.234384001572635,-5.14039703434466,-5.185945498737983,-5.20251224232373,-5.22618802624322,-5.251280313668665,-5.300497916160546,-5.190030324154554,-5.2040228427653235,-5.192748775844658,-5.107858741432054,-5.360703951399161,-5.152297306212368,-5.085799133184623,-5.223608100904714,-5.958607314841775,-5.958607314841775,-5.958607314841775,-5.958607314841775,-5.958607314841775,-5.958607314841775,-5.958607314841775,-5.958607314841775,-5.958607314841775,-5.958607314841775,-5.958607314841775,-5.958607314841775,-5.958607314841775,-5.958607314841775,-5.958607314841775,-5.958607314841775,-5.958607314841775,-5.958607314841775,-5.958607314841775,-5.958607314841775
-5.7421655750176575,-5.751846179220837,-5.854660924547651,-5.831087504461368,-5.86083260981429,-5.778821302432875,-5.865826889615149,-5.8264655859913965,-5.819292068708111,-5.719706359919595,-5.897643129756999,-5.830658695879202,-5.939733792494705,-5.882219540142106,-5.816498386653983,-5.880797324173383,-5.311511168197821,-5.829842301637582,-5.944637850247099,-5.856312849192302,-6.0,-6.0,-6.0,-6.0,-6.0,-6.0,-6.0,-6.0,-6.0,-6.0,-6.0,-6.0,-6.0,-6.0,-6.0,-6.0,-6.0,-6.0,-6.0,-6.0
-5.305018111154736,-5.267727804116611,-5.215091841129842,-5.1933895155805425,-5.3176155279988055,-5.20404826301989,-5.142690246691421,-5.208536580581903,-5.2023812404692595,-5.190316952272576,-5.200754585696067,-5.259443431050407,-5.194187353501881,-5.194841667799759,-5.143801406239582,-5.079999706257488,-5.298556907370754,-5.088239105365906,-5.05997234070204,-5.199012031986794,-5.823908740944319,-5.823908740944319,-5.823908740944319,-5.823908740944319,-5.823908740944319,-5.823908740944319,-5.823908740944319,-5.823908740944319,-5.823908740944319,-5.823908740944319,-5.823908740944319,-5.823908740944319,-5.823908740944319,-5.823908740944319,-5.823908740944319,-5.823908740944319,-5.823908740944319,-5.823908740944319,-5.823908740944319,-5.823908740944319
-5.6762382549392285,-5.6894299192592666,-5.766056415663524,-5.74488122915042,-5.807244882152263,-5.70551720795829,-5.752725459594229,-5.72714125300489,-5.784725275241996,-5.695565154493326,-5.842389938490656,-5.77120485797355,-5.8214631194494855,-5.7668693506626045,-5.701674760766339,-5.742221334325598,-5.423857705250139,-5.718617430499974,-5.8083442796499165,-5.758039927869785,-5.318758762624412,-5.318758762624412,-5.318758762624412,-5.318758762624412,-5.318758762624412,-5.318758762624412,-5.318758762624412,-5.318758762624412,-5.318758762624412,-5.318758762624412,-5.318758762624412,-5.318758762624412,-5.318758762624412,-5.318758762624412,-5.318758762624412,-5.318758762624412,-5.318758762624412,-5.318758762624412,-5.318758762624412,-5.318758762624412
-5.77547983169242,-5.800936765142987,-5.7493183335803195,-5.794925044221292,-5.78299090862013,-5.783461539857202,-5.761839834350588,-5.725263191261758,-5.837472721686998,-5.890174647368296,-5.888296169145767,-5.878876819310964,-5.876259458725401,-5.553804740293665,-5.728689453458168,-5.821812021765973,-5.726483767104455,-5.716214569829101,-5.738724052642358,-5.856992127914094,-5.346787486224656,-5.346787486224656,-5.346787486224656,-5.346787486224656,-5.346787486224656,-5.346787486224656,-5.346787486224656,-5.346787486224656,-5.346787486224656,-5.346787486224656,-5.346787486224656,-5.346787486224656,-5.346787486224656,-5.346787486224656,-5.346787486224656,-5.346787486224656,-5.346787486224656,-5.346787486224656,-5.346787486224656,-5.346787486224656
-5.698843325205631,-5.782806999491574,-5.801006300533125,-5.768158772904618,-5.839874190755251,-5.789502616116203,-5.818747593165765,-5.714476195306244,-5.816541940091217,-5.8678972448776205,-5.898301047060608,-5.8641110280465,-5.9234602974878845,-5.590380332421139,-5.788686650944945,-5.822532010822392,-5.830988021171376,-5.7614050861619175,-5.885305036101778,-5.846691824926528,-5.698970004336019,-5.698970004336019,-5.698970004336019,-5.698970004336019,-5.698970004336019,-5.698970004336019,-5.698970004336019,-5.698970004336019,-5.698970004336019,-5.698970004336019,-5.698970004336019,-5.698970004336019,-5.698970004336019,-5.698970004336019,-5.698970004336019,-5.698970004336019,-5.698970004336019,-5.698970004336019,-5.698970004336019,-5.698970004336019
-5.129357965476836,-5.206282123130765,-5.459768274955901,-4.902526309552555,-5.3958698043018165,-5.399724329182994,-5.470646433494413,-5.05759111687462,-5.149924648981064,-5.327820588783424,-5.348863972478388,-5.369931361120739,-5.3090370612560775,-5.303378253814218,-5.761635997189338,-5.093176354296074,-5.500862461320023,-5.505756961261558,-5.717983186603452,-5.2308408976650345,-5.7447274948966935,-5.7447274948966935,-5.7447274948966935,-5.7447274948966935,-5.7447274948966935,-5.7447274948966935,-5.7447274948966935,-5.7447274948966935,-5.7447274948966935,-5.7447274948966935,-5.7447274948966935,-5.7447274948966935,-5.7447274948966935,-5.7447274948966935,-5.7447274948966935,-5.7447274948966935,-5.7447274948966935,-5.7447274948966935,-5.7447274948966935,-5.7447274948966935
-5.582938144495662,-5.7158159951131235,-5.797495099885291,-5.682977836185551,-5.860855844187876,-5.7641069077015,-5.836684802938284,-5.651033507823504,-5.775368176669378,-5.853604227083907,-5.8377464479703765,-5.827982706420131,-5.943583943377385,-5.344973502247754,-5.822776980455147,-5.8246845647882335,-5.9313523820383995,-5.797573165565239,-5.9691725737279135,-5.842941793552048,-5.823908740944319,-5.823908740944319,-5.823908740944319,-5.823908740944319,-5.823908740944319,-5.823908740944319,-5.823908740944319,-5.823908740944319,-5.823908740944319,-5.823908740944319,-5.823908740944319,-5.823908740944319,-5.823908740944319,-5.823908740944319,-5.823908740944319,-5.823908740944319,-5.823908740944319,-5.823908740944319,-5.823908740944319,-5.823908740944319
-5.711201293686936,-5.801648795205359,-5.818609616953134,-5.773125799668309,-5.840630863561942,-5.779615067462889,-5.806586023390226,-5.722575193935503,-5.823322957408152,-5.878597150865587,-5.894416219612497,-5.868246843046666,-5.872181692397686,-5.581463198646132,-5.797312498868887,-5.816083707610183,-5.815218508642723,-5.803189598524309,-5.852331936407244,-5.837733331395428,-5.638272163982407,-5.638272163982407,-5.638272163982407,-5.638272163982407,-5.638272163982407,-5.638272163982407,-5.638272163982407,-5.638272163982407,-5.638272163982407,-5.638272163982407,-5.638272163982407,-5.638272163982407,-5.638272163982407,-5.638272163982407,-5.638272163982407,-5.638272163982407,-5.638272163982407,-5.638272163982407,-5.638272163982407,-5.638272163982407
-5.710086744559141,-5.733814628408417,-5.730830558682592,-5.643002729006415,-5.702871403081896,-5.7438981295281595,-5.699747160267337,-5.6444764072604166,-5.743092680384711,-5.708104443130799,-5.745026280054457,-5.781271470959273,-5.779815670528486,-5.323668259506859,-5.023159667773639,-5.644941209206702,-5.6586924568042045,-5.675590761071596,-5.44097069054457,-5.375982089039174,-6.0,-6.0,-6.0,-6.0,-6.0,-6.0,-6.0,-6.0,-6.0,-6.0,-6.0,-6.0,-6.0,-6.0,-6.0,-6.0,-6.0,-6.0,-6.0,-6.0
-5.713840175811731,-5.782698707776868,-5.809791633250003,-5.722922735474103,-5.789046892431561,-5.852137984703292,-5.786180128254373,-5.676252599116806,-5.806397072444827,-5.864325891133352,-5.878681087934501,-5.875890715056384,-5.910592722261603,-5.3698259592682405,-5.296016749492208,-5.81914874141002,-5.819275566289806,-5.779122146648913,-5.565552536570366,-5.493242136347824,-5.638272163982407,-5.638272163982407,-5.638272163982407,-5.638272163982407,-5.638272163982407,-5.638272163982407,-5.638272163982407,-5.638272163982407,-5.638272163982407,-5.638272163982407,-5.638272163982407,-5.638272163982407,-5.638272163982407,-5.638272163982407,-5.638272163982407,-5.638272163982407,-5.638272163982407,-5.638272163982407,-5.638272163982407,-5.638272163982407
-5.709934030082452,-5.750681903694893,-5.771936704897719,-5.679783727379459,-5.758890556420263,-5.758928751634218,-5.743436212101949,-5.682575739404166,-5.767267740763277,-5.7439655130432135,-5.781553292096257,-5.797062734916203,-5.803481856491267,-5.247895776265634,-5.042340875608296,-5.692482813967999,-5.722379001382812,-5.67186087033121,-5.4230380609000015,-5.380742810062011,-5.769551078621726,-5.769551078621726,-5.769551078621726,-5.769551078621726,-5.769551078621726,-5.769551078621726,-5.769551078621726,-5.769551078621726,-5.769551078621726,-5.769551078621726,-5.769551078621726,-5.769551078621726,-5.769551078621726,-5.769551078621726,-5.769551078621726,-5.769551078621726,-5.769551078621726,-5.769551078621726,-5.769551078621726,-5.769551078621726
-5.798581828963259,-5.778777413351855,-5.729758392777574,-5.732199834818652,-5.708321374798051,-5.728228558174433,-5.683495962398515,-5.724271235100663,-5.79487863306518,-5.742393935271783,-5.752727776612388,-5.779849829276126,-5.740828403727059,-5.214179919242385,-5.08364712202296,-5.701201417440934,-5.624924705216901,-5.640570386790824,-5.35803149629744,-5.341463574640313,-4.6777807052660805,-4.6777807052660805,-4.6777807052660805,-4.6777807052660805,-4.6777807052660805,-4.6777807052660805,-4.6777807052660805,-4.6777807052660805,-4.6777807052660805,-4.6777807052660805,-4.6777807052660805,-4.6777807052660805,-4.6777807052660805,-4.6777807052660805,-4.6777807052660805,-4.6777807052660805,-4.6777807052660805,-4.6777807052660805,-4.6777807052660805,-4.6777807052660805
-5.64619155763658,-5.677769309360873,-5.671352687770633,-5.577049228465316,-5.646274068836459,-5.68616820520167,-5.634868091911572,-5.583861387215961,-5.684278029206927,-5.646127797498132,-5.68752203103799,-5.720194238691828,-5.708636204682096,-5.330979077786134,-4.983511697758955,-5.570257741149572,-5.597860766506365,-5.6329488666072205,-5.428523725388172,-5.350840156817761,-5.481486060122113,-5.481486060122113,-5.481486060122113,-5.481486060122113,-5.481486060122113,-5.481486060122113,-5.481486060122113,-5.481486060122113,-5.481486060122113,-5.481486060122113,-5.481486060122113,-5.481486060122113,-5.481486060122113,-5.481486060122113,-5.481486060122113,-5.481486060122113,-5.481486060122113,-5.481486060122113,-5.481486060122113,-5.481486060122113
-5.783383589660031,-5.790267278777455,-5.831286938467057,-5.80962914576772,-5.807133666981894,-5.773861003304429,-5.809705657171099,-5.788240363858097,-5.822772451231058,-5.8813742259092106,-5.85916495836874,-5.816953821960056,-5.846777085600049,-5.841628444345862,-5.797189693261944,-5.854017590678019,-5.832903214563556,-5.847566586223346,-5.836351258466047,-5.8171525067301815,-5.958607314841775,-5.958607314841775,-5.958607314841775,-5.958607314841775,-5.958607314841775,-5.958607314841775,-5.958607314841775,-5.958607314841775,-5.958607314841775,-5.958607314841775,-5.958607314841775,-5.958607314841775,-5.958607314841775,-5.958607314841775,-5.958607314841775,-5.958607314841775,-5.958607314841775,-5.958607314841775,-5.958607314841775,-5.958607314841775
-6.147997468762287,-6.180513018595278,-6.129223347378416,-6.176529216132008,-6.161229719187619,-6.072711446624281,-6.098947768175227,-6.166217674992885,-6.125179391655957,-6.093807764777184,-6.1274495053730025,-6.098946809343478,-6.082868983562001,-6.107523673840927,-6.089722889730241,-6.102449694485017,-6.087802142151658,-6.0991036649272266,-6.056591072956217,-6.11156838598727,-5.481486060122113,-5.481486060122113,-5.481486060122113,-5.481486060122113,-5.481486060122113,-5.481486060122113,-5.481486060122113,-5.481486060122113,-5.481486060122113,-5.481486060122113,-5.481486060122113,-5.481486060122113,-5.481486060122113,-5.481486060122113,-5.481486060122113,-5.481486060122113,-5.481486060122113,-5.481486060122113,-5.481486060122113,-5.481486060122113
-5.490057491944641,-5.539839862150582,-5.6083641502062385,-5.517892985209129,-5.599777371343376,-5.52962131765623,-5.539157466895325,-5.525157460141385,-5.58620823287644,-5.6006255378081296,-5.596693488437171,-5.5928051217960055,-5.565303587644562,-5.620607656892544,-5.533001650623581,-5.523810976147872,-5.549039904506392,-5.562905242425962,-5.513767846450663,-5.546065795244822,-6.0,-6.0,-6.0,-6.0,-6.0,-6.0,-6.0,-6.0,-6.0,-6.0,-6.0,-6.0,-6.0,-6.0,-6.0,-6.0,-6.0,-6.0,-6.0,-6.0
-5.428152909383921,-5.529206426943534,-5.617249535782838,-5.500547889792043,-5.649374222531197,-5.565988488935758,-5.593990889523917,-5.484754099583762,-5.587528723982279,-5.661672802313424,-5.667086864391712,-5.628968168988607,-5.702910278320859,-5.69244457016531,-5.603133683681942,-5.5805209234878586,-5.675208937302532,-5.5830320414466845,-5.681113468294964,-5.601799806353999,-6.0,-6.0,-6.0,-6.0,-6.0,-6.0,-6.0,-6.0,-6.0,-6.0,-6.0,-6.0,-6.0,-6.0,-6.0,-6.0,-6.0,-6.0,-6.0,-6.0
-5.904667465785614,-5.749531909933608,-5.710881062085588,-5.821390985768597,-5.75491420905653,-5.631948883910559,-5.7387797945743175,-5.774604202510926,-5.6758522457215745,-5.880464664259053,-5.867714227748688,-5.690935399003683,-5.8348770389322695,-5.738558021234275,-5.78380622652392,-5.894816637816943,-5.839232282865502,-5.775454457665722,-5.7989496039632,-5.80969640471108,-5.920818753952375,-5.920818753952375,-5.920818753952375,-5.920818753952375,-5.920818753952375,-5.920818753952375,-5.920818753952375,-5.920818753952375,-5.920818753952375,-5.920818753952375,-5.920818753952375,-5.920818753952375,-5.920818753952375,-5.920818753952375,-5.920818753952375,-5.920818753952375,-5.920818753952375,-5.920818753952375,-5.920818753952375,-5.920818753952375
-5.445567483177861,-5.573852344188338,-5.661143325907481,-5.543809013299393,-5.690052826016108,-5.631113244755369,-5.647631282232124,-5.504833336420095,-5.640712094272782,-5.740513222642819,-5.735870562267197,-5.704342237602207,-5.792122986601283,-5.746304112124867,-5.648260827199431,-5.661172000746958,-5.731983496724832,-5.645745220372869,-5.752132879016292,-5.677792777166878,-5.721246399047171,-5.721246399047171,-5.721246399047171,-5.721246399047171,-5.721246399047171,-5.721246399047171,-5.721246399047171,-5.721246399047171,-5.721246399047171,-5.721246399047171,-5.721246399047171,-5.721246399047171,-5.721246399047171,-5.721246399047171,-5.721246399047171,-5.721246399047171,-5.721246399047171,-5.721246399047171,-5.721246399047171,-5.721246399047171
-5.449416967539086,-5.498817208666886,-5.582825114336084,-5.4933011839484305,-5.597345614040553,-5.514633297356141,-5.533528337047248,-5.501217503706646,-5.5578842808242275,-5.575404286792228,-5.571998002122735,-5.561729397081339,-5.580593180075968,-5.603438891672648,-5.508121744758556,-5.522490980803349,-5.562957348722857,-5.522254669022244,-5.52605751588015,-5.546884502892969,-5.443697499232713,-5.443697499232713,-5.443697499232713,-5.443697499232713,-5.443697499232713,-5.443697499232713,-5.443697499232713,-5.443697499232713,-5.443697499232713,-5.443697499232713,-5.443697499232713,-5.443697499232713,-5.443697499232713,-5.443697499232713,-5.443697499232713,-5.443697499232713,-5.443697499232713,-5.443697499232713,-5.443697499232713,-5.443697499232713
-5.689410487316483,-5.999567841808553,-5.866618778349691,-5.947767361984615,-5.939954341306498,-5.922044848821932,-5.871888238143518,-5.77326183886507,-5.955164178680307,-5.826240814351915,-5.8313565733325605,-5.871481302966119,-5.878934632232564,-5.972749335010529,-5.916822789581039,-5.919801608494335,-6.006386727545324,-5.867342083940457,-5.8178977817822055,-5.9423725550255915,-6.080921907623926,-6.080921907623926,-6.080921907623926,-6.080921907623926,-6.080921907623926,-6.080921907623926,-6.080921907623926,-6.080921907623926,-6.080921907623926,-6.080921907623926,-6.080921907623926,-6.080921907623926,-6.080921907623926,-6.080921907623926,-6.080921907623926,-6.080921907623926,-6.080921907623926,-6.080921907623926,-6.080921907623926,-6.080921907623926
-5.66917422883901,-5.846361664434339,-5.807954364714483,-5.80072769960192,-5.824902718529723,-5.7615166605569845,-5.7507837572130835,-5.732298623335446,-5.818271854729565,-5.7348605074857755,-5.749818705690402,-5.776553129547038,-5.694918802697189,-5.845526831113708,-5.734404667517005,-5.746719975894405,-5.787593435755063,-5.791266609857022,-5.696574362358237,-5.75958107109964,-5.795880017344075,-5.795880017344075,-5.795880017344075,-5.795880017344075,-5.795880017344075,-5.795880017344075,-5.795880017344075,-5.795880017344075,-5.795880017344075,-5.795880017344075,-5.795880017344075,-5.795880017344075,-5.795880017344075,-5.795880017344075,-5.795880017344075,-5.795880017344075,-5.795880017344075,-5.795880017344075,-5.795880017344075,-5.795880017344075
-5.930694655629185,-5.959938683448958,-6.0130278258058105,-5.912836165203129,-5.987001974368347,-6.021509410753388,-5.984745054042971,-5.945227832189504,-5.9442815305899375,-5.956310954652755,-5.936583905941938,-5.932035171860032,-6.020084856343976,-6.053347417392464,-6.1131009433305,-6.012068431421744,-6.093423356452675,-6.082733118827522,-6.148518212424001,-6.0078086666553085,-5.537602002101044,-5.537602002101044,-5.537602002101044,-5.537602002101044,-5.537602002101044,-5.537602002101044,-5.537602002101044,-5.537602002101044,-5.537602002101044,-5.537602002101044,-5.537602002101044,-5.537602002101044,-5.537602002101044,-5.537602002101044,-5.537602002101044,-5.537602002101044,-5.537602002101044,-5.537602002101044,-5.537602002101044,-5.537602002101044
-6.014928809039217,-5.970325555631534,-5.992046449913399,-5.997046631536608,-6.011204893329953,-6.019267517670715,-6.063328867160008,-5.978160259731576,-5.976276749558194,-6.051069169228333,-6.051984925841149,-6.00508644536628,-6.108501879243207,-6.005124918906834,-6.040294764261691,-6.077906271111591,-6.044852997535975,-5.974485899210459,-6.157618048126832,-6.075139800740909,-5.327902142064283,-5.327902142064283,-5.327902142064283,-5.327902142064283,-5.327902142064283,-5.327902142064283,-5.327902142064283,-5.327902142064283,-5.327902142064283,-5.327902142064283,-5.327902142064283,-5.327902142064283,-5.327902142064283,-5.327902142064283,-5.327902142064283,-5.327902142064283,-5.327902142064283,-5.327902142064283,-5.327902142064283,-5.327902142064283
-5.6634909183468665,-5.673409738032654,-5.74914010471109,-5.688574361854874,-5.731558681811945,-5.687180314100619,-5.726461105453762,-5.669146110339165,-5.7290971180185775,-5.768358986832512,-5.7478547813177645,-5.718701188428073,-5.660865494124599,-5.742952373096595,-5.687239121732016,-5.743257084918998,-5.723896417947776,-5.739620727604442,-5.7592054484426285,-5.718538707654208,-5.769551078621726,-5.769551078621726,-5.769551078621726,-5.769551078621726,-5.769551078621726,-5.769551078621726,-5.769551078621726,-5.769551078621726,-5.769551078621726,-5.769551078621726,-5.769551078621726,-5.769551078621726,-5.769551078621726,-5.769551078621726,-5.769551078621726,-5.769551078621726,-5.769551078621726,-5.769551078621726,-5.769551078621726,-5.769551078621726
-5.837037400934159,-5.943062268881318,-6.0503494335529915,-5.914438978116761,-6.008440207778978,-6.015656173346327,-6.082810019384639,-5.873500946404508,-5.990384735311418,-6.099194436081177,-6.066287774397078,-6.057339582928993,-6.008473982355156,-6.133365943866114,-6.067764571963813,-6.099896124198976,-6.096244648374068,-6.0757648563306335,-6.189773994861967,-6.092826237240098,-5.346787486224656,-5.346787486224656,-5.346787486224656,-5.346787486224656,-5.346787486224656,-5.346787486224656,-5.346787486224656,-5.346787486224656,-5.346787486224656,-5.346787486224656,-5.346787486224656,-5.346787486224656,-5.346787486224656,-5.346787486224656,-5.346787486224656,-5.346787486224656,-5.346787486224656,-5.346787486224656,-5.346787486224656,-5.346787486224656
-5.163725950284716,-5.15116935456647,-5.175513357820939,-5.517667051001388,-5.335512744599812,-5.128564624179998,-5.240899658574601,-5.534573930539999,-5.2266002704983405,-5.274176050109634,-5.2996616098427225,-5.319835482434107,-5.220993976964092,-5.199634467343827,-5.299040864807326,-5.421499528296241,-5.418787058805867,-5.313898997229147,-5.493721810742845,-5.333653229982115,-5.7447274948966935,-5.7447274948966935,-5.7447274948966935,-5.7447274948966935,-5.7447274948966935,-5.7447274948966935,-5.7447274948966935,-5.7447274948966935,-5.7447274948966935,-5.7447274948966935,-5.7447274948966935,-5.7447274948966935,-5.7447274948966935,-5.7447274948966935,-5.7447274948966935,-5.7447274948966935,-5.7447274948966935,-5.7447274948966935,-5.7447274948966935,-5.7447274948966935
-5.398520428124833,-5.343194659131183,-5.407728002186975,-5.230793543395672,-5.486420660124598,-5.370827758421439,-5.196311740659554,-5.306458975645625,-5.423329506755687,-5.459181917476558,-5.448906762693406,-5.412497269264905,-5.226771892060095,-5.395724443335215,-5.243935382429374,-5.132849686796216,-5.151569408529537,-5.262104796883035,-5.2707869641922365,-5.166851182230236,-5.537602002101044,-5.537602002101044,-5.537602002101044,-5.537602002101044,-5.537602002101044,-5.537602002101044,-5.537602002101044,-5.537602002101044,-5.537602002101044,-5.537602002101044,-5.537602002101044,-5.537602002101044,-5.537602002101044,-5.537602002101044,-5.537602002101044,-5.537602002101044,-5.537602002101044,-5.537602002101044,-5.537602002101044,-5.537602002101044
-4.833157775302852,-5.174740035772653,-4.789709844643581,-4.934714975492472,-4.838374509603801,-4.680430023993002,-4.904390512372688,-5.122353135734368,-4.79001983900836,-4.6937305469378785,-4.731705971308761,-4.738210383078444,-4.941406557946321,-4.665822663257702,-5.169257104465177,-5.038293971779812,-4.957921715698779,-4.877960497243016,-5.061562563963987,-5.039050644756049,-5.638272163982407,-5.638272163982407,-5.638272163982407,-5.638272163982407,-5.638272163982407,-5.638272163982407,-5.638272163982407,-5.638272163982407,-5.638272163982407,-5.638272163982407,-5.638272163982407,-5.638272163982407,-5.638272163982407,-5.638272163982407,-5.638272163982407,-5.638272163982407,-5.638272163982407,-5.638272163982407,-5.638272163982407,-5.638272163982407
-5.02776190499983,-5.416748780831283,-5.006061980986996,-5.271313379117418,-5.133870184730804,-4.974941266992094,-5.221236492234232,-5.281294652531685,-5.12319332700053,-5.105224499694374,-5.131050206557001,-5.149510996317197,-5.133045009252044,-4.970294423501856,-5.316932347620312,-5.273540171969297,-5.327753732814649,-5.302749491593013,-5.404723243867906,-5.246766729533844,-5.638272163982407,-5.638272163982407,-5.638272163982407,-5.638272163982407,-5.638272163982407,-5.638272163982407,-5.638272163982407,-5.638272163982407,-5.638272163982407,-5.638272163982407,-5.638272163982407,-5.638272163982407,-5.638272163982407,-5.638272163982407,-5.638272163982407,-5.638272163982407,-5.638272163982407,-5.638272163982407,-5.638272163982407,-5.638272163982407
-5.002448048457096,-5.435961421497008,-4.990153149640698,-5.258959770600064,-5.123723192850741,-4.956811409225817,-5.219238866361291,-5.256107504204599,-5.1090629859579675,-5.094786839143777,-5.1223387912605745,-5.132317536278344,-5.128680404128115,-4.956931948713481,-5.320318959972564,-5.262298200581338,-5.319133000788048,-5.29798006865037,-5.403414876869447,-5.244336586605394,-5.769551078621726,-5.769551078621726,-5.769551078621726,-5.769551078621726,-5.769551078621726,-5.769551078621726,-5.769551078621726,-5.769551078621726,-5.769551078621726,-5.769551078621726,-5.769551078621726,-5.769551078621726,-5.769551078621726,-5.769551078621726,-5.769551078621726,-5.769551078621726,-5.769551078621726,-5.769551078621726,-5.769551078621726,-5.769551078621726
-5.113594560052027,-5.016713747574456,-5.112388674323872,-5.247717104083081,-5.132122293050377,-5.053975376192593,-5.038318255400432,-5.246743779866884,-5.225655482495875,-5.115810897642664,-5.072694732533034,-5.186374095090457,-5.046836955401494,-5.12983818853205,-5.119138331691405,-5.2045473288537885,-5.12286105682883,-5.08079279713048,-5.173213725956256,-5.149401647813052,-5.2839966563652006,-5.2839966563652006,-5.2839966563652006,-5.2839966563652006,-5.2839966563652006,-5.2839966563652006,-5.2839966563652006,-5.2839966563652006,-5.2839966563652006,-5.2839966563652006,-5.2839966563652006,-5.2839966563652006,-5.2839966563652006,-5.2839966563652006,-5.2839966563652006,-5.2839966563652006,-5.2839966563652006,-5.2839966563652006,-5.2839966563652006,-5.2839966563652006
-4.77028154985773,-5.19072605369195,-4.712305593304211,-4.932177531214613,-4.702271624385174,-4.6130969389331655,-4.897294423125493,-5.085015634200905,-4.723321757909058,-4.6006682945831905,-4.627758461375602,-4.661734974772635,-4.889129532246463,-4.535242599328535,-5.058734722294323,-4.943942897568105,-4.948351207736725,-4.8871404888693855,-5.007659065538218,-4.963383324807359,-5.769551078621726,-5.769551078621726,-5.769551078621726,-5.769551078621726,-5.769551078621726,-5.769551078621726,-5.769551078621726,-5.769551078621726,-5.769551078621726,-5.769551078621726,-5.769551078621726,-5.769551078621726,-5.769551078621726,-5.769551078621726,-5.769551078621726,-5.769551078621726,-5.769551078621726,-5.769551078621726,-5.769551078621726,-5.769551078621726
-4.980272635146752,-5.287600136377319,-4.917123794406953,-5.285758919154736,-5.1150313384373405,-4.887353132342015,-5.198501590688091,-5.294156318834626,-5.025521791213585,-5.010388286554856,-5.076184251590348,-5.017151559972025,-5.129929768592405,-4.842636045614649,-5.362519000120979,-5.251769901380632,-5.28309996894172,-5.2479351994417875,-5.397937524421199,-5.245844719965063,-5.537602002101044,-5.537602002101044,-5.537602002101044,-5.537602002101044,-5.537602002101044,-5.537602002101044,-5.537602002101044,-5.537602002101044,-5.537602002101044,-5.537602002101044,-5.537602002101044,-5.537602002101044,-5.537602002101044,-5.537602002101044,-5.537602002101044,-5.537602002101044,-5.537602002101044,-5.537602002101044,-5.537602002101044,-5.537602002101044
-5.181556026667549,-5.261946665712471,-5.195310565851802,-5.3260398736318955,-5.280728367217473,-5.164746854105366,-5.189802295855417,-5.28305627894202,-5.333970098681105,-5.324734298021977,-5.283927528476563,-5.374730075647033,-5.1443712729399325,-5.255249448464008,-5.249849131935949,-5.306476148142394,-5.28508030913658,-5.270087409713875,-5.3646734654711645,-5.243668610404807,-5.619788758288394,-5.619788758288394,-5.619788758288394,-5.619788758288394,-5.619788758288394,-5.619788758288394,-5.619788758288394,-5.619788758288394,-5.619788758288394,-5.619788758288394,-5.619788758288394,-5.619788758288394,-5.619788758288394,-5.619788758288394,-5.619788758288394,-5.619788758288394,-5.619788758288394,-5.619788758288394,-5.619788758288394,-5.619788758288394
-6.1829147889349905,-6.2804209901873795,-6.205825479959802,-6.216590412691652,-6.255900143058818,-6.182576261249763,-6.173229135334486,-6.273101172969585,-6.2568501921349595,-6.145535882339283,-6.18100845168703,-6.169279515507498,-6.2039920503265575,-6.185401401419039,-6.201652056531967,-6.168471890085786,-6.174894088615583,-6.182885796622075,-6.174684306220273,-5.591352907232215,-6.0,-6.0,-6.0,-6.0,-6.0,-6.0,-6.0,-6.0,-6.0,-6.0,-6.0,-6.0,-6.0,-6.0,-6.0,-6.0,-6.0,-6.0,-6.0,-6.0
-5.65263320265536,-5.645343421557648,-5.683573424942527,-5.622272452853601,-5.39952302701772,-5.708450814597436,-5.62714240127754,-5.552281436029266,-5.644782388904618,-5.711740422057268,-5.737542994065376,-5.688032663928881,-5.712635996265982,-5.682157764023949,-5.724717221104348,-5.683653940632546,-5.655501689947981,-5.717276443018556,-5.766760627869012,-5.2848221185442785,-5.366531544420414,-5.366531544420414,-5.366531544420414,-5.366531544420414,-5.366531544420414,-5.366531544420414,-5.366531544420414,-5.366531544420414,-5.366531544420414,-5.366531544420414,-5.366531544420414,-5.366531544420414,-5.366531544420414,-5.366531544420414,-5.366531544420414,-5.366531544420414,-5.366531544420414,-5.366531544420414,-5.366531544420414,-5.366531544420414
-5.9256274440228704,-5.965496193123922,-5.955528115789376,-5.926838710572625,-5.675241999951707,-5.970636083044537,-5.925417995048413,-5.893884153432017,-5.92044260757215,-5.933409999180842,-5.976494998931716,-5.932293244280211,-5.9640140161777655,-5.920419357955006,-5.97272147417123,-5.945344111989848,-5.960595376197161,-5.979033285924702,-6.006194091531093,-5.511941166487931,-5.6020599913279625,-5.6020599913279625,-5.6020599913279625,-5.6020599913279625,-5.6020599913279625,-5.6020599913279625,-5.6020599913279625,-5.6020599913279625,-5.6020599913279625,-5.6020599913279625,-5.6020599913279625,-5.6020599913279625,-5.6020599913279625,-5.6020599913279625,-5.6020599913279625,-5.6020599913279625,-5.6020599913279625,-5.6020599913279625,-5.6020599913279625,-5.6020599913279625
-5.527726277833587,-5.543523270910163,-5.505232442672791,-5.463183014982269,-5.618717588269427,-5.589830719702885,-5.433012530675081,-5.3869289200230694,-5.528672205463063,-5.568786752941648,-5.601614734867634,-5.569291698823483,-5.545719129432794,-5.492413360519065,-5.620126855954141,-5.482519506323344,-5.466547295364598,-5.569555685310313,-5.5637896548105745,-5.364434029255097,-6.0,-6.0,-6.0,-6.0,-6.0,-6.0,-6.0,-6.0,-6.0,-6.0,-6.0,-6.0,-6.0,-6.0,-6.0,-6.0,-6.0,-6.0,-6.0,-6.0
-5.505858068455979,-5.493546169026974,-5.610824339777671,-5.476995918410487,-5.075766609563138,-5.535795137019084,-5.591349602054543,-5.560556512549504,-5.560223169557895,-5.568491767603808,-5.573240998272452,-5.563803622141771,-5.613346132933121,-5.6133083455836426,-5.541804310216058,-5.524965107137008,-5.550126200722884,-5.534691349431032,-5.6002132262632704,-5.172465142718179,-5.920818753952375,-5.920818753952375,-5.920818753952375,-5.920818753952375,-5.920818753952375,-5.920818753952375,-5.920818753952375,-5.920818753952375,-5.920818753952375,-5.920818753952375,-5.920818753952375,-5.920818753952375,-5.920818753952375,-5.920818753952375,-5.920818753952375,-5.920818753952375,-5.920818753952375,-5.920818753952375,-5.920818753952375,-5.920818753952375
-5.434608600032978,-5.429390309651333,-5.425355525510597,-5.370822684647018,-5.366610464792859,-5.47590366835106,-5.354531290428306,-5.320125307789993,-5.415090492795298,-5.451122990035091,-5.494463791845891,-5.443978302616379,-5.4300506043746894,-5.419484403841258,-5.515389175379939,-5.381866623611681,-5.385815243667709,-5.457093424856972,-5.480925668403388,-5.208576190935571,-5.443697499232713,-5.443697499232713,-5.443697499232713,-5.443697499232713,-5.443697499232713,-5.443697499232713,-5.443697499232713,-5.443697499232713,-5.443697499232713,-5.443697499232713,-5.443697499232713,-5.443697499232713,-5.443697499232713,-5.443697499232713,-5.443697499232713,-5.443697499232713,-5.443697499232713,-5.443697499232713,-5.443697499232713,-5.443697499232713
-5.550180224030551,-5.598025591560177,-5.714311014577857,-5.579638551421098,-5.24822131302396,-5.629817589091645,-5.646809825273982,-5.518341785819817,-5.634075397641757,-5.690286933293584,-5.687713687851882,-5.683920518843947,-5.644221028984883,-5.699687820432014,-5.616630541965253,-5.617455774902904,-5.620314985199405,-5.656809730270426,-5.632633585263994,-5.108116480806917,-5.721246399047171,-5.721246399047171,-5.721246399047171,-5.721246399047171,-5.721246399047171,-5.721246399047171,-5.721246399047171,-5.721246399047171,-5.721246399047171,-5.721246399047171,-5.721246399047171,-5.721246399047171,-5.721246399047171,-5.721246399047171,-5.721246399047171,-5.721246399047171,-5.721246399047171,-5.721246399047171,-5.721246399047171,-5.721246399047171
-6.208991926252514,-6.262112089983373,-6.308131588992579,-6.287694143934069,-6.310468533819453,-6.259449908101918,-6.276392565729687,-6.278412587790974,-6.25147005521977,-6.256347939611808,-6.257738958082964,-6.235510226507687,-6.307061278600346,-6.290315514341316,-6.282338322173907,-6.338545184895328,-6.353502630142426,-6.318925806015606,-6.3609403321079,-6.333056553460251,-5.481486060122113,-5.481486060122113,-5.481486060122113,-5.481486060122113,-5.481486060122113,-5.481486060122113,-5.481486060122113,-5.481486060122113,-5.481486060122113,-5.481486060122113,-5.481486060122113,-5.481486060122113,-5.481486060122113,-5.481486060122113,-5.481486060122113,-5.481486060122113,-5.481486060122113,-5.481486060122113,-5.481486060122113,-5.481486060122113
-5.911049628763679,-5.144786369917513,-6.082170171890771,-5.932213578685065,-6.0597655384775715,-4.927760381651021,-5.907979657674746,-5.977460203265282,-4.723281394624039,-5.940761202689392,-5.966727738652514,-4.876318070872379,-5.357456181249526,-6.028016889593531,-6.0593226518429315,-5.470570329473873,-5.9882054816387535,-6.051600805063908,-6.051638691657765,-5.305660549452883,-5.795880017344075,-5.795880017344075,-5.795880017344075,-5.795880017344075,-5.795880017344075,-5.795880017344075,-5.795880017344075,-5.795880017344075,-5.795880017344075,-5.795880017344075,-5.795880017344075,-5.795880017344075,-5.795880017344075,-5.795880017344075,-5.795880017344075,-5.795880017344075,-5.795880017344075,-5.795880017344075,-5.795880017344075,-5.795880017344075
-5.297729099377463,-5.261113465491883,-5.0253774984478055,-5.242408819214085,-5.035616856178444,-5.119233828368952,-4.957112786068913,-5.21800330931569,-5.258560057868773,-5.074272856834532,-5.093724663529759,-5.116509352331739,-5.02886983903365,-4.888678958839284,-4.909024488372381,-5.102421519751771,-4.854764909759301,-4.967059285343439,-4.619156302361846,-5.076555347816633,-5.958607314841775,-5.958607314841775,-5.958607314841775,-5.958607314841775,-5.958607314841775,-5.958607314841775,-5.958607314841775,-5.958607314841775,-5.958607314841775,-5.958607314841775,-5.958607314841775,-5.958607314841775,-5.958607314841775,-5.958607314841775,-5.958607314841775,-5.958607314841775,-5.958607314841775,-5.958607314841775,-5.958607314841775,-5.958607314841775
-5.988814648071142,-5.900295389834313,-5.9947009721918,-5.887762475040276,-5.9437570699230315,-5.95898619838145,-5.982910458485883,-5.828818175615073,-5.910614641798807,-5.993309607422779,-6.018708259409961,-5.9659666026242855,-6.0329791381785824,-6.033721247669388,-5.984868018060842,-6.029598959445689,-5.980315439780121,-6.03015400170019,-6.124556242806769,-6.017289185695041,-6.1938200260161125,-6.1938200260161125,-6.1938200260161125,-6.1938200260161125,-6.1938200260161125,-6.1938200260161125,-6.1938200260161125,-6.1938200260161125,-6.1938200260161125,-6.1938200260161125,-6.1938200260161125,-6.1938200260161125,-6.1938200260161125,-6.1938200260161125,-6.1938200260161125,-6.1938200260161125,-6.1938200260161125,-6.1938200260161125,-6.1938200260161125,-6.1938200260161125
-6.090321423563363,-5.983077358643001,-5.9279586190026885,-5.99074236565908,-5.935599049395843,-5.969135107073937,-5.9551739883740895,-6.019645602765786,-5.948271779228746,-6.031411753898281,-5.9873730181218425,-5.965849076065405,-6.0429171150565555,-5.9440957980032545,-6.010849481192744,-6.050100144030563,-5.974151528947575,-5.984495248348441,-6.012183090489003,-6.0190920519490145,-6.318758762624412,-6.318758762624412,-6.318758762624412,-6.318758762624412,-6.318758762624412,-6.318758762624412,-6.318758762624412,-6.318758762624412,-6.318758762624412,-6.318758762624412,-6.318758762624412,-6.318758762624412,-6.318758762624412,-6.318758762624412,-6.318758762624412,-6.318758762624412,-6.318758762624412,-6.318758762624412,-6.318758762624412,-6.318758762624412
-5.94816348400391,-5.962508476882531,-6.046722185569708,-5.884034446177606,-5.9199465924713035,-6.058053444173667,-5.999224917419497,-5.854940385572881,-5.964054116901919,-6.049912843150909,-6.0394135913232185,-6.0726777715575135,-6.068384187898856,-6.023830865850552,-6.1104049321102,-5.986707786119993,-5.987438944985748,-6.068251370968538,-6.10556517324331,-6.014721181058129,-6.136677139879544,-6.136677139879544,-6.136677139879544,-6.136677139879544,-6.136677139879544,-6.136677139879544,-6.136677139879544,-6.136677139879544,-6.136677139879544,-6.136677139879544,-6.136677139879544,-6.136677139879544,-6.136677139879544,-6.136677139879544,-6.136677139879544,-6.136677139879544,-6.136677139879544,-6.136677139879544,-6.136677139879544,-6.136677139879544
-5.7731206373688915,-5.8549313183535245,-6.0557430021961745,-5.831382235390955,-5.965784234561499,-5.984205843043433,-6.072178100439897,-5.785248627687028,-5.910844859806203,-6.099887963710847,-6.065864522574709,-6.040533666422228,-6.127980671630251,-6.12714665585069,-6.048381030984817,-6.0736869501787325,-6.0596505681720085,-6.058229628604576,-6.214138257397574,-6.074122860460703,-5.886056647693163,-5.886056647693163,-5.886056647693163,-5.886056647693163,-5.886056647693163,-5.886056647693163,-5.886056647693163,-5.886056647693163,-5.886056647693163,-5.886056647693163,-5.886056647693163,-5.886056647693163,-5.886056647693163,-5.886056647693163,-5.886056647693163,-5.886056647693163,-5.886056647693163,-5.886056647693163,-5.886056647693163,-5.886056647693163
-5.662810453256572,-5.670072287804165,-5.804460585410964,-5.584882408721567,-5.702339772354485,-5.7713699353769625,-5.802690979692978,-5.6125981597058505,-5.667343429495689,-5.772958780907849,-5.740201447569006,-5.772222034578931,-5.793815564997893,-5.835486361344267,-5.852102550811211,-5.7271502002873325,-5.7616778022643675,-5.794579162010262,-5.890569601539952,-5.723816350884457,-5.823908740944319,-5.823908740944319,-5.823908740944319,-5.823908740944319,-5.823908740944319,-5.823908740944319,-5.823908740944319,-5.823908740944319,-5.823908740944319,-5.823908740944319,-5.823908740944319,-5.823908740944319,-5.823908740944319,-5.823908740944319,-5.823908740944319,-5.823908740944319,-5.823908740944319,-5.823908740944319,-5.823908740944319,-5.823908740944319
-6.113252994947865,-6.155347780056113,-6.110604970021912,-6.144086011335096,-6.0993301688862,-6.053715949299885,-6.113581719969645,-6.132673068183926,-6.0746012393483735,-6.086672558714489,-6.083803424971366,-6.060336249419682,-6.093823409170087,-6.126129177989906,-6.122297159010801,-6.13539169212111,-6.119173591992558,-6.129167692631023,-6.101386624576091,-6.09494027401434,-5.958607314841775,-5.958607314841775,-5.958607314841775,-5.958607314841775,-5.958607314841775,-5.958607314841775,-5.958607314841775,-5.958607314841775,-5.958607314841775,-5.958607314841775,-5.958607314841775,-5.958607314841775,-5.958607314841775,-5.958607314841775,-5.958607314841775,-5.958607314841775,-5.958607314841775,-5.958607314841775,-5.958607314841775,-5.958607314841775
-5.835638655563871,-5.941111598380136,-5.8912787189677145,-5.78814784466324,-5.742005389101812,-6.0364778282521945,-5.862904671240879,-5.700961591213805,-5.863718294903765,-6.0191997493184255,-5.991828092702581,-6.067130830756859,-5.973422631104309,-5.7774615088779635,-5.990670794139582,-5.870190847929289,-5.828476299572008,-5.934754404867979,-5.905710424819485,-5.896300573117182,-6.0,-6.0,-6.0,-6.0,-6.0,-6.0,-6.0,-6.0,-6.0,-6.0,-6.0,-6.0,-6.0,-6.0,-6.0,-6.0,-6.0,-6.0,-6.0,-6.0
-6.286901172964402,-6.3481176520675655,-6.284221144317795,-6.344622884057091,-6.233697612307073,-6.330684259364167,-6.2759827803634725,-6.271981843852,-6.336077278947182,-6.331620426622577,-6.337108758480296,-6.336156410568019,-6.335524491524832,-6.210328667480071,-6.267083951988875,-6.34109503656154,-6.284690620594023,-6.2849044920528385,-6.261932583308529,-6.316704046016335,-5.958607314841775,-5.958607314841775,-5.958607314841775,-5.958607314841775,-5.958607314841775,-5.958607314841775,-5.958607314841775,-5.958607314841775,-5.958607314841775,-5.958607314841775,-5.958607314841775,-5.958607314841775,-5.958607314841775,-5.958607314841775,-5.958607314841775,-5.958607314841775,-5.958607314841775,-5.958607314841775,-5.958607314841775,-5.958607314841775
-5.30282876260953,-5.369788638868688,-5.408177394575093,-5.367868746494296,-5.5165185756884805,-5.336784840373181,-5.331637860212644,-5.28269934184642,-5.255762700445735,-5.374600815018236,-5.4231807626641,-5.414922820816757,-5.352356071740893,-5.269626379537792,-5.225019811403976,-5.375883012904781,-5.3055418553721445,-5.235711692495929,-5.339372085654249,-5.358936114527912,-5.886056647693163,-5.886056647693163,-5.886056647693163,-5.886056647693163,-5.886056647693163,-5.886056647693163,-5.886056647693163,-5.886056647693163,-5.886056647693163,-5.886056647693163,-5.886056647693163,-5.886056647693163,-5.886056647693163,-5.886056647693163,-5.886056647693163,-5.886056647693163,-5.886056647693163,-5.886056647693163,-5.886056647693163,-5.886056647693163
-5.2085403652670035,-5.172864053034847,-5.32833352749321,-5.232478220466591,-5.3469581505858725,-5.214869747728965,-5.186089701118698,-5.19042929187528,-5.171583563912214,-5.207594139517261,-5.23027453393085,-5.23043611937431,-5.113067218758826,-5.091900113734521,-5.048954635804572,-5.206551918050669,-5.148819669902798,-5.129777819785738,-5.1706499670273836,-5.164534837537652,-5.920818753952375,-5.920818753952375,-5.920818753952375,-5.920818753952375,-5.920818753952375,-5.920818753952375,-5.920818753952375,-5.920818753952375,-5.920818753952375,-5.920818753952375,-5.920818753952375,-5.920818753952375,-5.920818753952375,-5.920818753952375,-5.920818753952375,-5.920818753952375,-5.920818753952375,-5.920818753952375,-5.920818753952375,-5.920818753952375
-5.763121588178514,-5.7629602476138135,-5.804144918744365,-5.797411001686638,-5.857200470123625,-5.756814849001608,-5.815880486831419,-5.58994252630613,-5.812130389043908,-5.861348031853922,-5.903124451930989,-5.8205504869598155,-5.855973154123711,-5.784457614516973,-5.730609701750584,-5.800690193221537,-5.798456054765014,-5.742611274395707,-5.8569047895411614,-5.814497761127458,-5.721246399047171,-5.721246399047171,-5.721246399047171,-5.721246399047171,-5.721246399047171,-5.721246399047171,-5.721246399047171,-5.721246399047171,-5.721246399047171,-5.721246399047171,-5.721246399047171,-5.721246399047171,-5.721246399047171,-5.721246399047171,-5.721246399047171,-5.721246399047171,-5.721246399047171,-5.721246399047171,-5.721246399047171,-5.721246399047171
-5.409695489782922,-5.408864449568875,-5.363516983462169,-5.424151638527436,-5.508158606211676,-5.321367891141258,-5.298233086787625,-5.472084509277858,-5.4883880037258335,-5.410959781091993,-5.448146696177398,-5.425921405317571,-5.3664218473211145,-5.36935773168599,-5.243494164141906,-5.293171327101229,-5.282342064170291,-5.281765153069224,-5.236762565954426,-5.374667562699792,-5.886056647693163,-5.886056647693163,-5.886056647693163,-5.886056647693163,-5.886056647693163,-5.886056647693163,-5.886056647693163,-5.886056647693163,-5.886056647693163,-5.886056647693163,-5.886056647693163,-5.886056647693163,-5.886056647693163,-5.886056647693163,-5.886056647693163,-5.886056647693163,-5.886056647693163,-5.886056647693163,-5.886056647693163,-5.886056647693163
-5.331704271770884,-5.360036849080568,-5.25821236781939,-5.327303797646093,-5.391960125171215,-5.234621957492251,-5.175858549333748,-5.396211149562063,-5.401796423605058,-5.292140537721726,-5.330642493208454,-5.3383037786357,-5.238416406466128,-5.25432977594109,-5.160405392297921,-5.152113127340187,-5.149584239703292,-5.178996364636521,-5.055948184036063,-5.239437206752182,-5.823908740944319,-5.823908740944319,-5.823908740944319,-5.823908740944319,-5.823908740944319,-5.823908740944319,-5.823908740944319,-5.823908740944319,-5.823908740944319,-5.823908740944319,-5.823908740944319,-5.823908740944319,-5.823908740944319,-5.823908740944319,-5.823908740944319,-5.823908740944319,-5.823908740944319,-5.823908740944319,-5.823908740944319,-5.823908740944319
-5.939948105370893,-5.98932175757901,-6.1467114049240115,-5.992634610698146,-6.052684968353829,-6.0547382227183375,-6.122618914374263,-5.985008151003119,-6.025751238343467,-6.1332310929511396,-6.126031406886613,-6.10101156365941,-6.134825302005462,-6.196333052929318,-6.117052093623931,-6.1450679360715235,-6.122302677889725,-6.181163895249742,-6.230615715838771,-6.135362801359223,-5.6020599913279625,-5.6020599913279625,-5.6020599913279625,-5.6020599913279625,-5.6020599913279625,-5.6020599913279625,-5.6020599913279625,-5.6020599913279625,-5.6020599913279625,-5.6020599913279625,-5.6020599913279625,-5.6020599913279625,-5.6020599913279625,-5.6020599913279625,-5.6020599913279625,-5.6020599913279625,-5.6020599913279625,-5.6020599913279625,-5.6020599913279625,-5.6020599913279625
-5.698104704858086,-5.728623178769336,-5.7373539040311945,-5.691844131330233,-5.7351026031958146,-5.78859598980909,-5.747348377808242,-5.686708850832378,-5.752141691544411,-5.789574588625103,-5.815267164867107,-5.744242996407383,-5.841490862511413,-5.755900844389025,-5.839570547828874,-5.777219674162553,-5.820925592608341,-5.788297008859737,-5.883547649219545,-5.789907614178972,-5.795880017344075,-5.795880017344075,-5.795880017344075,-5.795880017344075,-5.795880017344075,-5.795880017344075,-5.795880017344075,-5.795880017344075,-5.795880017344075,-5.795880017344075,-5.795880017344075,-5.795880017344075,-5.795880017344075,-5.795880017344075,-5.795880017344075,-5.795880017344075,-5.795880017344075,-5.795880017344075,-5.795880017344075,-5.795880017344075
-5.331007931834654,-5.2475478435477285,-5.27849811620655,-5.285374356442033,-5.357722368169506,-5.285550550437696,-5.219781297261824,-5.297404316070025,-5.361694685976365,-5.321312946422517,-5.361536457774768,-5.305291454258471,-5.291772420727651,-5.208892659066884,-5.20846318536303,-5.1914094696531885,-5.233668698213909,-5.226795328056067,-5.241598897826116,-5.249684532757874,-5.769551078621726,-5.769551078621726,-5.769551078621726,-5.769551078621726,-5.769551078621726,-5.769551078621726,-5.769551078621726,-5.769551078621726,-5.769551078621726,-5.769551078621726,-5.769551078621726,-5.769551078621726,-5.769551078621726,-5.769551078621726,-5.769551078621726,-5.769551078621726,-5.769551078621726,-5.769551078621726,-5.769551078621726,-5.769551078621726
-5.498927936956935,-5.469203148392777,-5.417952509450756,-5.477804708959578,-5.503055016324681,-5.4738639415529615,-5.3831035247989245,-5.4584251994183335,-5.534004410069584,-5.492167704071553,-5.553391484143814,-5.506291756462268,-5.497749852241398,-5.342130113591351,-5.378248377309034,-5.372994708129019,-5.37376485966259,-5.3969835458403645,-5.358945988524602,-5.446061744137418,-5.42021640338319,-5.42021640338319,-5.42021640338319,-5.42021640338319,-5.42021640338319,-5.42021640338319,-5.42021640338319,-5.42021640338319,-5.42021640338319,-5.42021640338319,-5.42021640338319,-5.42021640338319,-5.42021640338319,-5.42021640338319,-5.42021640338319,-5.42021640338319,-5.42021640338319,-5.42021640338319,-5.42021640338319,-5.42021640338319
-6.062691457835395,-6.142523583404462,-6.111991329023811,-6.1107449870056625,-6.16113164884653,-6.046247243039584,-6.093782456845137,-6.109766247979267,-6.095223562134889,-6.040674715035284,-6.107217793935895,-6.089339942366899,-6.1065264184562515,-6.1053887037866925,-6.071941389790939,-6.022205823685031,-6.095132853805173,-6.0117989188734064,-6.091390214983168,-6.055216955635648,-5.823908740944319,-5.823908740944319,-5.823908740944319,-5.823908740944319,-5.823908740944319,-5.823908740944319,-5.823908740944319,-5.823908740944319,-5.823908740944319,-5.823908740944319,-5.823908740944319,-5.823908740944319,-5.823908740944319,-5.823908740944319,-5.823908740944319,-5.823908740944319,-5.823908740944319,-5.823908740944319,-5.823908740944319,-5.823908740944319
-5.265124842460733,-5.122496274841188,-5.269023991215421,-5.209290758400226,-5.350300666935607,-5.224012172571771,-5.220930378801189,-5.237870350479846,-5.276120555977934,-5.283534636505431,-5.313759034319168,-5.235030811614664,-5.290265072228073,-5.233104547576794,-5.175696712663566,-5.187379480641411,-5.255002997068756,-5.1791567139112065,-5.349674096985197,-5.227006269043344,-6.0,-6.0,-6.0,-6.0,-6.0,-6.0,-6.0,-6.0,-6.0,-6.0,-6.0,-6.0,-6.0,-6.0,-6.0,-6.0,-6.0,-6.0,-6.0,-6.0
-5.367905849992041,-5.278672764267261,-5.306829656057219,-5.329659932053904,-5.402374010144751,-5.333405677160578,-5.26445099660081,-5.330775163145353,-5.404769686111313,-5.374370510223311,-5.426078021511555,-5.348195100179096,-5.36898144619508,-5.233563249328155,-5.250584310888924,-5.2438922830787495,-5.293029833348541,-5.25733852706942,-5.326518309083442,-5.3064803468593045,-5.920818753952375,-5.920818753952375,-5.920818753952375,-5.920818753952375,-5.920818753952375,-5.920818753952375,-5.920818753952375,-5.920818753952375,-5.920818753952375,-5.920818753952375,-5.920818753952375,-5.920818753952375,-5.920818753952375,-5.920818753952375,-5.920818753952375,-5.920818753952375,-5.920818753952375,-5.920818753952375,-5.920818753952375,-5.920818753952375
-5.9842798264261985,-6.003732937012712,-6.121211834179616,-6.000830272495911,-6.0832269162679875,-6.0280772927765165,-6.089838702748163,-6.034363083685765,-6.0213998906449415,-6.028992748590987,-6.071028183134749,-6.024898107671714,-6.08096623472368,-6.117537522451815,-6.098915789664116,-6.038922509141281,-6.111851832650296,-6.100975048543919,-6.094645095454254,-6.048662812553777,-6.107905397309519,-6.107905397309519,-6.107905397309519,-6.107905397309519,-6.107905397309519,-6.107905397309519,-6.107905397309519,-6.107905397309519,-6.107905397309519,-6.107905397309519,-6.107905397309519,-6.107905397309519,-6.107905397309519,-6.107905397309519,-6.107905397309519,-6.107905397309519,-6.107905397309519,-6.107905397309519,-6.107905397309519,-6.107905397309519
-6.30893494040413,-6.272994827745569,-6.198549840468361,-6.329182700109472,-6.107662572340845,-6.413241862901506,-6.1988622784146745,-6.12988044898007,-6.4919548150437185,-6.540255630083453,-6.503268809077546,-6.485817502860781,-6.558685895165636,-6.074696379679704,-6.247785021291822,-6.465832306133892,-6.194126382197341,-6.2250139287673685,-6.328799083372638,-6.543237378478266,-6.113509274827519,-6.113509274827519,-6.113509274827519,-6.113509274827519,-6.113509274827519,-6.113509274827519,-6.113509274827519,-6.113509274827519,-6.113509274827519,-6.113509274827519,-6.113509274827519,-6.113509274827519,-6.113509274827519,-6.113509274827519,-6.113509274827519,-6.113509274827519,-6.113509274827519,-6.113509274827519,-6.113509274827519,-6.113509274827519
-5.839997805635738,-5.923190227798172,-5.810018139919989,-5.866392472477283,-5.918136974347645,-5.831006724688524,-5.780211951039737,-5.815033278652838,-5.877454204904592,-5.853713236992642,-5.9273156779409915,-5.900034744918232,-5.868735504073238,-5.779166824565405,-5.780397588946643,-5.769150351409987,-5.768363586185581,-5.766999828896927,-5.789907461480924,-5.836635849047066,-5.853871964321762,-5.853871964321762,-5.853871964321762,-5.853871964321762,-5.853871964321762,-5.853871964321762,-5.853871964321762,-5.853871964321762,-5.853871964321762,-5.853871964321762,-5.853871964321762,-5.853871964321762,-5.853871964321762,-5.853871964321762,-5.853871964321762,-5.853871964321762,-5.853871964321762,-5.853871964321762,-5.853871964321762,-5.853871964321762
-6.013997165794096,-6.009248466852069,-6.208297692349107,-6.056487011346294,-6.138088136487332,-6.106224735490525,-6.200925392796344,-6.058522287318556,-6.077391339928142,-6.169803809508204,-6.179518888584036,-6.149056319529031,-6.201802222808837,-6.265895323864131,-6.205247992069951,-6.212865784230938,-6.2047324133484105,-6.234930263253838,-6.328158159086256,-6.20752340746737,-6.356547323513812,-6.356547323513812,-6.356547323513812,-6.356547323513812,-6.356547323513812,-6.356547323513812,-6.356547323513812,-6.356547323513812,-6.356547323513812,-6.356547323513812,-6.356547323513812,-6.356547323513812,-6.356547323513812,-6.356547323513812,-6.356547323513812,-6.356547323513812,-6.356547323513812,-6.356547323513812,-6.356547323513812,-6.356547323513812
-6.029596589787014,-6.091888124399413,-6.179493705045839,-6.099148187667343,-6.192134578804432,-6.104414168891124,-6.22215743096283,-6.112170542358911,-6.113261463940742,-6.109123194975748,-6.1584317521167105,-6.132494533279208,-6.208474033734083,-6.282088407183336,-6.163968432026012,-6.155236973148368,-6.198990553030234,-6.167640817940104,-6.307354206958688,-6.1967027520281075,-5.6777807052660805,-5.6777807052660805,-5.6777807052660805,-5.6777807052660805,-5.6777807052660805,-5.6777807052660805,-5.6777807052660805,-5.6777807052660805,-5.6777807052660805,-5.6777807052660805,-5.6777807052660805,-5.6777807052660805,-5.6777807052660805,-5.6777807052660805,-5.6777807052660805,-5.6777807052660805,-5.6777807052660805,-5.6777807052660805,-5.6777807052660805,-5.6777807052660805
-5.886586894464513,-5.908735945457502,-5.933473320123547,-5.887487043935064,-5.906015428368849,-5.885270792438032,-5.94123609282666,-5.924626148007554,-5.895224854172265,-5.908140613839659,-5.916597491775861,-5.911616051908612,-5.93858994346001,-5.988611257399104,-5.95674120341524,-5.915755629696139,-5.899163118056795,-5.949173053695926,-5.97842891028179,-5.932301071408299,-6.309803919971486,-6.309803919971486,-6.309803919971486,-6.309803919971486,-6.309803919971486,-6.309803919971486,-6.309803919971486,-6.309803919971486,-6.309803919971486,-6.309803919971486,-6.309803919971486,-6.309803919971486,-6.309803919971486,-6.309803919971486,-6.309803919971486,-6.309803919971486,-6.309803919971486,-6.309803919971486,-6.309803919971486,-6.309803919971486
-5.835216310548139,-5.711597112642258,-5.705205771532986,-5.7607016354355585,-5.773790551949621,-5.798934214421186,-5.763078792897537,-5.73597574352776,-5.724672522861117,-5.832020293629196,-5.7904437257405075,-5.732202199579527,-5.881817330678539,-5.708804078014594,-5.804640922655371,-5.882020607417595,-5.836105086878583,-5.757666760543181,-5.949513612176625,-5.850976317007171,-5.1249387366083,-5.1249387366083,-5.1249387366083,-5.1249387366083,-5.1249387366083,-5.1249387366083,-5.1249387366083,-5.1249387366083,-5.1249387366083,-5.1249387366083,-5.1249387366083,-5.1249387366083,-5.1249387366083,-5.1249387366083,-5.1249387366083,-5.1249387366083,-5.1249387366083,-5.1249387366083,-5.1249387366083,-5.1249387366083
-6.229210370402887,-6.234258768861037,-6.166442199880822,-6.239490878355539,-6.188157272202353,-6.111865866227154,-6.175867280556896,-6.237401163709951,-6.156814035216724,-6.15182427979798,-6.1721039463268585,-6.1285471007046715,-6.1638682865918435,-6.1438773169143355,-6.150793240728196,-6.178729768866788,-6.185981894942893,-6.149837727543302,-6.132115015398772,-6.151031771748952,-6.318758762624412,-6.318758762624412,-6.318758762624412,-6.318758762624412,-6.318758762624412,-6.318758762624412,-6.318758762624412,-6.318758762624412,-6.318758762624412,-6.318758762624412,-6.318758762624412,-6.318758762624412,-6.318758762624412,-6.318758762624412,-6.318758762624412,-6.318758762624412,-6.318758762624412,-6.318758762624412,-6.318758762624412,-6.318758762624412
-6.147799741713425,-6.075847436531818,-6.011281882610327,-6.140403439453456,-6.001952268850728,-6.011611904738022,-6.013959609592984,-6.010156598000323,-6.001871947564401,-6.073056006041065,-6.0913662142776035,-6.016602379601691,-6.104127353626848,-6.017677225940439,-6.050764649979378,-6.124453522037747,-6.082704310090297,-6.0502109264225705,-6.012019273907429,-6.082808324892226,-5.958607314841775,-5.958607314841775,-5.958607314841775,-5.958607314841775,-5.958607314841775,-5.958607314841775,-5.958607314841775,-5.958607314841775,-5.958607314841775,-5.958607314841775,-5.958607314841775,-5.958607314841775,-5.958607314841775,-5.958607314841775,-5.958607314841775,-5.958607314841775,-5.958607314841775,-5.958607314841775,-5.958607314841775,-5.958607314841775
-5.109247762778464,-4.987750846542177,-5.047091481560793,-4.989951350250755,-5.136573620157384,-4.988320176565518,-4.9440576432696,-4.900145788213917,-4.925998065303954,-4.984466083057026,-4.690141103283389,-5.047584464714848,-4.972088226417483,-4.890317825208576,-4.84799311928626,-4.954741638226821,-4.960405798619867,-4.829136801555655,-4.83478264045037,-4.945638243528524,-5.823908740944319,-5.823908740944319,-5.823908740944319,-5.823908740944319,-5.823908740944319,-5.823908740944319,-5.823908740944319,-5.823908740944319,-5.823908740944319,-5.823908740944319,-5.823908740944319,-5.823908740944319,-5.823908740944319,-5.823908740944319,-5.823908740944319,-5.823908740944319,-5.823908740944319,-5.823908740944319,-5.823908740944319,-5.823908740944319
-5.389489150996214,-5.630196169318388,-5.744860406307706,-5.700661088812609,-5.765984337330173,-5.654632561019996,-5.729188339469856,-5.727742831345178,-5.674185855305402,-5.832563815216017,-5.015841474631402,-5.7183581231008125,-5.819521518458111,-5.787328795370467,-5.711145851633286,-5.802578607445834,-5.153420435881265,-5.756457181479841,-5.918074604307336,-5.7676913101691945,-5.154901959985743,-5.154901959985743,-5.154901959985743,-5.154901959985743,-5.154901959985743,-5.154901959985743,-5.154901959985743,-5.154901959985743,-5.154901959985743,-5.154901959985743,-5.154901959985743,-5.154901959985743,-5.154901959985743,-5.154901959985743,-5.154901959985743,-5.154901959985743,-5.154901959985743,-5.154901959985743,-5.154901959985743,-5.154901959985743
-5.391695618772572,-5.295338766388149,-5.324376269177449,-5.325486783258579,-5.49293529639478,-5.30516342636331,-5.268049419385229,-5.216385439112892,-5.290546665373767,-5.390924442850985,-4.824630473683788,-5.387072342277642,-5.391221702199162,-5.27776554825965,-5.2178562802835105,-5.334441478818126,-5.141830904185351,-5.198353124064655,-5.334739047967147,-5.376136332022289,-5.795880017344075,-5.795880017344075,-5.795880017344075,-5.795880017344075,-5.795880017344075,-5.795880017344075,-5.795880017344075,-5.795880017344075,-5.795880017344075,-5.795880017344075,-5.795880017344075,-5.795880017344075,-5.795880017344075,-5.795880017344075,-5.795880017344075,-5.795880017344075,-5.795880017344075,-5.795880017344075,-5.795880017344075,-5.795880017344075
-5.264409628786041,-5.199545000259797,-4.687679723413856,-5.085578252850967,-4.922280262281278,-4.994282062557879,-4.938794427670349,-5.197092275924097,-5.177036441086123,-4.837770697665404,-4.795947453426524,-5.037871156496036,-4.744111477364892,-4.551348224242099,-4.806653471006148,-4.831718345161272,-4.972235411446774,-4.945442859198642,-4.889470714696143,-4.880546553880017,-5.045757490560675,-5.045757490560675,-5.045757490560675,-5.045757490560675,-5.045757490560675,-5.045757490560675,-5.045757490560675,-5.045757490560675,-5.045757490560675,-5.045757490560675,-5.045757490560675,-5.045757490560675,-5.045757490560675,-5.045757490560675,-5.045757490560675,-5.045757490560675,-5.045757490560675,-5.045757490560675,-5.045757490560675,-5.045757490560675
-5.644970121406841,-5.64688867809336,-4.9672673333801205,-5.524277930441179,-5.530345611889564,-5.466622238497895,-5.06524369127953,-5.59788169362025,-5.586091332973133,-5.409768747755721,-5.400085534651112,-5.551969647707679,-5.3592348316709595,-4.785746677026646,-4.949447067281245,-5.384970897691014,-5.272099218384592,-5.155304693692587,-5.213238907943554,-5.453327043772128,-5.455931955649724,-5.455931955649724,-5.455931955649724,-5.455931955649724,-5.455931955649724,-5.455931955649724,-5.455931955649724,-5.455931955649724,-5.455931955649724,-5.455931955649724,-5.455931955649724,-5.455931955649724,-5.455931955649724,-5.455931955649724,-5.455931955649724,-5.455931955649724,-5.455931955649724,-5.455931955649724,-5.455931955649724,-5.455931955649724
-5.690136115234595,-5.741538941712391,-5.0158616710611685,-5.507844162449579,-5.699245143975754,-5.616825552409248,-5.100766198681818,-5.638074416478835,-5.586067414147983,-5.498263762343051,-5.499478644938429,-5.690603856957121,-5.430509706293176,-4.8006637619694414,-4.802334370855981,-5.436251766058347,-5.392152122806426,-5.183510732294523,-5.283309705771419,-5.527846415582944,-5.537602002101044,-5.537602002101044,-5.537602002101044,-5.537602002101044,-5.537602002101044,-5.537602002101044,-5.537602002101044,-5.537602002101044,-5.537602002101044,-5.537602002101044,-5.537602002101044,-5.537602002101044,-5.537602002101044,-5.537602002101044,-5.537602002101044,-5.537602002101044,-5.537602002101044,-5.537602002101044,-5.537602002101044,-5.537602002101044
-5.2369549089773,-5.1513931671738575,-4.6044027293704115,-5.057235761544893,-4.830956318413907,-4.926822264932339,-4.914818614785097,-5.158432717687945,-5.158799185799967,-4.778668535381326,-4.728065787302235,-4.979740677518943,-4.69399996762761,-4.457303670321655,-4.7990204922003095,-4.783131227217224,-4.916560318787254,-4.909715963781704,-4.828066921440888,-4.834247978403977,-5.3872161432802645,-5.3872161432802645,-5.3872161432802645,-5.3872161432802645,-5.3872161432802645,-5.3872161432802645,-5.3872161432802645,-5.3872161432802645,-5.3872161432802645,-5.3872161432802645,-5.3872161432802645,-5.3872161432802645,-5.3872161432802645,-5.3872161432802645,-5.3872161432802645,-5.3872161432802645,-5.3872161432802645,-5.3872161432802645,-5.3872161432802645,-5.3872161432802645
-5.23218702696769,-5.211773370093515,-4.707650917393652,-5.032470313871689,-4.987352170701869,-5.026370136162693,-4.938484101785596,-5.180849186954884,-5.134759930299868,-4.822148032122593,-4.79405214522826,-5.070908466125521,-4.756526438476325,-4.519512524615081,-4.729719752184684,-4.807720283676066,-5.040295697398443,-4.940190138314583,-4.9257057020237776,-4.868739307911393,-5.443697499232713,-5.443697499232713,-5.443697499232713,-5.443697499232713,-5.443697499232713,-5.443697499232713,-5.443697499232713,-5.443697499232713,-5.443697499232713,-5.443697499232713,-5.443697499232713,-5.443697499232713,-5.443697499232713,-5.443697499232713,-5.443697499232713,-5.443697499232713,-5.443697499232713,-5.443697499232713,-5.443697499232713,-5.443697499232713
-4.987018936134283,-4.844693212882362,-4.677105391938535,-4.734835923122004,-4.669276477226385,-4.75855198602694,-4.846817298132338,-4.890758752053116,-4.807296182717816,-4.553903339335238,-4.523570472208467,-4.717726036265603,-4.494909218702637,-4.510361171609501,-4.785702698549392,-4.568961252205075,-4.794084629718394,-4.777699046730552,-4.775080018581787,-4.583474897395033,-4.698970004336019,-4.698970004336019,-4.698970004336019,-4.698970004336019,-4.698970004336019,-4.698970004336019,-4.698970004336019,-4.698970004336019,-4.698970004336019,-4.698970004336019,-4.698970004336019,-4.698970004336019,-4.698970004336019,-4.698970004336019,-4.698970004336019,-4.698970004336019,-4.698970004336019,-4.698970004336019,-4.698970004336019,-4.698970004336019
-5.627782390437748,-5.715048278228733,-4.854164694825316,-5.455535858515838,-5.624150057821702,-5.606957423731243,-5.015759783329116,-5.563158451076403,-5.532680322266602,-5.506846867580116,-5.452433215185192,-5.692068433416476,-5.3229934136658015,-4.680795706415565,-4.84883222207106,-5.440982317862043,-5.312316774857951,-5.054640864872252,-5.2181456500079175,-5.4962807666110285,-5.3979400086720375,-5.3979400086720375,-5.3979400086720375,-5.3979400086720375,-5.3979400086720375,-5.3979400086720375,-5.3979400086720375,-5.3979400086720375,-5.3979400086720375,-5.3979400086720375,-5.3979400086720375,-5.3979400086720375,-5.3979400086720375,-5.3979400086720375,-5.3979400086720375,-5.3979400086720375,-5.3979400086720375,-5.3979400086720375,-5.3979400086720375,-5.3979400086720375
-5.303423184905235,-5.212857288924467,-4.8197199628874525,-5.084542585429767,-5.146147971241138,-5.177467281163594,-4.8516274994855735,-5.223112039076414,-5.122652501113096,-5.050113184078113,-5.006631302250391,-5.131531195965616,-4.937788155075111,-4.723248737361466,-4.919056308364339,-5.033843756524343,-4.904173112585746,-4.83746590697741,-4.948383206707218,-5.045478240038754,-5.443697499232713,-5.443697499232713,-5.443697499232713,-5.443697499232713,-5.443697499232713,-5.443697499232713,-5.443697499232713,-5.443697499232713,-5.443697499232713,-5.443697499232713,-5.443697499232713,-5.443697499232713,-5.443697499232713,-5.443697499232713,-5.443697499232713,-5.443697499232713,-5.443697499232713,-5.443697499232713,-5.443697499232713,-5.443697499232713
-4.9595891379516175,-4.817349767547448,-4.655204091151211,-4.705143645497297,-4.6431258299251725,-4.729124062963021,-4.862833142603939,-4.868971318045545,-4.783525371917888,-4.5100322794645695,-4.493297798845675,-4.6863372745687535,-4.469419214455614,-4.525795196288543,-4.728346912066933,-4.519793255044038,-4.797425277732921,-4.794577669271158,-4.759633711104204,-4.546069186935409,-5.346787486224656,-5.346787486224656,-5.346787486224656,-5.346787486224656,-5.346787486224656,-5.346787486224656,-5.346787486224656,-5.346787486224656,-5.346787486224656,-5.346787486224656,-5.346787486224656,-5.346787486224656,-5.346787486224656,-5.346787486224656,-5.346787486224656,-5.346787486224656,-5.346787486224656,-5.346787486224656,-5.346787486224656,-5.346787486224656
-6.148926764423559,-6.140212305555054,-6.180129658435065,-6.13235090265281,-6.000959621205387,-6.280905986293465,-6.098342322743908,-5.979668582563516,-6.383237192122955,-6.334280201669427,-6.3460272970957305,-6.341995289806825,-5.459445935984642,-6.109921635474589,-6.224421479589677,-6.234101040540648,-6.082069739468283,-6.151104732717398,-5.434682430326123,-6.3657350104536485,-5.585026652029182,-5.585026652029182,-5.585026652029182,-5.585026652029182,-5.585026652029182,-5.585026652029182,-5.585026652029182,-5.585026652029182,-5.585026652029182,-5.585026652029182,-5.585026652029182,-5.585026652029182,-5.585026652029182,-5.585026652029182,-5.585026652029182,-5.585026652029182,-5.585026652029182,-5.585026652029182,-5.585026652029182,-5.585026652029182
-5.610016648159495,-5.598616732443509,-5.69880311003982,-5.630202325013558,-5.694903204282702,-5.676279381979861,-5.725371669603715,-5.636352383704947,-5.670274917217023,-5.720142693710434,-5.751895946409662,-5.6809816409726945,-5.188390681544331,-5.704370522455624,-5.684107247575256,-5.746437734676163,-5.755386751441731,-5.659339774568816,-5.2176467235011375,-5.723188328533459,-6.0,-6.0,-6.0,-6.0,-6.0,-6.0,-6.0,-6.0,-6.0,-6.0,-6.0,-6.0,-6.0,-6.0,-6.0,-6.0,-6.0,-6.0,-6.0,-6.0
-5.601781805702262,-5.634307901236797,-5.826085092159309,-5.4381583073820625,-5.590697812437595,-5.854992699169542,-5.678271560940854,-5.407926499451022,-5.6547235429131195,-5.7220669409907465,-5.681666670839894,-5.806702577529946,-5.352254900777821,-5.866393490068656,-5.9976356147544525,-5.609444910767949,-5.706388917774793,-5.9165368468238615,-5.494424173862376,-5.690717321740499,-5.698970004336019,-5.698970004336019,-5.698970004336019,-5.698970004336019,-5.698970004336019,-5.698970004336019,-5.698970004336019,-5.698970004336019,-5.698970004336019,-5.698970004336019,-5.698970004336019,-5.698970004336019,-5.698970004336019,-5.698970004336019,-5.698970004336019,-5.698970004336019,-5.698970004336019,-5.698970004336019,-5.698970004336019,-5.698970004336019
-5.922448567083007,-5.88247058512801,-5.958372213921591,-5.918015631702953,-5.975884672200395,-5.85901672572351,-5.980977650122304,-5.978922289096447,-5.832904914855958,-5.8949234813986715,-5.898510859119436,-5.847521278812828,-5.941646269917277,-5.986477344777944,-5.9243448738401545,-5.964662996664801,-5.994075165453991,-5.962602853275036,-6.030661566503008,-5.915087923594485,-5.920818753952375,-5.920818753952375,-5.920818753952375,-5.920818753952375,-5.920818753952375,-5.920818753952375,-5.920818753952375,-5.920818753952375,-5.920818753952375,-5.920818753952375,-5.920818753952375,-5.920818753952375,-5.920818753952375,-5.920818753952375,-5.920818753952375,-5.920818753952375,-5.920818753952375,-5.920818753952375,-5.920818753952375,-5.920818753952375
-5.895904870800783,-5.973993049790015,-6.039731998147897,-5.975158526965527,-6.026864916388998,-5.959877712747516,-6.05083403393446,-5.959223781210428,-5.964853724170409,-5.980866164893313,-6.031868710949227,-5.958964653377088,-6.082991132834657,-6.121538176348697,-6.032549682819943,-6.0698603265385245,-6.034939686500888,-6.0792348370492055,-6.184917798775027,-6.064331165951228,-5.920818753952375,-5.920818753952375,-5.920818753952375,-5.920818753952375,-5.920818753952375,-5.920818753952375,-5.920818753952375,-5.920818753952375,-5.920818753952375,-5.920818753952375,-5.920818753952375,-5.920818753952375,-5.920818753952375,-5.920818753952375,-5.920818753952375,-5.920818753952375,-5.920818753952375,-5.920818753952375,-5.920818753952375,-5.920818753952375
-5.88049129905862,-5.947258788611757,-6.024167077620948,-5.92438799640825,-6.002154720050908,-5.881113111762216,-6.000938095988167,-5.961376733362838,-5.895348049593259,-5.90062197722284,-5.937191464341123,-5.9014900444432605,-5.918215863897668,-6.054638383029019,-5.9668070867340015,-5.932361594062418,-5.974612077120177,-6.009622774768382,-6.003306670898065,-5.923786719400772,-5.657577319177793,-5.657577319177793,-5.657577319177793,-5.657577319177793,-5.657577319177793,-5.657577319177793,-5.657577319177793,-5.657577319177793,-5.657577319177793,-5.657577319177793,-5.657577319177793,-5.657577319177793,-5.657577319177793,-5.657577319177793,-5.657577319177793,-5.657577319177793,-5.657577319177793,-5.657577319177793,-5.657577319177793,-5.657577319177793
-5.715145677508027,-5.688524498136205,-5.845045727258145,-5.670766005048619,-5.884759123537576,-5.6698810285537435,-5.883978660217627,-5.7824509800310215,-5.457016495718325,-5.759778845561884,-5.7601632532760885,-5.638607283897553,-5.7190184954027385,-5.8829918861993615,-5.909742258023542,-5.813457139888074,-5.993656526761835,-5.921367936554544,-5.976063781875814,-5.7021440440380085,-6.481486060122113,-6.481486060122113,-6.481486060122113,-6.481486060122113,-6.481486060122113,-6.481486060122113,-6.481486060122113,-6.481486060122113,-6.481486060122113,-6.481486060122113,-6.481486060122113,-6.481486060122113,-6.481486060122113,-6.481486060122113,-6.481486060122113,-6.481486060122113,-6.481486060122113,-6.481486060122113,-6.481486060122113,-6.481486060122113
-5.992413046964462,-6.048159563639072,-6.097024874598014,-6.029367848624122,-6.094377389419646,-6.135299849772141,-6.051788353285693,-6.039529936867708,-6.039948249352864,-6.06835228445617,-6.072789992800697,-6.0720043777954285,-6.150167556603383,-6.077164817513487,-6.13683135807859,-6.126681914982245,-6.180269727299465,-6.143730474737921,-6.24999793891759,-6.119594778688226,-5.7447274948966935,-5.7447274948966935,-5.7447274948966935,-5.7447274948966935,-5.7447274948966935,-5.7447274948966935,-5.7447274948966935,-5.7447274948966935,-5.7447274948966935,-5.7447274948966935,-5.7447274948966935,-5.7447274948966935,-5.7447274948966935,-5.7447274948966935,-5.7447274948966935,-5.7447274948966935,-5.7447274948966935,-5.7447274948966935,-5.7447274948966935,-5.7447274948966935
-5.912797277358015,-5.819131942353847,-5.896501916366325,-5.906266334786442,-5.958808977046377,-5.826974960930345,-5.913794237990024,-5.880044981634253,-5.8896487660036,-5.939106553177206,-5.9894644617757535,-5.901697592325566,-5.927050548236291,-5.88958231992612,-5.822638306563751,-5.902713673596419,-5.908281756494688,-5.831120215011468,-5.997497534569426,-5.912417116281015,-4.823908740944319,-4.823908740944319,-4.823908740944319,-4.823908740944319,-4.823908740944319,-4.823908740944319,-4.823908740944319,-4.823908740944319,-4.823908740944319,-4.823908740944319,-4.823908740944319,-4.823908740944319,-4.823908740944319,-4.823908740944319,-4.823908740944319,-4.823908740944319,-4.823908740944319,-4.823908740944319,-4.823908740944319,-4.823908740944319
-5.8115574961974765,-5.789469757519565,-5.700529327557564,-5.735488907559219,-5.74833349631364,-5.759502129920101,-5.731245801545838,-5.747591001985115,-5.740716953042362,-5.758390476433155,-5.780259151293785,-5.70550098417249,-5.783126246814588,-5.725267596612884,-5.840345905914494,-5.7586383646186965,-5.830300663848583,-5.754237997169924,-5.830181340254253,-5.74914801392932,-6.0,-6.0,-6.0,-6.0,-6.0,-6.0,-6.0,-6.0,-6.0,-6.0,-6.0,-6.0,-6.0,-6.0,-6.0,-6.0,-6.0,-6.0,-6.0,-6.0
-5.4930024215608,-5.370584744597989,-5.496040304583411,-5.426302779132854,-5.551175191718245,-5.507162474546393,-5.538068736486391,-5.400047950038564,-5.4434548978654265,-5.55216414227177,-5.548885734470766,-5.45318902980399,-5.651352442739278,-5.518482214735387,-5.542109308358063,-5.561720304085841,-5.635653898653196,-5.484447652240186,-5.749130179007942,-5.533422952101332,-5.920818753952375,-5.920818753952375,-5.920818753952375,-5.920818753952375,-5.920818753952375,-5.920818753952375,-5.920818753952375,-5.920818753952375,-5.920818753952375,-5.920818753952375,-5.920818753952375,-5.920818753952375,-5.920818753952375,-5.920818753952375,-5.920818753952375,-5.920818753952375,-5.920818753952375,-5.920818753952375,-5.920818753952375,-5.920818753952375
-5.119534717140781,-5.193629879862523,-5.239939814343678,-5.141133302137817,-5.313703823176251,-5.186319531274528,-5.192929434687522,-5.101724477200539,-5.124927380381704,-5.157142621617988,-5.186771713689307,-5.264073912794146,-5.24417747452482,-5.181263098853646,-5.0814456687246965,-5.138454194252945,-5.120641439791742,-5.048604041042785,-5.100516163067177,-5.1458733577204585,-5.376750709602099,-5.376750709602099,-5.376750709602099,-5.376750709602099,-5.376750709602099,-5.376750709602099,-5.376750709602099,-5.376750709602099,-5.376750709602099,-5.376750709602099,-5.376750709602099,-5.376750709602099,-5.376750709602099,-5.376750709602099,-5.376750709602099,-5.376750709602099,-5.376750709602099,-5.376750709602099,-5.376750709602099,-5.376750709602099
-5.141276669313766,-5.266959867149479,-5.294555908729982,-5.173096832372962,-5.346962780919674,-5.23106773560188,-5.237812116908725,-5.121352893744266,-5.1842586505092765,-5.263727641013381,-5.266498415621622,-5.353140219771886,-5.289985666895197,-5.285091901863142,-5.166861626039143,-5.204165698366469,-5.165095391851417,-5.167594596565121,-5.143362236462764,-5.211950873592939,-5.721246399047171,-5.721246399047171,-5.721246399047171,-5.721246399047171,-5.721246399047171,-5.721246399047171,-5.721246399047171,-5.721246399047171,-5.721246399047171,-5.721246399047171,-5.721246399047171,-5.721246399047171,-5.721246399047171,-5.721246399047171,-5.721246399047171,-5.721246399047171,-5.721246399047171,-5.721246399047171,-5.721246399047171,-5.721246399047171
-5.524318191256014,-5.403919063300915,-5.619243024406577,-5.450496725664648,-5.583960733293437,-5.576044232189646,-5.611190205463332,-5.474653523859546,-5.487156815796862,-5.616772936883003,-5.595620691077347,-5.537502685166905,-5.665119636061485,-5.600545982974643,-5.61739836764996,-5.609345097298982,-5.6751165442778655,-5.574718256155589,-5.873060634450504,-5.566625859755487,-5.619788758288394,-5.619788758288394,-5.619788758288394,-5.619788758288394,-5.619788758288394,-5.619788758288394,-5.619788758288394,-5.619788758288394,-5.619788758288394,-5.619788758288394,-5.619788758288394,-5.619788758288394,-5.619788758288394,-5.619788758288394,-5.619788758288394,-5.619788758288394,-5.619788758288394,-5.619788758288394,-5.619788758288394,-5.619788758288394
-5.773345198282944,-5.65271280740469,-5.7227210607799694,-5.6769884108753565,-5.685361373151062,-5.712647406209677,-5.701445202080258,-5.702720992559713,-5.659029327528087,-5.690466619973467,-5.685537620807726,-5.6718679487824835,-5.710913807459931,-5.629926267864076,-5.6889310108539455,-5.713526931924676,-5.677017536871707,-5.658520385612737,-5.818696644604693,-5.668989418128689,-5.886056647693163,-5.886056647693163,-5.886056647693163,-5.886056647693163,-5.886056647693163,-5.886056647693163,-5.886056647693163,-5.886056647693163,-5.886056647693163,-5.886056647693163,-5.886056647693163,-5.886056647693163,-5.886056647693163,-5.886056647693163,-5.886056647693163,-5.886056647693163,-5.886056647693163,-5.886056647693163,-5.886056647693163,-5.886056647693163
-5.520762135033896,-5.5312648288797766,-5.590116443754105,-5.529276641517968,-5.514843066741227,-5.616444243754174,-5.578087865172709,-5.507148857069931,-5.571016073505081,-5.600968947904839,-5.565716655842846,-5.589234434584056,-5.671441780090565,-5.514445895248545,-5.5472823392075155,-5.626463011549423,-5.597555693738413,-5.49675681878916,-5.60334256135576,-5.554616794839514,-5.537602002101044,-5.537602002101044,-5.537602002101044,-5.537602002101044,-5.537602002101044,-5.537602002101044,-5.537602002101044,-5.537602002101044,-5.537602002101044,-5.537602002101044,-5.537602002101044,-5.537602002101044,-5.537602002101044,-5.537602002101044,-5.537602002101044,-5.537602002101044,-5.537602002101044,-5.537602002101044,-5.537602002101044,-5.537602002101044
-6.384599835696521,-6.334303705487071,-6.2809169322027945,-6.348060918892645,-5.968329833611292,-6.142479820705309,-6.258318520555904,-5.682618057976493,-6.194076356834731,-6.269420255063029,-5.763748384720163,-6.2097052306292335,-5.492366805398655,-6.277308905450302,-6.239843108737152,-6.285264546359605,-6.222822315478591,-6.25283638339832,-6.207058013669085,-6.2058385993935135,-6.552841968657781,-6.552841968657781,-6.552841968657781,-6.552841968657781,-6.552841968657781,-6.552841968657781,-6.552841968657781,-6.552841968657781,-6.552841968657781,-6.552841968657781,-6.552841968657781,-6.552841968657781,-6.552841968657781,-6.552841968657781,-6.552841968657781,-6.552841968657781,-6.552841968657781,-6.552841968657781,-6.552841968657781,-6.552841968657781
-6.171295846424049,-6.120997187715607,-6.105225239954505,-6.132662512804009,-5.845418748480696,-6.068734445032158,-6.089025011016792,-5.696459023055155,-6.090587463903637,-6.165808601788903,-5.631880908734598,-6.1054443579898825,-5.3471827315692355,-6.104064219930268,-6.117892781659841,-6.156340647631539,-6.0770184754328245,-6.108295132164263,-6.158176978041903,-6.124174628758992,-5.3979400086720375,-5.3979400086720375,-5.3979400086720375,-5.3979400086720375,-5.3979400086720375,-5.3979400086720375,-5.3979400086720375,-5.3979400086720375,-5.3979400086720375,-5.3979400086720375,-5.3979400086720375,-5.3979400086720375,-5.3979400086720375,-5.3979400086720375,-5.3979400086720375,-5.3979400086720375,-5.3979400086720375,-5.3979400086720375,-5.3979400086720375,-5.3979400086720375
-6.03271412964002,-6.013224227211054,-5.974922717444164,-5.999403310125424,-5.775354793910237,-5.984230665137383,-5.953042051834262,-5.709612353234148,-6.008706735829923,-6.055747494130918,-5.6644205782679755,-6.028621083254296,-5.361785324978781,-5.930728438452333,-5.976656906821424,-5.990051157640717,-5.9276720520421975,-5.965105544628813,-5.968529780255157,-5.985449176612136,-4.187086643357144,-4.187086643357144,-4.187086643357144,-4.187086643357144,-4.187086643357144,-4.187086643357144,-4.187086643357144,-4.187086643357144,-4.187086643357144,-4.187086643357144,-4.187086643357144,-4.187086643357144,-4.187086643357144,-4.187086643357144,-4.187086643357144,-4.187086643357144,-4.187086643357144,-4.187086643357144,-4.187086643357144,-4.187086643357144
-5.830911643508028,-5.733842326779659,-5.766279443307741,-5.812333324875183,-5.766092713181451,-5.590876370382388,-5.751382691354634,-5.819858979445708,-5.6725625342655155,-5.827709636455686,-5.827233105647368,-5.663162307495973,-5.791887689684296,-5.845389040509943,-5.791931646256594,-5.869742757363257,-5.842897540984306,-5.816633583384477,-5.8032230737819015,-5.769768832408996,-5.920818753952375,-5.920818753952375,-5.920818753952375,-5.920818753952375,-5.920818753952375,-5.920818753952375,-5.920818753952375,-5.920818753952375,-5.920818753952375,-5.920818753952375,-5.920818753952375,-5.920818753952375,-5.920818753952375,-5.920818753952375,-5.920818753952375,-5.920818753952375,-5.920818753952375,-5.920818753952375,-5.920818753952375,-5.920818753952375
-5.656001445766497,-5.82424256654448,-5.96308205589273,-5.771267878132634,-5.978270106918632,-5.822411018235173,-5.990971201695572,-5.786944638467368,-5.801261157012387,-5.886899967445245,-5.873535638330887,-5.870176354986801,-5.995581055880389,-6.1224797527890455,-5.943577692681581,-5.9219495179904875,-6.051302025264868,-5.984114303184892,-6.062445585728444,-5.892246565189699,-6.119186407719209,-6.119186407719209,-6.119186407719209,-6.119186407719209,-6.119186407719209,-6.119186407719209,-6.119186407719209,-6.119186407719209,-6.119186407719209,-6.119186407719209,-6.119186407719209,-6.119186407719209,-6.119186407719209,-6.119186407719209,-6.119186407719209,-6.119186407719209,-6.119186407719209,-6.119186407719209,-6.119186407719209,-6.119186407719209
-5.561835406795703,-5.452773013273238,-5.670950277740615,-5.5266849489832985,-5.683376689398511,-5.5615276072362425,-5.673562254518107,-5.550879538898138,-5.55191480549826,-5.7101384818798335,-5.689686036632835,-5.581885083219924,-5.7383797448834235,-5.7324550499759255,-5.655799457265677,-5.684948003120853,-5.76830955956479,-5.684508301798823,-5.911650031926252,-5.645134380886274,-6.2441251443275085,-6.2441251443275085,-6.2441251443275085,-6.2441251443275085,-6.2441251443275085,-6.2441251443275085,-6.2441251443275085,-6.2441251443275085,-6.2441251443275085,-6.2441251443275085,-6.2441251443275085,-6.2441251443275085,-6.2441251443275085,-6.2441251443275085,-6.2441251443275085,-6.2441251443275085,-6.2441251443275085,-6.2441251443275085,-6.2441251443275085,-6.2441251443275085
-5.983409734090717,-6.04442311909355,-5.938272400414227,-6.001057392669362,-6.027272060272656,-5.921953357924775,-5.921896791960044,-5.96606592633102,-5.963764036484359,-5.944336517754364,-6.0229400387278265,-5.982613368147858,-5.934864220424578,-5.883039381559643,-5.885294728671592,-5.886403519518253,-5.867745814342605,-5.885485369425615,-5.885581027597912,-5.937622163159826,-5.886056647693163,-5.886056647693163,-5.886056647693163,-5.886056647693163,-5.886056647693163,-5.886056647693163,-5.886056647693163,-5.886056647693163,-5.886056647693163,-5.886056647693163,-5.886056647693163,-5.886056647693163,-5.886056647693163,-5.886056647693163,-5.886056647693163,-5.886056647693163,-5.886056647693163,-5.886056647693163,-5.886056647693163,-5.886056647693163
-5.064546470653769,-5.1171421172454385,-5.312309788535264,-4.859006905038796,-5.293390339661657,-5.290013663111248,-5.317760909250897,-5.018374294328235,-5.104333112198586,-5.185657833733793,-5.2226437793105935,-5.20129134141896,-5.234322635101737,-5.461713938442403,-5.616053426805821,-4.99923775116492,-5.41098006369225,-5.367701063247348,-5.590340494174399,-5.133414401856796,-6.200659450546418,-6.200659450546418,-6.200659450546418,-6.200659450546418,-6.200659450546418,-6.200659450546418,-6.200659450546418,-6.200659450546418,-6.200659450546418,-6.200659450546418,-6.200659450546418,-6.200659450546418,-6.200659450546418,-6.200659450546418,-6.200659450546418,-6.200659450546418,-6.200659450546418,-6.200659450546418,-6.200659450546418,-6.200659450546418
-5.190347603143467,-5.271388162902212,-5.321325689105999,-5.1518458254713355,-5.378758501206864,-5.245018469580677,-5.336689625321302,-5.249078302707314,-5.216692542685648,-5.236405856585269,-5.369067858687208,-5.1902282030781555,-5.314527355332487,-5.351872389215351,-5.46397783652261,-5.140189473268089,-5.475777597859185,-5.298498082942569,-5.430459925387223,-5.165027273936704,-5.468521082957745,-5.468521082957745,-5.468521082957745,-5.468521082957745,-5.468521082957745,-5.468521082957745,-5.468521082957745,-5.468521082957745,-5.468521082957745,-5.468521082957745,-5.468521082957745,-5.468521082957745,-5.468521082957745,-5.468521082957745,-5.468521082957745,-5.468521082957745,-5.468521082957745,-5.468521082957745,-5.468521082957745,-5.468521082957745
-4.775949603457053,-4.7905422600805,-4.740409108147291,-4.771930889076078,-4.900165168980584,-4.724557433064626,-4.612370175346706,-4.739585070993694,-4.85016596884173,-4.770249167541988,-4.815766809819496,-4.827155116112814,-4.637751299909123,-4.653300025524566,-4.570431349837587,-4.56569236648817,-4.5565697779382095,-4.591075084529002,-4.433379946327086,-4.672844107685901,-4.823908740944319,-4.823908740944319,-4.823908740944319,-4.823908740944319,-4.823908740944319,-4.823908740944319,-4.823908740944319,-4.823908740944319,-4.823908740944319,-4.823908740944319,-4.823908740944319,-4.823908740944319,-4.823908740944319,-4.823908740944319,-4.823908740944319,-4.823908740944319,-4.823908740944319,-4.823908740944319,-4.823908740944319,-4.823908740944319
-5.2465581982107805,-5.122068231972371,-5.32632922894554,-5.218008848378867,-5.400149561681039,-5.256237122740629,-5.281138058938201,-5.242067370290785,-5.258174536760399,-5.299773344791897,-5.325272324567998,-5.2351465529509,-5.303152510775915,-5.267822574186894,-5.219046689133159,-5.255340393551183,-5.339811153693422,-5.222800885059805,-5.442506810193534,-5.267927897679844,-5.721246399047171,-5.721246399047171,-5.721246399047171,-5.721246399047171,-5.721246399047171,-5.721246399047171,-5.721246399047171,-5.721246399047171,-5.721246399047171,-5.721246399047171,-5.721246399047171,-5.721246399047171,-5.721246399047171,-5.721246399047171,-5.721246399047171,-5.721246399047171,-5.721246399047171,-5.721246399047171,-5.721246399047171,-5.721246399047171
-5.75680479016476,-5.719204146766719,-5.8023487478997815,-5.780811428217336,-5.8375693031530815,-5.739788833332902,-5.8069043641656926,-5.761790071533353,-5.783389708352536,-5.871020697930665,-5.8536827415449375,-5.791224354523076,-5.859500725761799,-5.821080798280248,-5.75089419163499,-5.834312371128754,-5.842891498270995,-5.782502353476413,-5.883510632967871,-5.807726371291632,-5.6777807052660805,-5.6777807052660805,-5.6777807052660805,-5.6777807052660805,-5.6777807052660805,-5.6777807052660805,-5.6777807052660805,-5.6777807052660805,-5.6777807052660805,-5.6777807052660805,-5.6777807052660805,-5.6777807052660805,-5.6777807052660805,-5.6777807052660805,-5.6777807052660805,-5.6777807052660805,-5.6777807052660805,-5.6777807052660805,-5.6777807052660805,-5.6777807052660805
-6.104903579928789,-6.204733497789682,-6.1824454946104215,-6.141580234737548,-6.187496037622072,-6.104435336073614,-6.164169349475954,-6.183059599951159,-6.0867985570039345,-6.042020147043247,-6.082824423978313,-6.0957684365246,-6.0771788241114635,-6.160423555889426,-6.117020855298534,-6.066751150763979,-6.144430592019591,-6.142104558752855,-6.089053601215332,-6.048405537603162,-5.823908740944319,-5.823908740944319,-5.823908740944319,-5.823908740944319,-5.823908740944319,-5.823908740944319,-5.823908740944319,-5.823908740944319,-5.823908740944319,-5.823908740944319,-5.823908740944319,-5.823908740944319,-5.823908740944319,-5.823908740944319,-5.823908740944319,-5.823908740944319,-5.823908740944319,-5.823908740944319,-5.823908740944319,-5.823908740944319
-5.810937112575359,-5.892025046738406,-5.939940266796533,-5.816264092565129,-5.964574796662071,-5.9231135525958365,-5.9387948245749484,-5.800910648051054,-5.8559797491719365,-5.90846256555262,-5.9536496434055115,-5.949589418361927,-6.006922249517446,-6.003200522618841,-5.981022814876202,-5.8983554669796145,-5.91930872435346,-5.9272858213201705,-6.10376879367683,-5.948616623313137,-5.853871964321762,-5.853871964321762,-5.853871964321762,-5.853871964321762,-5.853871964321762,-5.853871964321762,-5.853871964321762,-5.853871964321762,-5.853871964321762,-5.853871964321762,-5.853871964321762,-5.853871964321762,-5.853871964321762,-5.853871964321762,-5.853871964321762,-5.853871964321762,-5.853871964321762,-5.853871964321762,-5.853871964321762,-5.853871964321762
-5.913562437450884,-5.944207264624587,-5.9597288765592005,-5.935417833925178,-5.944997408893086,-5.89933749644917,-5.937606948869054,-5.9274564067150255,-5.966716521907916,-5.947690103689213,-5.955812624933925,-5.954057472984363,-5.948427129104786,-5.950103484706962,-5.912305152776156,-5.9094936283173505,-5.916140949930618,-5.9122688310631215,-5.910745534914663,-5.924766334133282,-5.823908740944319,-5.823908740944319,-5.823908740944319,-5.823908740944319,-5.823908740944319,-5.823908740944319,-5.823908740944319,-5.823908740944319,-5.823908740944319,-5.823908740944319,-5.823908740944319,-5.823908740944319,-5.823908740944319,-5.823908740944319,-5.823908740944319,-5.823908740944319,-5.823908740944319,-5.823908740944319,-5.823908740944319,-5.823908740944319
-5.781737797294155,-5.824253433440102,-5.742634387527133,-5.784828841932181,-5.397048659773695,-5.695564110871852,-5.69927025580894,-5.741154761915288,-5.72641195167794,-5.697268043665818,-5.845567004824008,-5.776959595799563,-5.720863541247681,-5.6884165169882515,-5.662566027165532,-5.621289171018709,-5.629478605558594,-5.6447757620920385,-5.732279256529537,-5.7271316344589955,-6.0,-6.0,-6.0,-6.0,-6.0,-6.0,-6.0,-6.0,-6.0,-6.0,-6.0,-6.0,-6.0,-6.0,-6.0,-6.0,-6.0,-6.0,-6.0,-6.0
-5.570520028903965,-5.612823877255033,-5.492941652097475,-5.5533417332493995,-5.212454436647379,-5.471599036797316,-5.419208269211788,-5.495149562171222,-5.506967965563219,-5.480046945667475,-5.611541245072974,-5.547993108791949,-5.4240223658470255,-5.412220055224951,-5.429888150781985,-5.3799339353566555,-5.340692880696576,-5.4335255964635545,-5.413386396795152,-5.478641009746169,-5.958607314841775,-5.958607314841775,-5.958607314841775,-5.958607314841775,-5.958607314841775,-5.958607314841775,-5.958607314841775,-5.958607314841775,-5.958607314841775,-5.958607314841775,-5.958607314841775,-5.958607314841775,-5.958607314841775,-5.958607314841775,-5.958607314841775,-5.958607314841775,-5.958607314841775,-5.958607314841775,-5.958607314841775,-5.958607314841775
-5.783210892201939,-5.8173725679231785,-5.7372645512081055,-5.778182649345675,-5.4867036150842114,-5.684956236612775,-5.684424838546852,-5.733731441979985,-5.7346959602637275,-5.696522035209422,-5.83331311549755,-5.772134638223733,-5.718760558902706,-5.691469459644162,-5.659270243231734,-5.6219164699029385,-5.615527283643448,-5.645873789351864,-5.717734313948083,-5.725640445457611,-5.698970004336019,-5.698970004336019,-5.698970004336019,-5.698970004336019,-5.698970004336019,-5.698970004336019,-5.698970004336019,-5.698970004336019,-5.698970004336019,-5.698970004336019,-5.698970004336019,-5.698970004336019,-5.698970004336019,-5.698970004336019,-5.698970004336019,-5.698970004336019,-5.698970004336019,-5.698970004336019,-5.698970004336019,-5.698970004336019
-6.050403827725848,-6.09064020594746,-6.381872154313876,-6.06081936146049,-6.29371094300178,-6.127262629150149,-6.377346911388593,-6.170041721072805,-6.1115419763041885,-6.202183411030612,-6.173980436794785,-6.158951233968416,-6.186284181282066,-6.497294129151636,-6.3437348550903705,-6.227662195362131,-6.34102836733799,-6.379752189301561,-6.483350950500516,-6.272814193807839,-5.769551078621726,-5.769551078621726,-5.769551078621726,-5.769551078621726,-5.769551078621726,-5.769551078621726,-5.769551078621726,-5.769551078621726,-5.769551078621726,-5.769551078621726,-5.769551078621726,-5.769551078621726,-5.769551078621726,-5.769551078621726,-5.769551078621726,-5.769551078621726,-5.769551078621726,-5.769551078621726,-5.769551078621726,-5.769551078621726
-4.517935860985058,-4.633825308022359,-4.590052465394723,-4.529948491933699,-4.295911066969427,-4.373180111042823,-4.6199269040881115,-4.512162607443603,-4.694147193708703,-4.616109933638513,-4.665379421275665,-4.667129462978641,-4.611739657166874,-4.610407113879972,-4.654983583952842,-4.635208237687839,-4.604311945856362,-4.57150435011903,-4.5738719959719445,-4.742193401042233,-4.853871964321762,-4.853871964321762,-4.853871964321762,-4.853871964321762,-4.853871964321762,-4.853871964321762,-4.853871964321762,-4.853871964321762,-4.853871964321762,-4.853871964321762,-4.853871964321762,-4.853871964321762,-4.853871964321762,-4.853871964321762,-4.853871964321762,-4.853871964321762,-4.853871964321762,-4.853871964321762,-4.853871964321762,-4.853871964321762
-5.546990041632583,-4.958016202129052,-5.3904732152249055,-5.394779552289725,-5.544269722698498,-5.621629312792166,-5.097442976246488,-5.424684743640306,-5.041643286798755,-5.049293489799242,-5.164258692601727,-5.219497187795625,-5.146365559531409,-5.377402924398111,-4.721242889299028,-4.886757735468949,-5.054309378178474,-5.284862445937209,-4.953688101307231,-4.792860497810428,-4.920818753952375,-4.920818753952375,-4.920818753952375,-4.920818753952375,-4.920818753952375,-4.920818753952375,-4.920818753952375,-4.920818753952375,-4.920818753952375,-4.920818753952375,-4.920818753952375,-4.920818753952375,-4.920818753952375,-4.920818753952375,-4.920818753952375,-4.920818753952375,-4.920818753952375,-4.920818753952375,-4.920818753952375,-4.920818753952375
-5.259566437406153,-4.914546036994991,-5.002480131297076,-5.070854905396527,-5.049985375435843,-5.13264228000612,-4.835422798928358,-5.067953534080542,-4.882723596530499,-4.9314425722831245,-4.987206930565178,-4.957594635008881,-5.064747027433367,-4.984784920237872,-4.700829023203116,-4.833853397652155,-4.9742939265758785,-4.906014930925547,-4.820643711667634,-4.8301648665716,-5.1487416512809245,-5.1487416512809245,-5.1487416512809245,-5.1487416512809245,-5.1487416512809245,-5.1487416512809245,-5.1487416512809245,-5.1487416512809245,-5.1487416512809245,-5.1487416512809245,-5.1487416512809245,-5.1487416512809245,-5.1487416512809245,-5.1487416512809245,-5.1487416512809245,-5.1487416512809245,-5.1487416512809245,-5.1487416512809245,-5.1487416512809245,-5.1487416512809245
-4.4700797197037225,-4.439334998526969,-4.415727058386477,-4.506835675771849,-3.989616624834049,-4.128587187471673,-4.522730664885702,-4.432134790223461,-4.397923654504507,-4.415900413109038,-4.46806141706541,-4.499648925133912,-4.519060183448551,-4.654781013162513,-4.491160475401902,-4.487627511278173,-4.481119018692606,-4.389637505457962,-4.524501909464251,-4.718575570068366,-4.060480747381382,-4.060480747381382,-4.060480747381382,-4.060480747381382,-4.060480747381382,-4.060480747381382,-4.060480747381382,-4.060480747381382,-4.060480747381382,-4.060480747381382,-4.060480747381382,-4.060480747381382,-4.060480747381382,-4.060480747381382,-4.060480747381382,-4.060480747381382,-4.060480747381382,-4.060480747381382,-4.060480747381382,-4.060480747381382
-4.536360852522302,-4.5689375627842495,-4.476796100003552,-4.4545089358219,-4.139227306011464,-4.203619616407344,-4.576373095228399,-4.466911291850693,-4.704998896956037,-4.621601015164636,-4.67259535033014,-4.616929757989405,-4.703948377477405,-4.551141919144128,-4.631798187067502,-4.599004001438136,-4.606529548386743,-4.481622171475978,-4.5475521868551105,-4.75046567014546,-5.552841968657781,-5.552841968657781,-5.552841968657781,-5.552841968657781,-5.552841968657781,-5.552841968657781,-5.552841968657781,-5.552841968657781,-5.552841968657781,-5.552841968657781,-5.552841968657781,-5.552841968657781,-5.552841968657781,-5.552841968657781,-5.552841968657781,-5.552841968657781,-5.552841968657781,-5.552841968657781,-5.552841968657781,-5.552841968657781
-4.596589354785078,-4.552669891191158,-4.545431483228223,-4.511524603412396,-4.218311078730116,-4.263114821884542,-4.646861321020293,-4.55111203081332,-4.714547040477824,-4.675368703101227,-4.743417397890197,-4.679866055545927,-4.746899546025917,-4.631624008136219,-4.621965567485585,-4.59625757640778,-4.6127553395375855,-4.57471537607424,-4.559427658997204,-4.734820188964069,-5.568636235841013,-5.568636235841013,-5.568636235841013,-5.568636235841013,-5.568636235841013,-5.568636235841013,-5.568636235841013,-5.568636235841013,-5.568636235841013,-5.568636235841013,-5.568636235841013,-5.568636235841013,-5.568636235841013,-5.568636235841013,-5.568636235841013,-5.568636235841013,-5.568636235841013,-5.568636235841013,-5.568636235841013,-5.568636235841013
-4.561636740182162,-4.129139445602339,-4.408688732864117,-4.826181990146355,-4.494220831604719,-4.580355243858157,-4.509295340385018,-4.586916176443779,-4.321387039369056,-4.36202967600849,-4.354554456925227,-4.2518020932885054,-4.366263527595403,-4.692756874224675,-4.443136032151378,-4.590674929865662,-4.5545905685316495,-4.423690209726654,-4.585436923973325,-4.776090412921071,-5.337242168318426,-5.337242168318426,-5.337242168318426,-5.337242168318426,-5.337242168318426,-5.337242168318426,-5.337242168318426,-5.337242168318426,-5.337242168318426,-5.337242168318426,-5.337242168318426,-5.337242168318426,-5.337242168318426,-5.337242168318426,-5.337242168318426,-5.337242168318426,-5.337242168318426,-5.337242168318426,-5.337242168318426,-5.337242168318426
-4.399096197509241,-4.50887469241175,-4.5982091406994385,-4.578775760645681,-4.43012086903789,-4.413646579959963,-4.69511437983196,-4.478773883976503,-4.533497539246721,-4.548133469551371,-4.597184557953826,-4.597354957511193,-4.473135870503856,-4.737516780603207,-4.513787422562738,-4.542945437146375,-4.501168968643499,-4.640834785631444,-4.538291628516883,-4.703422928387016,-5.552841968657781,-5.552841968657781,-5.552841968657781,-5.552841968657781,-5.552841968657781,-5.552841968657781,-5.552841968657781,-5.552841968657781,-5.552841968657781,-5.552841968657781,-5.552841968657781,-5.552841968657781,-5.552841968657781,-5.552841968657781,-5.552841968657781,-5.552841968657781,-5.552841968657781,-5.552841968657781,-5.552841968657781,-5.552841968657781
-4.438110029213921,-4.758753551156484,-4.851244201331805,-4.620607368787076,-4.867868159810243,-4.735715721217829,-4.88865494786555,-4.57461786933665,-4.753002351673739,-4.748441300264045,-4.772983724963395,-4.8752358109557346,-4.535578394876321,-4.765049991110953,-4.671125241425615,-4.712167990023807,-4.576276602200518,-4.915065180583722,-4.5945331453970635,-4.701730468217011,-4.1487416512809245,-4.1487416512809245,-4.1487416512809245,-4.1487416512809245,-4.1487416512809245,-4.1487416512809245,-4.1487416512809245,-4.1487416512809245,-4.1487416512809245,-4.1487416512809245,-4.1487416512809245,-4.1487416512809245,-4.1487416512809245,-4.1487416512809245,-4.1487416512809245,-4.1487416512809245,-4.1487416512809245,-4.1487416512809245,-4.1487416512809245,-4.1487416512809245
-5.212985045195389,-4.640415852534384,-4.9158476986754,-5.035650880205576,-5.055646054755172,-5.104300554105952,-4.871897084216605,-5.014455550901035,-4.897797041678338,-4.858068530138699,-4.901671203151541,-4.87143434887128,-5.007740699373871,-4.972299216998913,-4.646205256150981,-4.838916826015801,-4.953544474600332,-4.916593301781272,-4.776694912488403,-4.7878906147971625,-5.167491087293763,-5.167491087293763,-5.167491087293763,-5.167491087293763,-5.167491087293763,-5.167491087293763,-5.167491087293763,-5.167491087293763,-5.167491087293763,-5.167491087293763,-5.167491087293763,-5.167491087293763,-5.167491087293763,-5.167491087293763,-5.167491087293763,-5.167491087293763,-5.167491087293763,-5.167491087293763,-5.167491087293763,-5.167491087293763
-4.749503267262027,-4.736388134834695,-4.820825416583705,-4.692452824023505,-4.658251655783278,-4.729965601192909,-4.732511045168966,-4.664346780943523,-4.934267917657393,-4.768949730463738,-4.806912233368629,-4.81146209494217,-4.759187938132079,-4.720106835379839,-4.7473835229268015,-4.803061147158788,-4.803202681627273,-4.7494864077653265,-4.71116660020238,-4.7940391004874625,-5.376750709602099,-5.376750709602099,-5.376750709602099,-5.376750709602099,-5.376750709602099,-5.376750709602099,-5.376750709602099,-5.376750709602099,-5.376750709602099,-5.376750709602099,-5.376750709602099,-5.376750709602099,-5.376750709602099,-5.376750709602099,-5.376750709602099,-5.376750709602099,-5.376750709602099,-5.376750709602099,-5.376750709602099,-5.376750709602099
-4.506393808909259,-4.577559065542126,-4.543820140742242,-4.503125455254233,-4.25566859086473,-4.3171565715889955,-4.606730134797297,-4.502854242410177,-4.690626784176805,-4.607272311111771,-4.661034683297832,-4.646818307601988,-4.624622462945562,-4.583649511213193,-4.655256853083699,-4.611600952246396,-4.579176720793415,-4.544471782879398,-4.555161056739234,-4.730994346126682,-5.2076083105017466,-5.2076083105017466,-5.2076083105017466,-5.2076083105017466,-5.2076083105017466,-5.2076083105017466,-5.2076083105017466,-5.2076083105017466,-5.2076083105017466,-5.2076083105017466,-5.2076083105017466,-5.2076083105017466,-5.2076083105017466,-5.2076083105017466,-5.2076083105017466,-5.2076083105017466,-5.2076083105017466,-5.2076083105017466,-5.2076083105017466,-5.2076083105017466
-4.507995646053449,-4.224373140158049,-4.350874767194508,-4.747844234845807,-4.383885491400804,-4.4671152388954525,-4.450725001502736,-4.514869683854963,-4.313075617070774,-4.365271373495208,-4.355928452002743,-4.235092606208933,-4.382677692922023,-4.623354304587052,-4.433050478483131,-4.559273031534562,-4.536596111263172,-4.343264995487517,-4.556273598401531,-4.788860707991114,-5.292429823902063,-5.292429823902063,-5.292429823902063,-5.292429823902063,-5.292429823902063,-5.292429823902063,-5.292429823902063,-5.292429823902063,-5.292429823902063,-5.292429823902063,-5.292429823902063,-5.292429823902063,-5.292429823902063,-5.292429823902063,-5.292429823902063,-5.292429823902063,-5.292429823902063,-5.292429823902063,-5.292429823902063,-5.292429823902063
-4.834420516362587,-4.336669445854891,-4.719356787926534,-5.174212566960377,-4.9552513946145345,-5.046268192699914,-4.630843251862357,-4.920231588761948,-4.269170528329038,-4.4731240574455065,-4.457535341277281,-4.443850120867757,-4.411863163377808,-4.950943066497724,-4.485267980608827,-4.664969172520644,-4.6175604281578275,-4.630514496678282,-4.719663362371775,-4.838300715401534,-5.443697499232713,-5.443697499232713,-5.443697499232713,-5.443697499232713,-5.443697499232713,-5.443697499232713,-5.443697499232713,-5.443697499232713,-5.443697499232713,-5.443697499232713,-5.443697499232713,-5.443697499232713,-5.443697499232713,-5.443697499232713,-5.443697499232713,-5.443697499232713,-5.443697499232713,-5.443697499232713,-5.443697499232713,-5.443697499232713
-4.497695269151973,-4.498456996009902,-4.415028797586649,-4.544868834657619,-4.120415700792733,-4.220861258095573,-4.508569414777919,-4.457624027327561,-4.462528283397605,-4.474517715386294,-4.494239697704146,-4.48847034559431,-4.546152963444186,-4.59224957249191,-4.562470360992333,-4.563787133588291,-4.543156632960455,-4.388517037656681,-4.5523977848471215,-4.773783766947159,-5.3979400086720375,-5.3979400086720375,-5.3979400086720375,-5.3979400086720375,-5.3979400086720375,-5.3979400086720375,-5.3979400086720375,-5.3979400086720375,-5.3979400086720375,-5.3979400086720375,-5.3979400086720375,-5.3979400086720375,-5.3979400086720375,-5.3979400086720375,-5.3979400086720375,-5.3979400086720375,-5.3979400086720375,-5.3979400086720375,-5.3979400086720375,-5.3979400086720375
-5.1329769640736576,-4.6168343543494315,-4.848194847565706,-4.957665676540504,-5.032015402502756,-5.043466411198931,-4.918464692949515,-4.910662923277666,-4.905149416083632,-4.818009282587363,-4.834112293838831,-4.844199614741025,-4.956071428881255,-4.921758471904606,-4.655506983085907,-4.865956606918682,-4.960049560750539,-4.94690000485765,-4.7244711701440325,-4.759776363718555,-4.853871964321762,-4.853871964321762,-4.853871964321762,-4.853871964321762,-4.853871964321762,-4.853871964321762,-4.853871964321762,-4.853871964321762,-4.853871964321762,-4.853871964321762,-4.853871964321762,-4.853871964321762,-4.853871964321762,-4.853871964321762,-4.853871964321762,-4.853871964321762,-4.853871964321762,-4.853871964321762,-4.853871964321762,-4.853871964321762
-4.500453754133836,-4.251411170247872,-4.337696932584059,-4.746925741832231,-4.41221729030669,-4.473945483664891,-4.433270623056818,-4.526614834285916,-4.331883529781952,-4.3628720040816376,-4.351889921365073,-4.244654826641807,-4.3748549981434,-4.5911576609975375,-4.459228150937554,-4.549596093036062,-4.503645816664157,-4.325073066342657,-4.536389266494143,-4.782587275781611,-5.013228265733755,-5.013228265733755,-5.013228265733755,-5.013228265733755,-5.013228265733755,-5.013228265733755,-5.013228265733755,-5.013228265733755,-5.013228265733755,-5.013228265733755,-5.013228265733755,-5.013228265733755,-5.013228265733755,-5.013228265733755,-5.013228265733755,-5.013228265733755,-5.013228265733755,-5.013228265733755,-5.013228265733755,-5.013228265733755
-4.832972146503193,-4.182041266905181,-4.611383627773106,-5.140409231074791,-4.82761739624816,-4.945040599567451,-4.594579688742819,-4.859362905884789,-4.249776087713177,-4.413656707564396,-4.398943021951335,-4.326481342935172,-4.416695704453197,-4.920087432953823,-4.451473581051207,-4.6468655427455134,-4.646927377455553,-4.567026373941981,-4.705757952229649,-4.830116283411552,-5.443697499232713,-5.443697499232713,-5.443697499232713,-5.443697499232713,-5.443697499232713,-5.443697499232713,-5.443697499232713,-5.443697499232713,-5.443697499232713,-5.443697499232713,-5.443697499232713,-5.443697499232713,-5.443697499232713,-5.443697499232713,-5.443697499232713,-5.443697499232713,-5.443697499232713,-5.443697499232713,-5.443697499232713,-5.443697499232713
-4.8346865636973995,-4.385128689232061,-4.734963567425583,-5.152452217280457,-4.943667836771932,-5.021648061520714,-4.650698603375946,-4.925449417649705,-4.302548919857028,-4.510023847069369,-4.503504638651992,-4.492831309124011,-4.4430014569106,-4.955422373300508,-4.479179570806567,-4.662695291277634,-4.612730354795851,-4.654423718784968,-4.7057156656481975,-4.827143430601636,-5.376750709602099,-5.376750709602099,-5.376750709602099,-5.376750709602099,-5.376750709602099,-5.376750709602099,-5.376750709602099,-5.376750709602099,-5.376750709602099,-5.376750709602099,-5.376750709602099,-5.376750709602099,-5.376750709602099,-5.376750709602099,-5.376750709602099,-5.376750709602099,-5.376750709602099,-5.376750709602099,-5.376750709602099,-5.376750709602099
-4.790661191225845,-4.43851450931772,-4.71134254186683,-5.035461703701423,-4.7455145945640265,-4.8430628027326454,-4.637582209890234,-4.85299899277352,-4.336010231164072,-4.518386042774348,-4.525952373353371,-4.536613673583137,-4.4834734515746755,-4.924823380379702,-4.48316872457536,-4.6290623565384035,-4.591850116005904,-4.617002947602413,-4.679977637041275,-4.8191944812223575,-5.431798275933005,-5.431798275933005,-5.431798275933005,-5.431798275933005,-5.431798275933005,-5.431798275933005,-5.431798275933005,-5.431798275933005,-5.431798275933005,-5.431798275933005,-5.431798275933005,-5.431798275933005,-5.431798275933005,-5.431798275933005,-5.431798275933005,-5.431798275933005,-5.431798275933005,-5.431798275933005,-5.431798275933005,-5.431798275933005
-5.775616624946915,-5.34037006871785,-5.158157308690716,-5.767188381069326,-5.781184173352893,-5.620893439845268,-5.161181231175367,-5.828468546509786,-5.400072907349319,-5.028975816301924,-4.9689329950546846,-5.104932486880579,-5.218222387591113,-5.527298051782925,-5.14808830134103,-5.184504592920389,-5.02873416897159,-5.182741969323744,-5.3024311361309895,-5.254282929149694,-5.180456064458132,-5.180456064458132,-5.180456064458132,-5.180456064458132,-5.180456064458132,-5.180456064458132,-5.180456064458132,-5.180456064458132,-5.180456064458132,-5.180456064458132,-5.180456064458132,-5.180456064458132,-5.180456064458132,-5.180456064458132,-5.180456064458132,-5.180456064458132,-5.180456064458132,-5.180456064458132,-5.180456064458132,-5.180456064458132
-6.032031632065907,-5.991521381325604,-5.977790827502155,-6.027428483021514,-5.961428028805452,-5.938569840492192,-5.980985803103312,-5.9957443719475805,-5.961860559536121,-6.0402286622486505,-5.9944503327368075,-5.975680842650545,-5.996118123829346,-6.005126715818322,-5.999011656055543,-6.073453349793121,-5.9785790933134315,-6.017676814521846,-5.9776300346646885,-6.026893641386007,-5.275724130399211,-5.275724130399211,-5.275724130399211,-5.275724130399211,-5.275724130399211,-5.275724130399211,-5.275724130399211,-5.275724130399211,-5.275724130399211,-5.275724130399211,-5.275724130399211,-5.275724130399211,-5.275724130399211,-5.275724130399211,-5.275724130399211,-5.275724130399211,-5.275724130399211,-5.275724130399211,-5.275724130399211,-5.275724130399211
-5.60567093579769,-6.059346143744247,-5.954801488508451,-6.0514788314139984,-5.9749888640901405,-5.928418278589236,-5.976965452671152,-5.898145441080652,-6.0239247268785014,-6.018880982731883,-6.023318183859573,-6.0086798261685,-5.8985497199525305,-5.924833537503334,-5.990469153347811,-6.034232577718073,-5.996130139570614,-5.971412114367878,-5.948526465329578,-6.004542074469615,-5.3872161432802645,-5.3872161432802645,-5.3872161432802645,-5.3872161432802645,-5.3872161432802645,-5.3872161432802645,-5.3872161432802645,-5.3872161432802645,-5.3872161432802645,-5.3872161432802645,-5.3872161432802645,-5.3872161432802645,-5.3872161432802645,-5.3872161432802645,-5.3872161432802645,-5.3872161432802645,-5.3872161432802645,-5.3872161432802645,-5.3872161432802645,-5.3872161432802645
-5.830177168304995,-6.255185669719165,-6.156982070459015,-6.249074924159695,-6.1885890957507925,-6.044848351338734,-6.185903209754925,-6.1060047899187415,-6.210394614119871,-6.173686812340351,-6.200300361156406,-6.2004247106708235,-6.041997089871734,-6.101107825069454,-6.140363237308273,-6.1884000100504775,-6.163647978449549,-6.131081958091347,-6.094609470455664,-6.179967387189526,-5.657577319177793,-5.657577319177793,-5.657577319177793,-5.657577319177793,-5.657577319177793,-5.657577319177793,-5.657577319177793,-5.657577319177793,-5.657577319177793,-5.657577319177793,-5.657577319177793,-5.657577319177793,-5.657577319177793,-5.657577319177793,-5.657577319177793,-5.657577319177793,-5.657577319177793,-5.657577319177793,-5.657577319177793,-5.657577319177793
-5.933680447379343,-6.022945751529411,-5.905457716678521,-5.961135259879475,-5.914607259037308,-6.027069271134392,-5.9346358642720105,-5.905706261309389,-5.939274821966784,-5.851259640044918,-5.911716906902726,-5.9095944997867615,-5.834606791547555,-5.852044697557143,-5.899649133212986,-5.90994675496027,-5.921972544849082,-5.8954191766241335,-5.829842084638166,-5.868663289983037,-5.455931955649724,-5.455931955649724,-5.455931955649724,-5.455931955649724,-5.455931955649724,-5.455931955649724,-5.455931955649724,-5.455931955649724,-5.455931955649724,-5.455931955649724,-5.455931955649724,-5.455931955649724,-5.455931955649724,-5.455931955649724,-5.455931955649724,-5.455931955649724,-5.455931955649724,-5.455931955649724,-5.455931955649724,-5.455931955649724
-5.315649742922983,-5.593244140096452,-5.643726475198932,-5.591261067058639,-5.730137721762654,-5.477620761216043,-5.718343669601341,-5.545840592963225,-5.5837836278875095,-5.660879661918361,-5.688734491788526,-5.588973986075389,-5.598692777569546,-5.6936662819218276,-5.7554433561183584,-5.683498235963878,-5.800495092737111,-5.689280439972093,-5.761227898093167,-5.681126785813719,-5.161150909262744,-5.161150909262744,-5.161150909262744,-5.161150909262744,-5.161150909262744,-5.161150909262744,-5.161150909262744,-5.161150909262744,-5.161150909262744,-5.161150909262744,-5.161150909262744,-5.161150909262744,-5.161150909262744,-5.161150909262744,-5.161150909262744,-5.161150909262744,-5.161150909262744,-5.161150909262744,-5.161150909262744,-5.161150909262744
-6.134214045060444,-6.10725580126979,-6.106957536052587,-6.1352247131356705,-6.103723989465355,-6.059094841403779,-6.145721730366259,-6.116348129961123,-6.062768759463173,-6.158341705283883,-6.126149537198129,-6.087970537640969,-6.150255009044383,-6.154218396073611,-6.135759294682666,-6.2036994075902845,-6.144847658198596,-6.138802770638416,-6.1704898283149126,-6.159645262462904,-5.769551078621726,-5.769551078621726,-5.769551078621726,-5.769551078621726,-5.769551078621726,-5.769551078621726,-5.769551078621726,-5.769551078621726,-5.769551078621726,-5.769551078621726,-5.769551078621726,-5.769551078621726,-5.769551078621726,-5.769551078621726,-5.769551078621726,-5.769551078621726,-5.769551078621726,-5.769551078621726,-5.769551078621726,-5.769551078621726
-5.676482498337183,-5.722839939373248,-5.713173770600738,-5.136375468195748,-5.204863910292143,-5.634298605667776,-5.324097445107771,-5.604345141881835,-5.60162280858851,-5.3717683479866,-5.331634903568579,-5.428450386409784,-5.309070150047641,-5.6626717539462055,-5.595374360343394,-5.340713370479851,-5.424264590425643,-5.533276507793065,-5.509786896310221,-5.374337713487652,-5.508638306165727,-5.508638306165727,-5.508638306165727,-5.508638306165727,-5.508638306165727,-5.508638306165727,-5.508638306165727,-5.508638306165727,-5.508638306165727,-5.508638306165727,-5.508638306165727,-5.508638306165727,-5.508638306165727,-5.508638306165727,-5.508638306165727,-5.508638306165727,-5.508638306165727,-5.508638306165727,-5.508638306165727,-5.508638306165727
-4.839510411374194,-4.810765880863407,-4.605587819368196,-4.766112942469111,-4.697121231346599,-4.5462068011288945,-4.881005758549659,-4.822593241152834,-4.817245389248157,-4.9031559415148065,-4.857879150979893,-4.533670847287252,-4.866494157110428,-4.545787252609,-4.411293949751642,-4.953167575983834,-4.816208644036784,-4.782510982666898,-4.788744284717961,-4.902076437497122,-4.698970004336019,-4.698970004336019,-4.698970004336019,-4.698970004336019,-4.698970004336019,-4.698970004336019,-4.698970004336019,-4.698970004336019,-4.698970004336019,-4.698970004336019,-4.698970004336019,-4.698970004336019,-4.698970004336019,-4.698970004336019,-4.698970004336019,-4.698970004336019,-4.698970004336019,-4.698970004336019,-4.698970004336019,-4.698970004336019
-5.2362638386013165,-5.293896385551574,-5.300179695225942,-5.374116711655899,-5.338162675103968,-5.259799146483478,-5.086956713397583,-5.275767466229723,-5.070616381707845,-5.214090015081063,-5.043400726653922,-4.828226198748895,-5.047627095537523,-4.722328772664909,-5.292608690049621,-5.313446527665797,-5.152257568637483,-5.116500388246648,-5.098135832419588,-5.062445838881538,-5.920818753952375,-5.920818753952375,-5.920818753952375,-5.920818753952375,-5.920818753952375,-5.920818753952375,-5.920818753952375,-5.920818753952375,-5.920818753952375,-5.920818753952375,-5.920818753952375,-5.920818753952375,-5.920818753952375,-5.920818753952375,-5.920818753952375,-5.920818753952375,-5.920818753952375,-5.920818753952375,-5.920818753952375,-5.920818753952375
-5.174363743041914,-5.229975057238329,-5.174961313669027,-5.274140002343392,-5.32935967563412,-5.127742676617862,-5.009075311417413,-5.204517669345668,-5.0231573978056305,-5.215555264409239,-5.054853281480315,-4.789840793091458,-5.05469902435556,-4.671440107594162,-5.136299676981107,-5.281456032091455,-5.09327679596581,-5.017472704006938,-5.0634806159704855,-5.082124424301042,-5.119186407719209,-5.119186407719209,-5.119186407719209,-5.119186407719209,-5.119186407719209,-5.119186407719209,-5.119186407719209,-5.119186407719209,-5.119186407719209,-5.119186407719209,-5.119186407719209,-5.119186407719209,-5.119186407719209,-5.119186407719209,-5.119186407719209,-5.119186407719209,-5.119186407719209,-5.119186407719209,-5.119186407719209,-5.119186407719209
-5.33134575087502,-5.397560524440999,-5.368766179707651,-5.596048324593472,-5.281684310381411,-5.329529550451779,-5.004776748542965,-5.482808189141563,-5.129985380705968,-5.205555690059217,-5.023261432450128,-4.881524759602275,-5.116316037874051,-4.75453526611234,-5.347211288605685,-5.325866465421724,-5.1865830793257475,-5.061738410958054,-5.177382838267846,-5.139909554043116,-5.638272163982407,-5.638272163982407,-5.638272163982407,-5.638272163982407,-5.638272163982407,-5.638272163982407,-5.638272163982407,-5.638272163982407,-5.638272163982407,-5.638272163982407,-5.638272163982407,-5.638272163982407,-5.638272163982407,-5.638272163982407,-5.638272163982407,-5.638272163982407,-5.638272163982407,-5.638272163982407,-5.638272163982407,-5.638272163982407
-4.973353970951953,-4.857317761397799,-4.862764671787152,-4.842375321796189,-4.703627554403598,-4.841005413355973,-5.0002362917867105,-4.871536374511026,-4.913425786247944,-4.928722342063165,-4.88895606598872,-4.947208767613209,-4.9844544558614405,-4.9163418568329345,-4.812794034077085,-4.9707139079413265,-4.893722929660913,-4.957315333179816,-4.980394135014227,-4.994791604134193,-4.537602002101044,-4.537602002101044,-4.537602002101044,-4.537602002101044,-4.537602002101044,-4.537602002101044,-4.537602002101044,-4.537602002101044,-4.537602002101044,-4.537602002101044,-4.537602002101044,-4.537602002101044,-4.537602002101044,-4.537602002101044,-4.537602002101044,-4.537602002101044,-4.537602002101044,-4.537602002101044,-4.537602002101044,-4.537602002101044
-5.020551083979927,-5.077786876072521,-4.943610644352357,-5.204903398994896,-5.006988196672182,-4.921212689659146,-4.95377111812807,-5.067030374418771,-4.923837944157743,-5.056167541825572,-4.951043904359758,-4.590881138212054,-4.949316164766922,-4.554658649580404,-4.850657582956407,-5.127853210879953,-4.978490297503116,-4.920006551344094,-4.906684955426574,-4.938552317208622,-4.638272163982407,-4.638272163982407,-4.638272163982407,-4.638272163982407,-4.638272163982407,-4.638272163982407,-4.638272163982407,-4.638272163982407,-4.638272163982407,-4.638272163982407,-4.638272163982407,-4.638272163982407,-4.638272163982407,-4.638272163982407,-4.638272163982407,-4.638272163982407,-4.638272163982407,-4.638272163982407,-4.638272163982407,-4.638272163982407
-4.698796953513664,-4.662138901743373,-4.548861052277319,-4.692085213266814,-4.551471313759322,-4.479941110692481,-4.963222811992988,-4.707470457731627,-4.669494110461796,-4.885537434052002,-4.840301581460133,-4.79164530355876,-4.894541123116526,-4.752342507980658,-4.421771483234809,-4.9349448867422945,-4.841763984906815,-4.845385383804648,-4.8573390303072435,-4.9571073730885145,-5.42021640338319,-5.42021640338319,-5.42021640338319,-5.42021640338319,-5.42021640338319,-5.42021640338319,-5.42021640338319,-5.42021640338319,-5.42021640338319,-5.42021640338319,-5.42021640338319,-5.42021640338319,-5.42021640338319,-5.42021640338319,-5.42021640338319,-5.42021640338319,-5.42021640338319,-5.42021640338319,-5.42021640338319,-5.42021640338319
-4.982387252097247,-5.01818433870698,-4.823257301939216,-4.965462466511284,-5.037602803779427,-4.807796565358773,-5.022567858854349,-4.95034007358134,-4.930258693648808,-5.10644302681543,-5.032005528798605,-4.570128797913232,-4.935747347958621,-4.6105108759725715,-4.682117512140948,-5.121921838595882,-4.987530629057445,-4.984721226097692,-4.880118238290906,-4.936764730024224,-5.356547323513812,-5.356547323513812,-5.356547323513812,-5.356547323513812,-5.356547323513812,-5.356547323513812,-5.356547323513812,-5.356547323513812,-5.356547323513812,-5.356547323513812,-5.356547323513812,-5.356547323513812,-5.356547323513812,-5.356547323513812,-5.356547323513812,-5.356547323513812,-5.356547323513812,-5.356547323513812,-5.356547323513812,-5.356547323513812
-5.958813244705965,-5.8634744495660955,-5.870266519918602,-4.769937084864303,-4.801063008580608,-5.830485125028757,-4.786183875749264,-5.41964563459827,-5.597405441057852,-4.838568280143183,-4.859376768332568,-5.125853676823173,-5.152485294755991,-5.167003757347538,-5.925450329063732,-4.873558473816081,-4.806732596829596,-4.937350135349534,-5.123354725426462,-4.99996282782884,-4.585026652029182,-4.585026652029182,-4.585026652029182,-4.585026652029182,-4.585026652029182,-4.585026652029182,-4.585026652029182,-4.585026652029182,-4.585026652029182,-4.585026652029182,-4.585026652029182,-4.585026652029182,-4.585026652029182,-4.585026652029182,-4.585026652029182,-4.585026652029182,-4.585026652029182,-4.585026652029182,-4.585026652029182,-4.585026652029182
-5.347727325117189,-5.385478725879177,-5.350392616142479,-5.485734497446138,-5.2720912657852175,-5.345665850130154,-5.033764673132508,-5.413306999406991,-5.168746540603134,-5.197638255006033,-5.0310382895180785,-4.77500800350035,-5.065843723751335,-4.690218222921034,-5.3215077480059305,-5.316296068166314,-5.157648413042628,-5.090850512964752,-5.113006410215927,-5.063641930232238,-5.443697499232713,-5.443697499232713,-5.443697499232713,-5.443697499232713,-5.443697499232713,-5.443697499232713,-5.443697499232713,-5.443697499232713,-5.443697499232713,-5.443697499232713,-5.443697499232713,-5.443697499232713,-5.443697499232713,-5.443697499232713,-5.443697499232713,-5.443697499232713,-5.443697499232713,-5.443697499232713,-5.443697499232713,-5.443697499232713
-5.434760213384338,-5.4836833117091395,-5.503834051337301,-5.488398521889681,-5.595089513325213,-5.471645737089343,-5.465679306575715,-5.481667030016533,-5.570652095057494,-5.5432157020326445,-5.5540204607976875,-5.52988294909111,-5.538651547135387,-5.528932296239911,-5.42778030575556,-5.4382185789352615,-5.528137326968038,-5.435880526238469,-5.446166104219259,-5.4743432005279855,-5.431798275933005,-5.431798275933005,-5.431798275933005,-5.431798275933005,-5.431798275933005,-5.431798275933005,-5.431798275933005,-5.431798275933005,-5.431798275933005,-5.431798275933005,-5.431798275933005,-5.431798275933005,-5.431798275933005,-5.431798275933005,-5.431798275933005,-5.431798275933005,-5.431798275933005,-5.431798275933005,-5.431798275933005,-5.431798275933005
-5.4679543988793124,-5.509632700210327,-5.534517549302649,-5.519645915053365,-5.628713572827575,-5.516084644299158,-5.514785966957088,-5.499095051305385,-5.605952392346095,-5.587777645817865,-5.603695787889977,-5.57309440307359,-5.617615584545062,-5.563860593639455,-5.471682527144597,-5.48424014706149,-5.578810934054411,-5.456919884668147,-5.531192262858847,-5.520240418718375,-5.958607314841775,-5.958607314841775,-5.958607314841775,-5.958607314841775,-5.958607314841775,-5.958607314841775,-5.958607314841775,-5.958607314841775,-5.958607314841775,-5.958607314841775,-5.958607314841775,-5.958607314841775,-5.958607314841775,-5.958607314841775,-5.958607314841775,-5.958607314841775,-5.958607314841775,-5.958607314841775,-5.958607314841775,-5.958607314841775
-5.13580414604461,-5.0691849027653895,-5.111288581601181,-5.236415547550511,-4.804877854114966,-4.988181295218238,-5.253968487668906,-5.446539582480692,-5.158896325434149,-5.152817635145452,-5.098185996281142,-5.169741659937105,-5.224078592838299,-5.176930381194439,-5.2233336899354565,-5.161787350152255,-5.267021356970226,-5.1885347140628415,-5.378622556079653,-5.139585431296539,-5.6777807052660805,-5.6777807052660805,-5.6777807052660805,-5.6777807052660805,-5.6777807052660805,-5.6777807052660805,-5.6777807052660805,-5.6777807052660805,-5.6777807052660805,-5.6777807052660805,-5.6777807052660805,-5.6777807052660805,-5.6777807052660805,-5.6777807052660805,-5.6777807052660805,-5.6777807052660805,-5.6777807052660805,-5.6777807052660805,-5.6777807052660805,-5.6777807052660805
-4.635767928399905,-5.168972711807219,-4.938744146642246,-4.933420521023007,-4.395205893430234,-5.086917012342165,-5.030458990936235,-4.719859666623122,-5.040211026024015,-4.952507242790439,-4.928668874427732,-5.043085387254652,-4.944143175643408,-4.796807903937486,-5.058215587391206,-4.911346705201202,-4.906974716366446,-4.9192940530505975,-5.022900906423402,-4.957317533871064,-5.4089353929735005,-5.4089353929735005,-5.4089353929735005,-5.4089353929735005,-5.4089353929735005,-5.4089353929735005,-5.4089353929735005,-5.4089353929735005,-5.4089353929735005,-5.4089353929735005,-5.4089353929735005,-5.4089353929735005,-5.4089353929735005,-5.4089353929735005,-5.4089353929735005,-5.4089353929735005,-5.4089353929735005,-5.4089353929735005,-5.4089353929735005,-5.4089353929735005
-4.943014333566676,-4.51843226590019,-4.830607551702914,-4.7545495100553445,-5.804604174724635,-4.8899147135542895,-4.71799692874207,-4.970332808445088,-4.670431280830432,-4.874952700691542,-4.87281541237552,-4.859932376248033,-5.123813652298373,-5.006514192273552,-5.187989096499425,-4.905588514322966,-4.82056678223423,-4.801441354073669,-5.082451930630296,-4.992637136427634,-5.431798275933005,-5.431798275933005,-5.431798275933005,-5.431798275933005,-5.431798275933005,-5.431798275933005,-5.431798275933005,-5.431798275933005,-5.431798275933005,-5.431798275933005,-5.431798275933005,-5.431798275933005,-5.431798275933005,-5.431798275933005,-5.431798275933005,-5.431798275933005,-5.431798275933005,-5.431798275933005,-5.431798275933005,-5.431798275933005
-4.648514228328593,-5.324239245252788,-5.290921969039688,-4.927162991044764,-4.992533598163767,-5.458963271373059,-5.294166274638861,-4.675340296556336,-5.008382701504631,-5.150063029401786,-5.069242773727034,-5.299042942268191,-5.1005454757982065,-5.2460745633629235,-5.2722430901556825,-5.18283231444803,-5.179651052514956,-5.251159904615718,-5.439112456140661,-5.146704676051307,-5.958607314841775,-5.958607314841775,-5.958607314841775,-5.958607314841775,-5.958607314841775,-5.958607314841775,-5.958607314841775,-5.958607314841775,-5.958607314841775,-5.958607314841775,-5.958607314841775,-5.958607314841775,-5.958607314841775,-5.958607314841775,-5.958607314841775,-5.958607314841775,-5.958607314841775,-5.958607314841775,-5.958607314841775,-5.958607314841775
-4.5946771588794215,-5.326048286739332,-5.460389292813157,-4.813670784552508,-5.014398020740283,-5.338349688216551,-5.407556793554165,-4.687415587246049,-5.0333615366500295,-5.202954411065717,-5.138548330653845,-5.406626992523059,-5.181562494895202,-5.460261376657801,-5.255642881350994,-5.2261566429363615,-5.292359252225197,-5.386617582439331,-5.546387036053149,-5.17302376703735,-5.619788758288394,-5.619788758288394,-5.619788758288394,-5.619788758288394,-5.619788758288394,-5.619788758288394,-5.619788758288394,-5.619788758288394,-5.619788758288394,-5.619788758288394,-5.619788758288394,-5.619788758288394,-5.619788758288394,-5.619788758288394,-5.619788758288394,-5.619788758288394,-5.619788758288394,-5.619788758288394,-5.619788758288394,-5.619788758288394
-4.726699914313986,-5.140681823325842,-4.838808686821305,-4.974820942386552,-4.276320402416323,-5.032094740900414,-4.971832777930535,-4.822753726153645,-5.029850054171893,-4.893654413235186,-4.860925504042265,-4.96924731384808,-4.88278303899887,-4.678012880057088,-5.023941155798966,-4.891954059831331,-4.868718557373383,-4.833376967748238,-4.963353204249754,-4.9310010270476825,-5.823908740944319,-5.823908740944319,-5.823908740944319,-5.823908740944319,-5.823908740944319,-5.823908740944319,-5.823908740944319,-5.823908740944319,-5.823908740944319,-5.823908740944319,-5.823908740944319,-5.823908740944319,-5.823908740944319,-5.823908740944319,-5.823908740944319,-5.823908740944319,-5.823908740944319,-5.823908740944319,-5.823908740944319,-5.823908740944319
-5.178620856901027,-5.015393183405897,-4.978197254210505,-5.377693585069921,-4.896066187045476,-4.878235021348835,-5.204615209389877,-5.540618950157853,-5.150401982902397,-5.1062664075217885,-5.039744802271073,-5.098806332124418,-5.191354235912064,-5.024557075242464,-5.2369561037093835,-5.127954619475334,-5.183313527830561,-5.117083160342938,-5.3073057608632,-5.09330543030096,-5.619788758288394,-5.619788758288394,-5.619788758288394,-5.619788758288394,-5.619788758288394,-5.619788758288394,-5.619788758288394,-5.619788758288394,-5.619788758288394,-5.619788758288394,-5.619788758288394,-5.619788758288394,-5.619788758288394,-5.619788758288394,-5.619788758288394,-5.619788758288394,-5.619788758288394,-5.619788758288394,-5.619788758288394,-5.619788758288394
-5.095164242374405,-5.127268022279953,-5.055746849938278,-5.148687917368092,-4.835386996672421,-5.012791554694914,-5.215344220705722,-5.334793382097714,-5.213510087251089,-5.16409518080746,-5.110586610766013,-5.182188079574936,-5.2067137524441724,-5.065874007677798,-5.229886339844337,-5.149959964709699,-5.205974605730206,-5.141686338969206,-5.330590858157757,-5.111075928279472,-5.508638306165727,-5.508638306165727,-5.508638306165727,-5.508638306165727,-5.508638306165727,-5.508638306165727,-5.508638306165727,-5.508638306165727,-5.508638306165727,-5.508638306165727,-5.508638306165727,-5.508638306165727,-5.508638306165727,-5.508638306165727,-5.508638306165727,-5.508638306165727,-5.508638306165727,-5.508638306165727,-5.508638306165727,-5.508638306165727
-5.905703703059911,-5.788143133648647,-5.859712711738405,-5.735571458350818,-5.86242420102451,-5.832492129751315,-5.933411059858256,-5.918816530671003,-5.7840488672123405,-5.757524329541455,-5.747853351069577,-5.743526513501376,-5.920671567628222,-6.0107416237107545,-6.029067412543082,-5.814563618704318,-5.942737541305161,-5.874965956275548,-6.157898907890862,-5.832598133304844,-5.119186407719209,-5.119186407719209,-5.119186407719209,-5.119186407719209,-5.119186407719209,-5.119186407719209,-5.119186407719209,-5.119186407719209,-5.119186407719209,-5.119186407719209,-5.119186407719209,-5.119186407719209,-5.119186407719209,-5.119186407719209,-5.119186407719209,-5.119186407719209,-5.119186407719209,-5.119186407719209,-5.119186407719209,-5.119186407719209
-5.552016761549188,-5.588881615724527,-5.6256830285066695,-5.575014575387455,-5.618614974050043,-5.494641206886668,-5.5475099467133075,-5.578776436750286,-5.611954223182489,-5.5917414517347295,-5.585605372917921,-5.58691630667512,-5.470471564882942,-5.605435193278346,-5.4726109401806555,-5.508957989380698,-5.484526656186277,-5.600555095973012,-5.418138019948272,-5.499465441582937,-5.721246399047171,-5.721246399047171,-5.721246399047171,-5.721246399047171,-5.721246399047171,-5.721246399047171,-5.721246399047171,-5.721246399047171,-5.721246399047171,-5.721246399047171,-5.721246399047171,-5.721246399047171,-5.721246399047171,-5.721246399047171,-5.721246399047171,-5.721246399047171,-5.721246399047171,-5.721246399047171,-5.721246399047171,-5.721246399047171
-5.593006973803099,-5.431919344723233,-5.729110452777122,-5.528478449699608,-5.717314074300336,-5.66749261028627,-5.755406902534512,-5.55404321204587,-5.531937321259461,-5.679124200660458,-5.700488215476801,-5.601269147842583,-5.813854731373023,-5.6692696104218,-5.693464304746152,-5.71642990288965,-5.811919577193405,-5.618251308730425,-6.104498109039668,-5.679483783994417,-5.886056647693163,-5.886056647693163,-5.886056647693163,-5.886056647693163,-5.886056647693163,-5.886056647693163,-5.886056647693163,-5.886056647693163,-5.886056647693163,-5.886056647693163,-5.886056647693163,-5.886056647693163,-5.886056647693163,-5.886056647693163,-5.886056647693163,-5.886056647693163,-5.886056647693163,-5.886056647693163,-5.886056647693163,-5.886056647693163
-4.823606257879052,-5.706544579559805,-5.820196365182708,-5.693730731890447,-5.889400873395232,-5.581863113103233,-5.80482387547605,-4.9885216527006655,-5.483339417298657,-5.574655488859702,-5.5326893010805325,-5.4695687336646,-5.604586672049153,-6.0113317304800535,-5.93564506345005,-5.207127083965723,-5.993759054961873,-5.9605048474712445,-5.956418169790922,-5.440897910286722,-5.638272163982407,-5.638272163982407,-5.638272163982407,-5.638272163982407,-5.638272163982407,-5.638272163982407,-5.638272163982407,-5.638272163982407,-5.638272163982407,-5.638272163982407,-5.638272163982407,-5.638272163982407,-5.638272163982407,-5.638272163982407,-5.638272163982407,-5.638272163982407,-5.638272163982407,-5.638272163982407,-5.638272163982407,-5.638272163982407
-5.270638067187109,-5.543156375836112,-5.636751033661919,-5.54920150928293,-5.616510325189816,-5.572990924183398,-5.592112041880426,-5.387102013769965,-5.595877142894337,-5.670499678556311,-5.656093890286141,-5.616603658073595,-5.6232960794789575,-5.636084135773964,-5.601119718959385,-5.215673515368876,-5.613939503179011,-5.6242162647789256,-5.653734958903525,-5.218572761901989,-5.958607314841775,-5.958607314841775,-5.958607314841775,-5.958607314841775,-5.958607314841775,-5.958607314841775,-5.958607314841775,-5.958607314841775,-5.958607314841775,-5.958607314841775,-5.958607314841775,-5.958607314841775,-5.958607314841775,-5.958607314841775,-5.958607314841775,-5.958607314841775,-5.958607314841775,-5.958607314841775,-5.958607314841775,-5.958607314841775
-4.845605581525276,-5.78446760162704,-5.805638270391983,-5.8018433785035946,-5.8064328950423745,-5.76783235363854,-5.8569969701675415,-4.90864333542942,-5.741100047443888,-5.931096271891483,-5.887261830784517,-5.801295863274326,-5.929977880084273,-5.910876566628752,-5.916716211966618,-4.985510829955766,-5.891317204360494,-5.895323112767461,-5.9869218228469805,-5.05298508423941,-5.455931955649724,-5.455931955649724,-5.455931955649724,-5.455931955649724,-5.455931955649724,-5.455931955649724,-5.455931955649724,-5.455931955649724,-5.455931955649724,-5.455931955649724,-5.455931955649724,-5.455931955649724,-5.455931955649724,-5.455931955649724,-5.455931955649724,-5.455931955649724,-5.455931955649724,-5.455931955649724,-5.455931955649724,-5.455931955649724
-5.5584602155943905,-5.609072105082202,-5.690239609445255,-5.591324623514612,-5.66018577936958,-5.7028930470737125,-5.692940224516741,-5.570961143602638,-5.690629961742192,-5.730391352825714,-5.745906378237809,-5.7015572966184855,-5.802064977298223,-5.712754038028027,-5.708693756826768,-5.696869552379292,-5.728588218136128,-5.6587988038643235,-5.794169150681789,-5.709382282071947,-5.187086643357144,-5.187086643357144,-5.187086643357144,-5.187086643357144,-5.187086643357144,-5.187086643357144,-5.187086643357144,-5.187086643357144,-5.187086643357144,-5.187086643357144,-5.187086643357144,-5.187086643357144,-5.187086643357144,-5.187086643357144,-5.187086643357144,-5.187086643357144,-5.187086643357144,-5.187086643357144,-5.187086643357144,-5.187086643357144
-5.560320749021085,-5.653251141761829,-5.7681684305024,-5.613904875322047,-5.70491447708516,-5.715737672054977,-5.722698364978643,-5.60036335059632,-5.708624646342653,-5.740330372904855,-5.748675296673667,-5.7165343686234555,-5.739740146255499,-5.797471572186749,-5.760022869205706,-5.71379593671704,-5.749763000751075,-5.7686079058545054,-5.791544815735005,-5.729557958880943,-5.508638306165727,-5.508638306165727,-5.508638306165727,-5.508638306165727,-5.508638306165727,-5.508638306165727,-5.508638306165727,-5.508638306165727,-5.508638306165727,-5.508638306165727,-5.508638306165727,-5.508638306165727,-5.508638306165727,-5.508638306165727,-5.508638306165727,-5.508638306165727,-5.508638306165727,-5.508638306165727,-5.508638306165727,-5.508638306165727
-5.858316987554125,-5.954173239483216,-5.934639394962324,-5.921467276009583,-5.931471105989325,-5.900453153741754,-5.892442157271858,-5.8815667795616715,-5.971876119710588,-5.969080877724615,-5.977006901151554,-5.976986206475787,-5.951377168173832,-5.944109212633879,-5.885358446165302,-5.898874313316211,-5.913276506604968,-5.91883255868092,-5.868698212290123,-5.9088957122918915,-5.6777807052660805,-5.6777807052660805,-5.6777807052660805,-5.6777807052660805,-5.6777807052660805,-5.6777807052660805,-5.6777807052660805,-5.6777807052660805,-5.6777807052660805,-5.6777807052660805,-5.6777807052660805,-5.6777807052660805,-5.6777807052660805,-5.6777807052660805,-5.6777807052660805,-5.6777807052660805,-5.6777807052660805,-5.6777807052660805,-5.6777807052660805,-5.6777807052660805
-5.554340489136117,-5.61254715306894,-5.307995218438318,-5.54522462286506,-5.442597199042724,-5.55762407579343,-5.469669949479153,-5.520591495223444,-5.606570620222055,-5.534392757108801,-5.514820057995834,-5.564818523368544,-5.4503014445022835,-5.4482590125033585,-5.485172728294903,-5.524350977923462,-5.400598574410751,-5.4918076921377175,-5.34241440185173,-5.485529998355711,-4.823908740944319,-4.823908740944319,-4.823908740944319,-4.823908740944319,-4.823908740944319,-4.823908740944319,-4.823908740944319,-4.823908740944319,-4.823908740944319,-4.823908740944319,-4.823908740944319,-4.823908740944319,-4.823908740944319,-4.823908740944319,-4.823908740944319,-4.823908740944319,-4.823908740944319,-4.823908740944319,-4.823908740944319,-4.823908740944319
-5.325506434743737,-5.246884767588382,-5.359314922207408,-5.224568266863688,-5.265683804756695,-5.263121065343723,-5.148881721938589,-5.247308103024337,-5.296764361123502,-5.279647782820524,-5.280955912676812,-5.246847475038006,-5.170043211427832,-5.167994164030772,-5.237881095175792,-5.167371452679349,-5.179955425072982,-5.2275310225474545,-5.169396717291847,-5.195623290434316,-5.537602002101044,-5.537602002101044,-5.537602002101044,-5.537602002101044,-5.537602002101044,-5.537602002101044,-5.537602002101044,-5.537602002101044,-5.537602002101044,-5.537602002101044,-5.537602002101044,-5.537602002101044,-5.537602002101044,-5.537602002101044,-5.537602002101044,-5.537602002101044,-5.537602002101044,-5.537602002101044,-5.537602002101044,-5.537602002101044
-5.846019608387148,-5.728044888003198,-5.296933191481667,-5.7614599894026375,-5.779018060613862,-5.815855479702311,-5.830220613681132,-5.784440623406178,-5.730499437415935,-5.809234027607423,-5.8136706111992416,-5.767098283085536,-5.77378129543572,-5.746441236318751,-5.817513979595671,-5.854415425259461,-5.802936523911054,-5.7694333335340575,-5.987689516795791,-5.819680820580353,-5.657577319177793,-5.657577319177793,-5.657577319177793,-5.657577319177793,-5.657577319177793,-5.657577319177793,-5.657577319177793,-5.657577319177793,-5.657577319177793,-5.657577319177793,-5.657577319177793,-5.657577319177793,-5.657577319177793,-5.657577319177793,-5.657577319177793,-5.657577319177793,-5.657577319177793,-5.657577319177793,-5.657577319177793,-5.657577319177793
-5.642436363149943,-5.610458526998721,-5.4557056137122935,-5.555717923025934,-5.411821412257134,-5.563512800897869,-5.4218781032949375,-5.551755285252669,-5.569633757505326,-5.488708230088036,-5.486176905243138,-5.517517241414879,-5.4070063606822325,-5.337438638375691,-5.474293901137949,-5.501668893886059,-5.336473316379118,-5.446382795479619,-5.329861472715207,-5.469650245516846,-5.356547323513812,-5.356547323513812,-5.356547323513812,-5.356547323513812,-5.356547323513812,-5.356547323513812,-5.356547323513812,-5.356547323513812,-5.356547323513812,-5.356547323513812,-5.356547323513812,-5.356547323513812,-5.356547323513812,-5.356547323513812,-5.356547323513812,-5.356547323513812,-5.356547323513812,-5.356547323513812,-5.356547323513812,-5.356547323513812
-5.603563743531253,-5.6132327029709685,-5.046358184469083,-5.568072393766375,-5.568036239109789,-5.609448504318535,-5.562084943150723,-5.5641717207573835,-5.563687679297515,-5.551385839167588,-5.556449610407048,-5.576978634143237,-5.479573150509302,-5.527272049648465,-5.580993220315482,-5.581077539700622,-5.511562165379016,-5.560891773491432,-5.557550730181126,-5.552821393997535,-5.853871964321762,-5.853871964321762,-5.853871964321762,-5.853871964321762,-5.853871964321762,-5.853871964321762,-5.853871964321762,-5.853871964321762,-5.853871964321762,-5.853871964321762,-5.853871964321762,-5.853871964321762,-5.853871964321762,-5.853871964321762,-5.853871964321762,-5.853871964321762,-5.853871964321762,-5.853871964321762,-5.853871964321762,-5.853871964321762
-5.6149151497705825,-5.5789614843606286,-5.456956721465243,-5.531645866217943,-5.375661292739574,-5.521915322915446,-5.378217131622667,-5.530199384261106,-5.549878233815309,-5.449585643088431,-5.449937613848512,-5.4796017912419615,-5.376830307171493,-5.294273549844798,-5.421580397659208,-5.460755336174335,-5.290558318711246,-5.395956613376644,-5.265703964507203,-5.431294492646269,-5.431798275933005,-5.431798275933005,-5.431798275933005,-5.431798275933005,-5.431798275933005,-5.431798275933005,-5.431798275933005,-5.431798275933005,-5.431798275933005,-5.431798275933005,-5.431798275933005,-5.431798275933005,-5.431798275933005,-5.431798275933005,-5.431798275933005,-5.431798275933005,-5.431798275933005,-5.431798275933005,-5.431798275933005,-5.431798275933005
-5.662003689139111,-5.612937521762626,-5.406907928077265,-5.59317331520996,-5.509834527027218,-5.606329838663405,-5.536156358135377,-5.605890826569027,-5.6105961646399685,-5.550234392933859,-5.556993747931769,-5.564321169624341,-5.521297138053147,-5.458349632340874,-5.541755095991396,-5.577896263073239,-5.469525915688688,-5.506332180478033,-5.508522292403458,-5.5479429950350125,-5.920818753952375,-5.920818753952375,-5.920818753952375,-5.920818753952375,-5.920818753952375,-5.920818753952375,-5.920818753952375,-5.920818753952375,-5.920818753952375,-5.920818753952375,-5.920818753952375,-5.920818753952375,-5.920818753952375,-5.920818753952375,-5.920818753952375,-5.920818753952375,-5.920818753952375,-5.920818753952375,-5.920818753952375,-5.920818753952375
-5.728383021290915,-5.622776522427084,-5.3736302162745275,-5.637792963685888,-5.595465753552907,-5.65927192818655,-5.613490794884837,-5.656414726128126,-5.617630863935935,-5.628134074654349,-5.635032037347499,-5.609043208871894,-5.579027689289465,-5.517702396514815,-5.613320529977774,-5.656826710763753,-5.567323900352387,-5.576229649017384,-5.666903498211337,-5.624225441747287,-5.920818753952375,-5.920818753952375,-5.920818753952375,-5.920818753952375,-5.920818753952375,-5.920818753952375,-5.920818753952375,-5.920818753952375,-5.920818753952375,-5.920818753952375,-5.920818753952375,-5.920818753952375,-5.920818753952375,-5.920818753952375,-5.920818753952375,-5.920818753952375,-5.920818753952375,-5.920818753952375,-5.920818753952375,-5.920818753952375
-5.642941639999247,-5.673613950562788,-5.014365565656941,-5.6726299834276945,-5.6620496715019755,-5.734364954133099,-5.697935294432942,-5.636293882423154,-5.64625913581394,-5.663019419152645,-5.670945315893587,-5.687553049913928,-5.6868038740936635,-5.59163596978175,-5.634545473879146,-5.751622094479907,-5.666343271310416,-5.576518347826668,-5.706617420696788,-5.709222867447595,-5.522878745280337,-5.522878745280337,-5.522878745280337,-5.522878745280337,-5.522878745280337,-5.522878745280337,-5.522878745280337,-5.522878745280337,-5.522878745280337,-5.522878745280337,-5.522878745280337,-5.522878745280337,-5.522878745280337,-5.522878745280337,-5.522878745280337,-5.522878745280337,-5.522878745280337,-5.522878745280337,-5.522878745280337,-5.522878745280337
-5.680943723316364,-5.716220969932557,-5.075230717648531,-5.6662408941059645,-5.615598118768935,-5.696408693840242,-5.661428080448783,-5.641890604171955,-5.674228378461668,-5.662160829049714,-5.659418161873384,-5.691904719087314,-5.599461959322304,-5.627845180012656,-5.6577955048212765,-5.705301803645598,-5.570460371913601,-5.645690627401879,-5.630236726256643,-5.66844312852372,-4.7447274948966935,-4.7447274948966935,-4.7447274948966935,-4.7447274948966935,-4.7447274948966935,-4.7447274948966935,-4.7447274948966935,-4.7447274948966935,-4.7447274948966935,-4.7447274948966935,-4.7447274948966935,-4.7447274948966935,-4.7447274948966935,-4.7447274948966935,-4.7447274948966935,-4.7447274948966935,-4.7447274948966935,-4.7447274948966935,-4.7447274948966935,-4.7447274948966935
-5.599573819315768,-5.636522385701342,-5.079068802971297,-5.627277887623535,-5.6111442163137095,-5.703622533038441,-5.66148032615508,-5.5853043546573025,-5.627345819057051,-5.642958854388567,-5.647214107982863,-5.666694637141941,-5.678477696407485,-5.573454804017497,-5.611371073132569,-5.718770074601389,-5.633035379335454,-5.546727118385765,-5.68378411317994,-5.674844493545467,-5.619788758288394,-5.619788758288394,-5.619788758288394,-5.619788758288394,-5.619788758288394,-5.619788758288394,-5.619788758288394,-5.619788758288394,-5.619788758288394,-5.619788758288394,-5.619788758288394,-5.619788758288394,-5.619788758288394,-5.619788758288394,-5.619788758288394,-5.619788758288394,-5.619788758288394,-5.619788758288394,-5.619788758288394,-5.619788758288394
-5.533979025979949,-5.5760201266699125,-5.068945552328118,-5.544129352465999,-5.488744863957852,-5.58115663825506,-5.514300791525775,-5.521082985933379,-5.543623794229207,-5.49879810324966,-5.508362516931844,-5.5422045175,-5.517689673385313,-5.432762873954071,-5.485217824722121,-5.565272147251431,-5.4658374452276535,-5.4268335383273065,-5.4484962730845,-5.5236521051710366,-5.508638306165727,-5.508638306165727,-5.508638306165727,-5.508638306165727,-5.508638306165727,-5.508638306165727,-5.508638306165727,-5.508638306165727,-5.508638306165727,-5.508638306165727,-5.508638306165727,-5.508638306165727,-5.508638306165727,-5.508638306165727,-5.508638306165727,-5.508638306165727,-5.508638306165727,-5.508638306165727,-5.508638306165727,-5.508638306165727
-6.305027276004472,-6.293471933181783,-6.228216591619155,-6.344623568150931,-6.18791425575353,-6.147506791425471,-6.217657939411664,-6.2938506090561,-6.216764873992088,-6.26934303656433,-6.264425786557974,-6.21087902185232,-6.221600190410901,-6.21341838497168,-6.185579864017855,-6.310699541724571,-6.212074466052091,-6.233387709555432,-6.129965023685678,-6.231677297919246,-5.3872161432802645,-5.3872161432802645,-5.3872161432802645,-5.3872161432802645,-5.3872161432802645,-5.3872161432802645,-5.3872161432802645,-5.3872161432802645,-5.3872161432802645,-5.3872161432802645,-5.3872161432802645,-5.3872161432802645,-5.3872161432802645,-5.3872161432802645,-5.3872161432802645,-5.3872161432802645,-5.3872161432802645,-5.3872161432802645,-5.3872161432802645,-5.3872161432802645
-5.787646387541329,-6.00400592228104,-5.886339617257752,-5.983327072535171,-5.920414492180315,-5.943948563420983,-5.946554489668324,-5.862909804448793,-5.989749836748887,-5.98281455883673,-5.882517528469608,-5.95503369292415,-5.996255394008699,-5.90415091824866,-5.9033740886033925,-6.039917051063107,-5.898819467960808,-5.887058453773787,-5.8832344907603025,-6.0301904195247635,-5.537602002101044,-5.537602002101044,-5.537602002101044,-5.537602002101044,-5.537602002101044,-5.537602002101044,-5.537602002101044,-5.537602002101044,-5.537602002101044,-5.537602002101044,-5.537602002101044,-5.537602002101044,-5.537602002101044,-5.537602002101044,-5.537602002101044,-5.537602002101044,-5.537602002101044,-5.537602002101044,-5.537602002101044,-5.537602002101044
-6.028624026395773,-6.223440902402671,-6.146967304703915,-6.191832579978326,-6.096190049290309,-6.063814715733468,-6.134596297302212,-6.046367079487537,-6.202081323140362,-6.112352212255932,-6.139304554506313,-6.124447856919047,-6.123802588130422,-6.127964893930724,-5.868741961504485,-6.0978314856982605,-6.089957455572224,-6.093151385561103,-5.99569073474324,-6.11653866491664,-5.886056647693163,-5.886056647693163,-5.886056647693163,-5.886056647693163,-5.886056647693163,-5.886056647693163,-5.886056647693163,-5.886056647693163,-5.886056647693163,-5.886056647693163,-5.886056647693163,-5.886056647693163,-5.886056647693163,-5.886056647693163,-5.886056647693163,-5.886056647693163,-5.886056647693163,-5.886056647693163,-5.886056647693163,-5.886056647693163
-5.548242013410648,-5.6032570417670895,-5.545643933666143,-5.518064469103991,-5.490674456189348,-5.532712645580625,-5.535798501911081,-5.551476887268258,-5.510108771721356,-5.480161202879035,-5.538846402099518,-5.5392774848030255,-5.538525152946835,-5.5387486559644685,-5.460273145326009,-5.461464804343884,-5.526969858059301,-5.5009106006801485,-5.452485524723701,-5.457803829402228,-5.886056647693163,-5.886056647693163,-5.886056647693163,-5.886056647693163,-5.886056647693163,-5.886056647693163,-5.886056647693163,-5.886056647693163,-5.886056647693163,-5.886056647693163,-5.886056647693163,-5.886056647693163,-5.886056647693163,-5.886056647693163,-5.886056647693163,-5.886056647693163,-5.886056647693163,-5.886056647693163,-5.886056647693163,-5.886056647693163
-5.629369130481595,-5.713733925734216,-5.601638557176231,-5.615722371182678,-5.587811795413958,-5.59074970514038,-5.584838034887457,-5.618494505195002,-5.622763120615289,-5.52394785577853,-5.603040333949033,-5.600070552927727,-5.5783023274612455,-5.577867525428967,-5.480640566087319,-5.506626802047294,-5.546620090792351,-5.54513681094973,-5.467377871681373,-5.517782908222565,-5.6020599913279625,-5.6020599913279625,-5.6020599913279625,-5.6020599913279625,-5.6020599913279625,-5.6020599913279625,-5.6020599913279625,-5.6020599913279625,-5.6020599913279625,-5.6020599913279625,-5.6020599913279625,-5.6020599913279625,-5.6020599913279625,-5.6020599913279625,-5.6020599913279625,-5.6020599913279625,-5.6020599913279625,-5.6020599913279625,-5.6020599913279625,-5.6020599913279625
-5.623208691888234,-5.674023217582255,-5.735293265963153,-5.623578029941366,-5.627424353643665,-5.648195855521476,-5.722648038044687,-5.683355556825992,-5.653177021621046,-5.731049509388294,-5.723022096571209,-5.731478568411409,-5.760671292803498,-5.814887551561292,-5.576625945550462,-5.699610261373431,-5.746491074758463,-5.739911858573484,-5.681369485662196,-5.681926654725698,-5.7447274948966935,-5.7447274948966935,-5.7447274948966935,-5.7447274948966935,-5.7447274948966935,-5.7447274948966935,-5.7447274948966935,-5.7447274948966935,-5.7447274948966935,-5.7447274948966935,-5.7447274948966935,-5.7447274948966935,-5.7447274948966935,-5.7447274948966935,-5.7447274948966935,-5.7447274948966935,-5.7447274948966935,-5.7447274948966935,-5.7447274948966935,-5.7447274948966935
-5.645383631576051,-5.812719246785535,-5.86146031216634,-5.785874226587901,-5.833177835947893,-5.923016534029924,-5.877203688444465,-5.755371927599255,-5.724065596939751,-5.781721238270372,-5.81242153156167,-5.796289299501178,-5.863505465439379,-5.829329942291362,-5.867946599243376,-5.929958103308317,-5.954107597798415,-5.921752693995827,-5.923239266879698,-5.846960763392148,-5.853871964321762,-5.853871964321762,-5.853871964321762,-5.853871964321762,-5.853871964321762,-5.853871964321762,-5.853871964321762,-5.853871964321762,-5.853871964321762,-5.853871964321762,-5.853871964321762,-5.853871964321762,-5.853871964321762,-5.853871964321762,-5.853871964321762,-5.853871964321762,-5.853871964321762,-5.853871964321762,-5.853871964321762,-5.853871964321762
-5.965046991162776,-6.0006978577738685,-6.066251497103684,-6.0011102521207,-6.004019104593107,-6.07897778340943,-6.026429942209086,-5.967169171714359,-6.03228008969293,-6.08601191610721,-6.096610613671146,-6.0717250253362165,-6.0981486734614645,-6.035296724257188,-6.066339751558285,-6.0913778978030315,-6.083376191785254,-6.100985617709188,-6.131780098790374,-6.079921229026512,-5.823908740944319,-5.823908740944319,-5.823908740944319,-5.823908740944319,-5.823908740944319,-5.823908740944319,-5.823908740944319,-5.823908740944319,-5.823908740944319,-5.823908740944319,-5.823908740944319,-5.823908740944319,-5.823908740944319,-5.823908740944319,-5.823908740944319,-5.823908740944319,-5.823908740944319,-5.823908740944319,-5.823908740944319,-5.823908740944319
-5.43113991268746,-5.492944170397462,-5.598093356329012,-5.4136604414032705,-5.489059174735362,-5.548502180425671,-5.512930477039607,-5.436717952820283,-5.525615002203039,-5.547620506874471,-5.490693556249067,-5.572253945073503,-5.488678902979617,-5.599450457478551,-5.565823177772707,-5.476787003466644,-5.494522136817579,-5.574430864367121,-5.460397180505747,-5.49139184110145,-4.958607314841775,-4.958607314841775,-4.958607314841775,-4.958607314841775,-4.958607314841775,-4.958607314841775,-4.958607314841775,-4.958607314841775,-4.958607314841775,-4.958607314841775,-4.958607314841775,-4.958607314841775,-4.958607314841775,-4.958607314841775,-4.958607314841775,-4.958607314841775,-4.958607314841775,-4.958607314841775,-4.958607314841775,-4.958607314841775
-5.2247532142981825,-5.3132803396724215,-5.427646553098552,-5.134231992366145,-5.199790532592119,-5.345721360884844,-5.3047224560208415,-5.195478195042914,-5.193807727092446,-5.2093861609594,-5.107119860378524,-5.338534930625921,-5.16744649379714,-5.387841985569316,-5.369822325482827,-5.215335344400397,-5.191648876584983,-5.3611302468948105,-5.086914610579707,-5.154273298563702,-4.161150909262744,-4.161150909262744,-4.161150909262744,-4.161150909262744,-4.161150909262744,-4.161150909262744,-4.161150909262744,-4.161150909262744,-4.161150909262744,-4.161150909262744,-4.161150909262744,-4.161150909262744,-4.161150909262744,-4.161150909262744,-4.161150909262744,-4.161150909262744,-4.161150909262744,-4.161150909262744,-4.161150909262744,-4.161150909262744
-5.480545384343312,-5.556376260919814,-5.631305130284505,-5.421191905856274,-5.477400278992282,-5.561747989841484,-5.505349645196379,-5.4555962531176245,-5.534830709181404,-5.549834843117834,-5.496849320658441,-5.605953063616519,-5.41320628018878,-5.612150377637674,-5.606123026757047,-5.433906527050188,-5.436757380156664,-5.640007370987405,-5.3939532569855135,-5.455965541684437,-5.537602002101044,-5.537602002101044,-5.537602002101044,-5.537602002101044,-5.537602002101044,-5.537602002101044,-5.537602002101044,-5.537602002101044,-5.537602002101044,-5.537602002101044,-5.537602002101044,-5.537602002101044,-5.537602002101044,-5.537602002101044,-5.537602002101044,-5.537602002101044,-5.537602002101044,-5.537602002101044,-5.537602002101044,-5.537602002101044
-5.055544385181156,-5.1233855236477694,-5.206004326563606,-4.87825318633785,-4.968731424478619,-5.1591184189013015,-5.08147441855894,-4.993703810319875,-4.9458049547753395,-4.90248981276849,-4.826073962781124,-5.105133841275017,-4.904783167759084,-5.149563153125981,-5.1944243377631585,-4.901345857675985,-4.926894773983973,-5.1169876411913195,-4.80847618145865,-4.854619667694706,-5.275724130399211,-5.275724130399211,-5.275724130399211,-5.275724130399211,-5.275724130399211,-5.275724130399211,-5.275724130399211,-5.275724130399211,-5.275724130399211,-5.275724130399211,-5.275724130399211,-5.275724130399211,-5.275724130399211,-5.275724130399211,-5.275724130399211,-5.275724130399211,-5.275724130399211,-5.275724130399211,-5.275724130399211,-5.275724130399211
-4.798887352522679,-4.961184198195368,-4.784326507133025,-4.871210413207151,-4.5168972834257195,-5.002741603205523,-4.96284578701113,-4.723670817299808,-4.929104382283996,-4.9471250847137,-4.911058801087236,-4.870954864338769,-4.902561869292084,-4.67815818768017,-4.941085018221767,-4.956272810958168,-4.871016166677462,-4.873776733871066,-4.948352821906707,-4.932816999671862,-5.173925197299174,-5.173925197299174,-5.173925197299174,-5.173925197299174,-5.173925197299174,-5.173925197299174,-5.173925197299174,-5.173925197299174,-5.173925197299174,-5.173925197299174,-5.173925197299174,-5.173925197299174,-5.173925197299174,-5.173925197299174,-5.173925197299174,-5.173925197299174,-5.173925197299174,-5.173925197299174,-5.173925197299174,-5.173925197299174
-4.806721512994419,-5.385601816688334,-5.039179218066486,-4.765614763406164,-4.556029180361247,-4.783528560182319,-5.207119007606027,-4.998204322791685,-5.04408736902709,-5.151003642788775,-5.029837272606511,-5.070532327512241,-5.137054549556029,-4.951953738033377,-5.201205439609645,-5.248235044266482,-5.18648472667077,-5.087525528189284,-5.332701215606848,-5.137398054218352,-5.455931955649724,-5.455931955649724,-5.455931955649724,-5.455931955649724,-5.455931955649724,-5.455931955649724,-5.455931955649724,-5.455931955649724,-5.455931955649724,-5.455931955649724,-5.455931955649724,-5.455931955649724,-5.455931955649724,-5.455931955649724,-5.455931955649724,-5.455931955649724,-5.455931955649724,-5.455931955649724,-5.455931955649724,-5.455931955649724
-4.988829957151526,-4.91441465362688,-5.188261385307035,-4.723338917784433,-5.983963589593243,-5.927580840313395,-5.278255723487991,-5.081734281210913,-5.6653881628687115,-4.88527879790671,-4.761988500222007,-5.215647958324371,-5.18126497020596,-5.836509334351631,-5.348282101229355,-5.277327707099836,-4.990486403809792,-5.244468076613169,-5.440522575245917,-5.401622894199786,-5.619788758288394,-5.619788758288394,-5.619788758288394,-5.619788758288394,-5.619788758288394,-5.619788758288394,-5.619788758288394,-5.619788758288394,-5.619788758288394,-5.619788758288394,-5.619788758288394,-5.619788758288394,-5.619788758288394,-5.619788758288394,-5.619788758288394,-5.619788758288394,-5.619788758288394,-5.619788758288394,-5.619788758288394,-5.619788758288394
-5.0565525975758305,-4.997185635249529,-4.995114480614298,-5.072985415205426,-4.994975559843987,-5.052506701051376,-5.032779388221577,-5.072335465099017,-5.00120931323831,-4.974553349939897,-4.958251066427428,-4.921917317803315,-4.959369702157737,-4.923255676401786,-5.048994256968839,-4.978691372071808,-4.977638108708644,-5.048156235041607,-5.053691040202833,-4.98028694949146,-5.154901959985743,-5.154901959985743,-5.154901959985743,-5.154901959985743,-5.154901959985743,-5.154901959985743,-5.154901959985743,-5.154901959985743,-5.154901959985743,-5.154901959985743,-5.154901959985743,-5.154901959985743,-5.154901959985743,-5.154901959985743,-5.154901959985743,-5.154901959985743,-5.154901959985743,-5.154901959985743,-5.154901959985743,-5.154901959985743
-4.7621438830931915,-5.101428132856713,-4.99143332016539,-4.842602227253139,-4.597054542259342,-5.039567514322009,-5.1632684842376975,-4.802110326113779,-4.862742812674863,-5.0225906375770615,-4.912569294277834,-5.034875386591649,-4.996306138130149,-4.942662422668512,-5.1253043344573515,-5.164617000637699,-5.086885277205543,-5.048073538067562,-5.263055018565025,-5.071285161468168,-5.1487416512809245,-5.1487416512809245,-5.1487416512809245,-5.1487416512809245,-5.1487416512809245,-5.1487416512809245,-5.1487416512809245,-5.1487416512809245,-5.1487416512809245,-5.1487416512809245,-5.1487416512809245,-5.1487416512809245,-5.1487416512809245,-5.1487416512809245,-5.1487416512809245,-5.1487416512809245,-5.1487416512809245,-5.1487416512809245,-5.1487416512809245,-5.1487416512809245
-4.995838351324558,-5.138496990535772,-5.139018533119466,-4.897200589485428,-5.219465232249259,-5.071994366239349,-5.032754293896728,-5.018870348741928,-5.084636975031982,-4.9989551757037844,-4.983354193395685,-5.007517454633544,-4.980072720918977,-5.033155421184939,-5.055412307166472,-5.007097079647753,-4.980889912099522,-5.091348024290156,-5.077140652198866,-5.0105377045092725,-5.6777807052660805,-5.6777807052660805,-5.6777807052660805,-5.6777807052660805,-5.6777807052660805,-5.6777807052660805,-5.6777807052660805,-5.6777807052660805,-5.6777807052660805,-5.6777807052660805,-5.6777807052660805,-5.6777807052660805,-5.6777807052660805,-5.6777807052660805,-5.6777807052660805,-5.6777807052660805,-5.6777807052660805,-5.6777807052660805,-5.6777807052660805,-5.6777807052660805
-4.987485009928245,-5.254307747593711,-5.14188035583742,-4.940895596609672,-5.252573761390206,-5.118794508004456,-5.006185755913877,-5.035074957303874,-5.036629205676186,-4.997727080823755,-4.96694952807774,-5.0299506328551615,-4.979556860288787,-5.002129267656812,-5.116734064900679,-5.011438023390461,-4.9713890961782665,-5.06563296446427,-5.083087295151713,-5.026360154383112,-5.823908740944319,-5.823908740944319,-5.823908740944319,-5.823908740944319,-5.823908740944319,-5.823908740944319,-5.823908740944319,-5.823908740944319,-5.823908740944319,-5.823908740944319,-5.823908740944319,-5.823908740944319,-5.823908740944319,-5.823908740944319,-5.823908740944319,-5.823908740944319,-5.823908740944319,-5.823908740944319,-5.823908740944319,-5.823908740944319
-5.065388413067447,-4.976296587046229,-4.902227115317195,-5.1644061213428065,-4.969192286515551,-5.0998257670164655,-4.980107957530148,-5.068883469819199,-4.932469523549032,-5.0304226342844665,-4.983817299105052,-4.905243263161301,-4.974445359477268,-4.792368429033966,-5.059407645149599,-5.018836737008869,-4.9694683672728726,-4.968470598154085,-5.059074870367687,-5.008083815714815,-5.292429823902063,-5.292429823902063,-5.292429823902063,-5.292429823902063,-5.292429823902063,-5.292429823902063,-5.292429823902063,-5.292429823902063,-5.292429823902063,-5.292429823902063,-5.292429823902063,-5.292429823902063,-5.292429823902063,-5.292429823902063,-5.292429823902063,-5.292429823902063,-5.292429823902063,-5.292429823902063,-5.292429823902063,-5.292429823902063
-4.64299513138003,-4.9628195106260815,-4.677963093287254,-4.621299498518247,-4.139942766813194,-4.935591306087541,-4.9682711716892305,-4.58709461786843,-4.951850204421256,-4.845630187924936,-4.782319644084153,-4.823541834515941,-4.8433646004287025,-4.633963260940331,-4.896531171168584,-4.9813027303767665,-4.8531653617558295,-4.7792796931054,-4.959815576523388,-4.9111313291648715,-5.3979400086720375,-5.3979400086720375,-5.3979400086720375,-5.3979400086720375,-5.3979400086720375,-5.3979400086720375,-5.3979400086720375,-5.3979400086720375,-5.3979400086720375,-5.3979400086720375,-5.3979400086720375,-5.3979400086720375,-5.3979400086720375,-5.3979400086720375,-5.3979400086720375,-5.3979400086720375,-5.3979400086720375,-5.3979400086720375,-5.3979400086720375,-5.3979400086720375
-4.782801260164788,-5.09320626966145,-4.943037761341219,-4.86272827693456,-4.603402303391705,-5.038552576738898,-5.1229846238598356,-4.827603251689772,-4.870830368447276,-5.042848289452879,-4.9232414718467785,-5.008633245428758,-5.005147381487283,-4.883375125820356,-5.1178203700498095,-5.176354096524241,-5.072153914351796,-5.000117697858037,-5.247339812045012,-5.084912681526471,-5.494850021680094,-5.494850021680094,-5.494850021680094,-5.494850021680094,-5.494850021680094,-5.494850021680094,-5.494850021680094,-5.494850021680094,-5.494850021680094,-5.494850021680094,-5.494850021680094,-5.494850021680094,-5.494850021680094,-5.494850021680094,-5.494850021680094,-5.494850021680094,-5.494850021680094,-5.494850021680094,-5.494850021680094,-5.494850021680094
-4.613855690594225,-4.982812823441232,-4.710454075449907,-4.543231276783397,-4.210620150042605,-4.968225724708311,-4.978730883576141,-4.515343312687932,-4.989034595367345,-4.884390506508196,-4.8235129577426825,-4.848810279217009,-4.859084792126421,-4.6459740130153575,-4.906992387784507,-5.000599672537063,-4.858359774373921,-4.804959763326648,-4.970278932304329,-4.916022329052647,-5.376750709602099,-5.376750709602099,-5.376750709602099,-5.376750709602099,-5.376750709602099,-5.376750709602099,-5.376750709602099,-5.376750709602099,-5.376750709602099,-5.376750709602099,-5.376750709602099,-5.376750709602099,-5.376750709602099,-5.376750709602099,-5.376750709602099,-5.376750709602099,-5.376750709602099,-5.376750709602099,-5.376750709602099,-5.376750709602099
-4.744541143274933,-4.95535631480515,-4.6617187476514585,-4.801061492581371,-4.215299348241722,-4.98377243830987,-4.960692921013586,-4.707731920061362,-4.941482917294671,-4.84027910959898,-4.783565992102697,-4.80120820498227,-4.844077483223169,-4.6183964577099035,-4.966087716741755,-4.951697618866935,-4.853734849347495,-4.785538291863042,-4.967281639734482,-4.913539074750227,-5.721246399047171,-5.721246399047171,-5.721246399047171,-5.721246399047171,-5.721246399047171,-5.721246399047171,-5.721246399047171,-5.721246399047171,-5.721246399047171,-5.721246399047171,-5.721246399047171,-5.721246399047171,-5.721246399047171,-5.721246399047171,-5.721246399047171,-5.721246399047171,-5.721246399047171,-5.721246399047171,-5.721246399047171,-5.721246399047171
-5.620882661434821,-5.657671777713271,-5.515183411195181,-5.66542075909501,-5.544549976696634,-5.636011671062073,-5.558704052092462,-5.626514386366273,-5.665224900651743,-5.599881218319626,-5.655359383730148,-5.580434628016765,-5.704025913361008,-5.468079322746752,-5.51377843205678,-5.681579211286601,-5.573312323162799,-5.529971078676889,-5.494222160157774,-5.632172026991818,-5.267606240177032,-5.267606240177032,-5.267606240177032,-5.267606240177032,-5.267606240177032,-5.267606240177032,-5.267606240177032,-5.267606240177032,-5.267606240177032,-5.267606240177032,-5.267606240177032,-5.267606240177032,-5.267606240177032,-5.267606240177032,-5.267606240177032,-5.267606240177032,-5.267606240177032,-5.267606240177032,-5.267606240177032,-5.267606240177032
-6.126231585423085,-6.188400454924125,-6.129429289695495,-6.197540034545644,-6.144764600047826,-6.133433543372243,-6.1129776151567174,-6.147606163957546,-6.19668971063314,-6.1534543064302865,-6.156566591810367,-6.150159594166087,-6.147215797536861,-6.0978336789511465,-6.086059061836945,-6.1433419684569035,-6.137580953838182,-6.107478039859091,-6.062735735386566,-6.146169637688668,-5.7447274948966935,-5.7447274948966935,-5.7447274948966935,-5.7447274948966935,-5.7447274948966935,-5.7447274948966935,-5.7447274948966935,-5.7447274948966935,-5.7447274948966935,-5.7447274948966935,-5.7447274948966935,-5.7447274948966935,-5.7447274948966935,-5.7447274948966935,-5.7447274948966935,-5.7447274948966935,-5.7447274948966935,-5.7447274948966935,-5.7447274948966935,-5.7447274948966935
-5.740496385763044,-6.249527442946701,-6.20178693190773,-6.2341819575280075,-6.154142751401482,-6.129291795979948,-6.2096336508032595,-6.263838400302898,-6.194332627229409,-6.185506923331249,-6.146840702746294,-6.181025187162077,-6.183595466968994,-6.199365541194676,-6.175040876793107,-6.197104190330885,-6.171285184351868,-6.190221860439029,-6.160076150859464,-6.189951842948772,-5.958607314841775,-5.958607314841775,-5.958607314841775,-5.958607314841775,-5.958607314841775,-5.958607314841775,-5.958607314841775,-5.958607314841775,-5.958607314841775,-5.958607314841775,-5.958607314841775,-5.958607314841775,-5.958607314841775,-5.958607314841775,-5.958607314841775,-5.958607314841775,-5.958607314841775,-5.958607314841775,-5.958607314841775,-5.958607314841775
-5.624889382211956,-6.0399006414857475,-6.0409212397232555,-6.029932605699954,-6.007100686354107,-5.977969580346233,-6.040922025358394,-6.053515825411364,-6.024118351014951,-6.031755664750676,-5.9989427297316125,-6.019898387670839,-6.033554679844093,-6.04233145314253,-6.013414715930523,-6.019901891513458,-6.019347496120961,-6.026726259659543,-6.052855213726624,-6.022688002870714,-5.769551078621726,-5.769551078621726,-5.769551078621726,-5.769551078621726,-5.769551078621726,-5.769551078621726,-5.769551078621726,-5.769551078621726,-5.769551078621726,-5.769551078621726,-5.769551078621726,-5.769551078621726,-5.769551078621726,-5.769551078621726,-5.769551078621726,-5.769551078621726,-5.769551078621726,-5.769551078621726,-5.769551078621726,-5.769551078621726
-5.666115275306973,-5.9503935530109455,-5.973741420724049,-5.934513515797416,-5.986782961757021,-5.89980691052275,-5.96515911666636,-5.977693921542835,-5.94316502296168,-5.902593149630251,-5.92150401857711,-5.91938473507198,-5.955742487131613,-5.98188905377905,-5.939952671187593,-5.889090507687882,-5.961960094466747,-5.922383962803099,-6.007872913051531,-5.915761603996761,-5.721246399047171,-5.721246399047171,-5.721246399047171,-5.721246399047171,-5.721246399047171,-5.721246399047171,-5.721246399047171,-5.721246399047171,-5.721246399047171,-5.721246399047171,-5.721246399047171,-5.721246399047171,-5.721246399047171,-5.721246399047171,-5.721246399047171,-5.721246399047171,-5.721246399047171,-5.721246399047171,-5.721246399047171,-5.721246399047171
-5.594479384322562,-5.6642632081781485,-5.635938935644728,-5.6242702816327474,-5.595821332354059,-5.58865497287659,-5.572356469389667,-5.613186212591619,-5.68709887496353,-5.678790768296272,-5.6552553046367775,-5.6259968330732875,-5.62385324839532,-5.6374078623843955,-5.596866003058352,-5.6596278546666,-5.582119933613743,-5.645565232409044,-5.548070585431851,-5.630613093368158,-6.00436480540245,-6.00436480540245,-6.00436480540245,-6.00436480540245,-6.00436480540245,-6.00436480540245,-6.00436480540245,-6.00436480540245,-6.00436480540245,-6.00436480540245,-6.00436480540245,-6.00436480540245,-6.00436480540245,-6.00436480540245,-6.00436480540245,-6.00436480540245,-6.00436480540245,-6.00436480540245,-6.00436480540245,-6.00436480540245
-5.91013398656182,-5.96281284860026,-5.970193466017104,-5.941453702579696,-6.004525055990256,-5.874224174273185,-5.90068470450908,-5.95588231310342,-5.924669257452256,-5.931543851270122,-5.985419776906152,-5.9351225112898485,-5.904074361030385,-5.93062121122731,-5.892662091894764,-5.889336543702181,-5.887667034100609,-5.903766984695189,-5.948232079009294,-5.942944887921074,-5.823908740944319,-5.823908740944319,-5.823908740944319,-5.823908740944319,-5.823908740944319,-5.823908740944319,-5.823908740944319,-5.823908740944319,-5.823908740944319,-5.823908740944319,-5.823908740944319,-5.823908740944319,-5.823908740944319,-5.823908740944319,-5.823908740944319,-5.823908740944319,-5.823908740944319,-5.823908740944319,-5.823908740944319,-5.823908740944319
-5.921565213091403,-5.971315772395522,-5.975084724398436,-5.948955242870997,-6.001533534168124,-5.892777775880979,-5.9097746218767035,-5.955853970360172,-5.932347554312623,-5.9539558437297995,-6.008612231440505,-5.9555567424543225,-5.921411154287759,-5.928932829929907,-5.899163683208706,-5.905887748202583,-5.8947412992715,-5.917040386549575,-5.960179913289896,-5.954074395337017,-5.6777807052660805,-5.6777807052660805,-5.6777807052660805,-5.6777807052660805,-5.6777807052660805,-5.6777807052660805,-5.6777807052660805,-5.6777807052660805,-5.6777807052660805,-5.6777807052660805,-5.6777807052660805,-5.6777807052660805,-5.6777807052660805,-5.6777807052660805,-5.6777807052660805,-5.6777807052660805,-5.6777807052660805,-5.6777807052660805,-5.6777807052660805,-5.6777807052660805
-5.715434704638525,-5.762204723969047,-5.707406338629462,-5.741832205384899,-5.7601767851027335,-5.795784634707604,-5.7402695256735905,-5.72962094720031,-5.752640444261994,-5.82904715702797,-5.792194375564506,-5.752020839334916,-5.824879810165485,-5.706859159358351,-5.799257803237312,-5.832097791053893,-5.809792589336533,-5.75644118804762,-5.854540882405645,-5.800700024486002,-5.958607314841775,-5.958607314841775,-5.958607314841775,-5.958607314841775,-5.958607314841775,-5.958607314841775,-5.958607314841775,-5.958607314841775,-5.958607314841775,-5.958607314841775,-5.958607314841775,-5.958607314841775,-5.958607314841775,-5.958607314841775,-5.958607314841775,-5.958607314841775,-5.958607314841775,-5.958607314841775,-5.958607314841775,-5.958607314841775
-5.505084687572761,-5.592473544370491,-5.516375535377738,-5.557126120990561,-5.639930933572589,-5.573378508823431,-5.591223663511911,-5.559414255519266,-5.500469202565284,-5.631942388178411,-5.6285859902744795,-5.505436156571835,-5.641886145156267,-5.52544479429304,-5.662576641972111,-5.615368020497149,-5.702200882398025,-5.561869666383423,-5.641243087690635,-5.6063461365841185,-5.886056647693163,-5.886056647693163,-5.886056647693163,-5.886056647693163,-5.886056647693163,-5.886056647693163,-5.886056647693163,-5.886056647693163,-5.886056647693163,-5.886056647693163,-5.886056647693163,-5.886056647693163,-5.886056647693163,-5.886056647693163,-5.886056647693163,-5.886056647693163,-5.886056647693163,-5.886056647693163,-5.886056647693163,-5.886056647693163
-5.757432149559504,-5.80824461951363,-5.824150526980485,-5.782897555929019,-5.824129121715013,-5.806039357339299,-5.816876552117037,-5.788482399280674,-5.819242108980401,-5.826918156301277,-5.828628333542812,-5.812582481962019,-5.8477046319766846,-5.805549213952831,-5.805952788101168,-5.807962034549224,-5.801850702328944,-5.785069088799321,-5.824510835258792,-5.839634663273161,-5.585026652029182,-5.585026652029182,-5.585026652029182,-5.585026652029182,-5.585026652029182,-5.585026652029182,-5.585026652029182,-5.585026652029182,-5.585026652029182,-5.585026652029182,-5.585026652029182,-5.585026652029182,-5.585026652029182,-5.585026652029182,-5.585026652029182,-5.585026652029182,-5.585026652029182,-5.585026652029182,-5.585026652029182,-5.585026652029182
-5.360815536548306,-5.5030789079084155,-5.682143827262905,-5.504505121625416,-5.668455559128569,-5.5921559045660985,-5.643466571417675,-5.428744101304858,-5.606594434039969,-5.7833523593316345,-5.7372002164646325,-5.699826840170519,-5.759359431682015,-5.749681838681312,-5.597146422638477,-5.688701995814744,-5.737992411349111,-5.6628236419612525,-5.732568135174332,-5.6748325215808215,-5.769551078621726,-5.769551078621726,-5.769551078621726,-5.769551078621726,-5.769551078621726,-5.769551078621726,-5.769551078621726,-5.769551078621726,-5.769551078621726,-5.769551078621726,-5.769551078621726,-5.769551078621726,-5.769551078621726,-5.769551078621726,-5.769551078621726,-5.769551078621726,-5.769551078621726,-5.769551078621726,-5.769551078621726,-5.769551078621726
-5.374569692804666,-5.421826859246674,-5.57561265179507,-5.442458880997124,-5.556175891858589,-5.515675513239806,-5.5289304806405974,-5.413829568756947,-5.476293857042664,-5.573312477696504,-5.554285587703875,-5.525548465763933,-5.5736739235532795,-5.51572335633892,-5.480066691048739,-5.543027236858285,-5.599111352098654,-5.461264832426398,-5.5658307575041865,-5.516968004213185,-5.958607314841775,-5.958607314841775,-5.958607314841775,-5.958607314841775,-5.958607314841775,-5.958607314841775,-5.958607314841775,-5.958607314841775,-5.958607314841775,-5.958607314841775,-5.958607314841775,-5.958607314841775,-5.958607314841775,-5.958607314841775,-5.958607314841775,-5.958607314841775,-5.958607314841775,-5.958607314841775,-5.958607314841775,-5.958607314841775
-5.441213953093625,-5.574046462738944,-5.766059345438364,-5.589197662243368,-5.775635660893559,-5.664666669578484,-5.747146827113549,-5.528758078101893,-5.690648425068741,-5.834741797874511,-5.80756023993658,-5.766644524533478,-5.86726655222442,-5.852011929383291,-5.674640468540646,-5.753732261176086,-5.84434580368535,-5.7233919462154255,-5.858290128392044,-5.752354346184621,-5.920818753952375,-5.920818753952375,-5.920818753952375,-5.920818753952375,-5.920818753952375,-5.920818753952375,-5.920818753952375,-5.920818753952375,-5.920818753952375,-5.920818753952375,-5.920818753952375,-5.920818753952375,-5.920818753952375,-5.920818753952375,-5.920818753952375,-5.920818753952375,-5.920818753952375,-5.920818753952375,-5.920818753952375,-5.920818753952375
-5.9526906700865725,-5.8612416357614485,-5.971229137871849,-5.937212643968134,-5.943933818794004,-5.780670851870584,-5.963733456080479,-5.931823163161541,-5.854864963860658,-6.02224578689404,-6.028428164389102,-5.899850926883121,-5.987019915470152,-5.9974811524730605,-5.905999705128191,-5.990851811858921,-5.9825413700826,-5.961926768471624,-6.020253029289599,-5.922182661690508,-5.795880017344075,-5.795880017344075,-5.795880017344075,-5.795880017344075,-5.795880017344075,-5.795880017344075,-5.795880017344075,-5.795880017344075,-5.795880017344075,-5.795880017344075,-5.795880017344075,-5.795880017344075,-5.795880017344075,-5.795880017344075,-5.795880017344075,-5.795880017344075,-5.795880017344075,-5.795880017344075,-5.795880017344075,-5.795880017344075
-5.457077129355357,-5.582380441975266,-5.7119777845846285,-5.570275020828826,-5.71346824369851,-5.6303251196625075,-5.666705813696104,-5.513495758523235,-5.68154113537785,-5.77630836288437,-5.761439819565635,-5.736687282267941,-5.757605280882447,-5.759249987179227,-5.620201704895888,-5.6653637507229355,-5.717696810534539,-5.6741309260501875,-5.7159354767726995,-5.68448324434892,-5.366531544420414,-5.366531544420414,-5.366531544420414,-5.366531544420414,-5.366531544420414,-5.366531544420414,-5.366531544420414,-5.366531544420414,-5.366531544420414,-5.366531544420414,-5.366531544420414,-5.366531544420414,-5.366531544420414,-5.366531544420414,-5.366531544420414,-5.366531544420414,-5.366531544420414,-5.366531544420414,-5.366531544420414,-5.366531544420414
-5.279909691989035,-5.319527118213741,-5.470336452037578,-5.313007059956251,-5.432910468044545,-5.441576334333992,-5.438403878506906,-5.298733279866679,-5.378001609978557,-5.45159286934893,-5.44298278400169,-5.44176711601189,-5.511934331501282,-5.423858764702683,-5.406681827410299,-5.412650679898374,-5.484703556111872,-5.339478489145017,-5.471885465317218,-5.397159111010243,-5.769551078621726,-5.769551078621726,-5.769551078621726,-5.769551078621726,-5.769551078621726,-5.769551078621726,-5.769551078621726,-5.769551078621726,-5.769551078621726,-5.769551078621726,-5.769551078621726,-5.769551078621726,-5.769551078621726,-5.769551078621726,-5.769551078621726,-5.769551078621726,-5.769551078621726,-5.769551078621726,-5.769551078621726,-5.769551078621726
-5.354906659741544,-5.376226856065421,-5.536830874317836,-5.390750963694143,-5.511737027982715,-5.492103690482166,-5.489145253848473,-5.37371290417675,-5.451623216736431,-5.52661188816181,-5.517650888970813,-5.48642161378423,-5.5395798969436285,-5.478567420009838,-5.463857268258815,-5.482941668427327,-5.556270922692269,-5.429326003354609,-5.5657714848431725,-5.468727583626525,-6.0,-6.0,-6.0,-6.0,-6.0,-6.0,-6.0,-6.0,-6.0,-6.0,-6.0,-6.0,-6.0,-6.0,-6.0,-6.0,-6.0,-6.0,-6.0,-6.0
-5.268157187544292,-5.3250124639171945,-5.467389137299769,-5.299911816042532,-5.4191207195590545,-5.431055849319288,-5.442496717732953,-5.290727359125693,-5.337179124896176,-5.411262392130935,-5.389744607148158,-5.426017174888939,-5.50067766349423,-5.427458550847289,-5.398255116137475,-5.4139086361615005,-5.472404832126279,-5.327481466034318,-5.4275049519018586,-5.380798400344718,-6.0,-6.0,-6.0,-6.0,-6.0,-6.0,-6.0,-6.0,-6.0,-6.0,-6.0,-6.0,-6.0,-6.0,-6.0,-6.0,-6.0,-6.0,-6.0,-6.0
-5.706036219589512,-5.75019856600869,-5.632627096465593,-5.716074465932661,-5.621026845108085,-5.6176718861307995,-5.597985427844081,-5.713069307101587,-5.677067841625331,-5.584326821668452,-5.6044582601033515,-5.6096730950661415,-5.554684569020358,-5.59193768479998,-5.5713721040099475,-5.626875884807038,-5.545683532511396,-5.64187547343415,-5.415705938089351,-5.579128195862335,-5.698970004336019,-5.698970004336019,-5.698970004336019,-5.698970004336019,-5.698970004336019,-5.698970004336019,-5.698970004336019,-5.698970004336019,-5.698970004336019,-5.698970004336019,-5.698970004336019,-5.698970004336019,-5.698970004336019,-5.698970004336019,-5.698970004336019,-5.698970004336019,-5.698970004336019,-5.698970004336019,-5.698970004336019,-5.698970004336019
-5.204535560252401,-5.46482992671133,-5.50847521406447,-5.47252262331566,-5.522221677232363,-5.526877645825213,-5.496732254133172,-5.521857144307869,-5.5072764726698145,-5.602877607822497,-5.596997575067857,-5.513783966206075,-5.587343010967972,-5.490561802752874,-5.545031630627038,-5.556368515309508,-5.545709924447961,-5.5198560336643085,-5.643321957676444,-5.540633895552588,-5.886056647693163,-5.886056647693163,-5.886056647693163,-5.886056647693163,-5.886056647693163,-5.886056647693163,-5.886056647693163,-5.886056647693163,-5.886056647693163,-5.886056647693163,-5.886056647693163,-5.886056647693163,-5.886056647693163,-5.886056647693163,-5.886056647693163,-5.886056647693163,-5.886056647693163,-5.886056647693163,-5.886056647693163,-5.886056647693163
-5.030599020518572,-5.259057844256953,-5.269252617382925,-5.250183317575987,-5.339392889004874,-5.349758104705631,-5.2835825960705485,-5.319757024758369,-5.3082660984520365,-5.349004049252063,-5.38432966143511,-5.278071606273711,-5.392891117372256,-5.233123939654128,-5.36586000465408,-5.300572457629812,-5.357786547245829,-5.253667288614785,-5.450718737727756,-5.320282263783776,-5.327902142064283,-5.327902142064283,-5.327902142064283,-5.327902142064283,-5.327902142064283,-5.327902142064283,-5.327902142064283,-5.327902142064283,-5.327902142064283,-5.327902142064283,-5.327902142064283,-5.327902142064283,-5.327902142064283,-5.327902142064283,-5.327902142064283,-5.327902142064283,-5.327902142064283,-5.327902142064283,-5.327902142064283,-5.327902142064283
-6.180882917943846,-6.487069189666999,-6.4746480914359585,-6.378813964389419,-6.4197862853465875,-6.388795749597425,-6.469916862789134,-6.468246646671556,-6.3243594791105116,-6.285685734523925,-6.3280674471259095,-6.353002999486011,-6.353544645811666,-6.438645789226851,-6.451636852317805,-6.340278730456052,-6.477356790657971,-6.45737348409961,-6.429984245199933,-6.305386077044062,-5.853871964321762,-5.853871964321762,-5.853871964321762,-5.853871964321762,-5.853871964321762,-5.853871964321762,-5.853871964321762,-5.853871964321762,-5.853871964321762,-5.853871964321762,-5.853871964321762,-5.853871964321762,-5.853871964321762,-5.853871964321762,-5.853871964321762,-5.853871964321762,-5.853871964321762,-5.853871964321762,-5.853871964321762,-5.853871964321762
-5.032640749465296,-5.275807614821838,-5.3021366714336216,-5.260454753715795,-5.3534125485915,-5.359460793912696,-5.318007337858852,-5.338658871331177,-5.3238595831985815,-5.371270855654866,-5.403106120517761,-5.299236410295345,-5.428595504010448,-5.29144893648205,-5.399077436934954,-5.331331014678198,-5.389565163351517,-5.295241150801193,-5.492419397327278,-5.339111176537665,-5.113509274827519,-5.113509274827519,-5.113509274827519,-5.113509274827519,-5.113509274827519,-5.113509274827519,-5.113509274827519,-5.113509274827519,-5.113509274827519,-5.113509274827519,-5.113509274827519,-5.113509274827519,-5.113509274827519,-5.113509274827519,-5.113509274827519,-5.113509274827519,-5.113509274827519,-5.113509274827519,-5.113509274827519,-5.113509274827519
-5.153863045529843,-5.4071028211031855,-5.465881798487027,-5.413241954826066,-5.509184725418643,-5.507354173647726,-5.479551758604146,-5.475587078875646,-5.460456074846429,-5.539857872162612,-5.5619130292402845,-5.461254939607668,-5.579676860132975,-5.442249203733064,-5.531567764278727,-5.496088461661578,-5.543989471283794,-5.447434346919783,-5.670703206657989,-5.50548112338877,-5.769551078621726,-5.769551078621726,-5.769551078621726,-5.769551078621726,-5.769551078621726,-5.769551078621726,-5.769551078621726,-5.769551078621726,-5.769551078621726,-5.769551078621726,-5.769551078621726,-5.769551078621726,-5.769551078621726,-5.769551078621726,-5.769551078621726,-5.769551078621726,-5.769551078621726,-5.769551078621726,-5.769551078621726,-5.769551078621726
-5.892772193909811,-5.806884912513294,-5.868807209815268,-5.84681419987796,-5.874389288457568,-5.754323756594364,-5.869972242546475,-5.8794951342486215,-5.777481600086152,-5.881771656128188,-5.86684248905477,-5.7791927621430705,-5.891861499717562,-5.927173231021256,-5.900889743991131,-5.901007121115077,-5.904544365569462,-5.875811826197006,-5.97285797076264,-5.861597548091552,-5.795880017344075,-5.795880017344075,-5.795880017344075,-5.795880017344075,-5.795880017344075,-5.795880017344075,-5.795880017344075,-5.795880017344075,-5.795880017344075,-5.795880017344075,-5.795880017344075,-5.795880017344075,-5.795880017344075,-5.795880017344075,-5.795880017344075,-5.795880017344075,-5.795880017344075,-5.795880017344075,-5.795880017344075,-5.795880017344075
-6.094079611490477,-6.0398580982100425,-6.098932983096803,-6.101812789037354,-6.079464617378797,-5.965235122890055,-6.100848512498905,-6.091005534215944,-6.017442432376224,-6.135045349160909,-6.129436045531902,-6.047548234310283,-6.116819304435259,-6.116318879208182,-6.049155816041697,-6.117671333327091,-6.080505973669832,-6.07024685439021,-6.14428940852599,-6.066700640052683,-6.080921907623926,-6.080921907623926,-6.080921907623926,-6.080921907623926,-6.080921907623926,-6.080921907623926,-6.080921907623926,-6.080921907623926,-6.080921907623926,-6.080921907623926,-6.080921907623926,-6.080921907623926,-6.080921907623926,-6.080921907623926,-6.080921907623926,-6.080921907623926,-6.080921907623926,-6.080921907623926,-6.080921907623926,-6.080921907623926
-5.654933238395724,-5.5616273502169395,-5.717885945488595,-5.617238355817323,-5.75599993306059,-5.634036440101425,-5.701153123063652,-5.622287447333154,-5.621484425958007,-5.663243780966842,-5.697450508553097,-5.6474268446644516,-5.70735182258613,-5.67942512873859,-5.62400997500792,-5.646984282714409,-5.652136930816956,-5.619064523298434,-5.84594891862281,-5.67153397047754,-5.468521082957745,-5.468521082957745,-5.468521082957745,-5.468521082957745,-5.468521082957745,-5.468521082957745,-5.468521082957745,-5.468521082957745,-5.468521082957745,-5.468521082957745,-5.468521082957745,-5.468521082957745,-5.468521082957745,-5.468521082957745,-5.468521082957745,-5.468521082957745,-5.468521082957745,-5.468521082957745,-5.468521082957745,-5.468521082957745
-6.110651955894558,-6.026140661987206,-6.062671184094768,-6.081473362218993,-6.033131677541258,-5.931746781177486,-6.066868927278169,-6.106157798928873,-6.012853179970756,-6.074803785030459,-5.982818527416267,-6.007621560860397,-6.031318326058978,-6.103940562969086,-6.017053838445811,-6.093288285941944,-6.0491037955570635,-6.069843914483956,-6.005925024635873,-6.045694304954545,-5.7447274948966935,-5.7447274948966935,-5.7447274948966935,-5.7447274948966935,-5.7447274948966935,-5.7447274948966935,-5.7447274948966935,-5.7447274948966935,-5.7447274948966935,-5.7447274948966935,-5.7447274948966935,-5.7447274948966935,-5.7447274948966935,-5.7447274948966935,-5.7447274948966935,-5.7447274948966935,-5.7447274948966935,-5.7447274948966935,-5.7447274948966935,-5.7447274948966935
-6.175858188181591,-6.15852078057675,-6.165097436450916,-6.211580493796725,-6.143215436922871,-6.043138674882915,-6.152502447564588,-6.161206437246984,-6.104099523789998,-6.156958901390041,-6.169507394981906,-6.109376214804403,-6.131141817270938,-6.176094623353785,-6.106037899579991,-6.180383907751805,-6.1561705126028885,-6.151419696300539,-6.099718300117839,-6.121013614201085,-5.920818753952375,-5.920818753952375,-5.920818753952375,-5.920818753952375,-5.920818753952375,-5.920818753952375,-5.920818753952375,-5.920818753952375,-5.920818753952375,-5.920818753952375,-5.920818753952375,-5.920818753952375,-5.920818753952375,-5.920818753952375,-5.920818753952375,-5.920818753952375,-5.920818753952375,-5.920818753952375,-5.920818753952375,-5.920818753952375
-5.782078046219877,-5.850358474271264,-6.032770098119646,-5.801369808490259,-5.909935432765848,-5.953477879871088,-5.991477273669613,-5.799455543400968,-5.882645876332884,-5.99158950804889,-5.981159337048179,-5.993611624204801,-5.981498653475584,-6.12447504665034,-6.031810721837784,-5.9817385082165835,-5.9635737701087175,-6.042594866538798,-6.024547116482287,-6.0158844308782795,-6.0,-6.0,-6.0,-6.0,-6.0,-6.0,-6.0,-6.0,-6.0,-6.0,-6.0,-6.0,-6.0,-6.0,-6.0,-6.0,-6.0,-6.0,-6.0,-6.0
-5.331410729967099,-5.496515704559426,-5.224180869308134,-5.466977634536668,-5.505461340220117,-5.474390272927314,-5.518684212721288,-5.419017423076273,-5.509317688726424,-5.523957278622066,-5.500911410079805,-5.535429610594791,-5.129489260712432,-5.580572255996976,-5.42465714691124,-5.547348589834961,-5.509662816363328,-5.43441017511729,-5.28539033558113,-5.483965678998864,-5.698970004336019,-5.698970004336019,-5.698970004336019,-5.698970004336019,-5.698970004336019,-5.698970004336019,-5.698970004336019,-5.698970004336019,-5.698970004336019,-5.698970004336019,-5.698970004336019,-5.698970004336019,-5.698970004336019,-5.698970004336019,-5.698970004336019,-5.698970004336019,-5.698970004336019,-5.698970004336019,-5.698970004336019,-5.698970004336019
-5.6743052308890904,-5.698205900756584,-5.531727208816184,-5.645371467501791,-5.764926359638187,-5.74166432542185,-5.795925567665091,-5.6631117882582815,-5.704020966875644,-5.748852919869377,-5.7527299532773295,-5.775151422492192,-5.356673595387278,-5.824396512137333,-5.782867474260839,-5.702369173873322,-5.745282174430388,-5.695882298903503,-5.435878475552919,-5.7044704556609,-6.017728766960432,-6.017728766960432,-6.017728766960432,-6.017728766960432,-6.017728766960432,-6.017728766960432,-6.017728766960432,-6.017728766960432,-6.017728766960432,-6.017728766960432,-6.017728766960432,-6.017728766960432,-6.017728766960432,-6.017728766960432,-6.017728766960432,-6.017728766960432,-6.017728766960432,-6.017728766960432,-6.017728766960432,-6.017728766960432
-5.508553711813901,-5.585907747535683,-5.302092301913768,-5.553132543143279,-5.653639965207984,-5.599453650479552,-5.60650702665072,-5.520609348888116,-5.595066946579107,-5.643943643575202,-5.646909386859658,-5.635311599170142,-5.249097686139801,-5.648582413273542,-5.597927963731741,-5.60733277088275,-5.617384136539506,-5.535747780423911,-5.353150391540834,-5.606629121387909,-5.721246399047171,-5.721246399047171,-5.721246399047171,-5.721246399047171,-5.721246399047171,-5.721246399047171,-5.721246399047171,-5.721246399047171,-5.721246399047171,-5.721246399047171,-5.721246399047171,-5.721246399047171,-5.721246399047171,-5.721246399047171,-5.721246399047171,-5.721246399047171,-5.721246399047171,-5.721246399047171,-5.721246399047171,-5.721246399047171
-5.737739067669889,-5.776727640022297,-5.53418389719679,-5.7440053779025675,-5.874480140401128,-5.8158692009265005,-5.879749964561104,-5.7486227097719205,-5.7898992768719735,-5.832743078626992,-5.853202652027122,-5.845812239343407,-5.405849208073126,-5.90850531306387,-5.85763804284555,-5.801740456909886,-5.856012871158617,-5.753038939919918,-5.4887389237956015,-5.812916908539388,-5.795880017344075,-5.795880017344075,-5.795880017344075,-5.795880017344075,-5.795880017344075,-5.795880017344075,-5.795880017344075,-5.795880017344075,-5.795880017344075,-5.795880017344075,-5.795880017344075,-5.795880017344075,-5.795880017344075,-5.795880017344075,-5.795880017344075,-5.795880017344075,-5.795880017344075,-5.795880017344075,-5.795880017344075,-5.795880017344075
-4.303050587198118,-4.3708975528517415,-4.333228106786725,-4.166012318080983,-4.657327063731743,-4.305141486460898,-4.513827959286115,-4.401475524869852,-4.412849767415409,-4.335804472690065,-4.560913240887684,-4.260433701478628,-5.354098108553167,-4.720333634246596,-4.856682722503519,-4.12450452394153,-4.781179458779123,-4.543323276282029,-4.790632425930348,-4.264979768766773,-4.853871964321762,-4.853871964321762,-4.853871964321762,-4.853871964321762,-4.853871964321762,-4.853871964321762,-4.853871964321762,-4.853871964321762,-4.853871964321762,-4.853871964321762,-4.853871964321762,-4.853871964321762,-4.853871964321762,-4.853871964321762,-4.853871964321762,-4.853871964321762,-4.853871964321762,-4.853871964321762,-4.853871964321762,-4.853871964321762
-5.608669906159597,-5.530415902541699,-5.437582796341636,-5.57716058413122,-5.694861079700398,-5.638641955946276,-5.6771743914640185,-5.58626864660783,-5.612466451848363,-5.710010883209084,-5.702859279423587,-5.635341971922845,-5.277856548867795,-5.679768220007085,-5.658496888226677,-5.679433738020533,-5.727389452777044,-5.588320318187215,-5.395886097732744,-5.659750954823479,-5.698970004336019,-5.698970004336019,-5.698970004336019,-5.698970004336019,-5.698970004336019,-5.698970004336019,-5.698970004336019,-5.698970004336019,-5.698970004336019,-5.698970004336019,-5.698970004336019,-5.698970004336019,-5.698970004336019,-5.698970004336019,-5.698970004336019,-5.698970004336019,-5.698970004336019,-5.698970004336019,-5.698970004336019,-5.698970004336019
-5.585161953241744,-5.643645006322607,-5.351793443033257,-5.615064168038342,-5.7207804572015855,-5.664830383428986,-5.688318151194773,-5.592225891793604,-5.643677665754833,-5.703117268033451,-5.7158651442882045,-5.6938945668617755,-5.289595497919756,-5.717698052723136,-5.680755604231736,-5.674990832513789,-5.690560420365011,-5.599935675601315,-5.38870921145191,-5.674977237155471,-5.920818753952375,-5.920818753952375,-5.920818753952375,-5.920818753952375,-5.920818753952375,-5.920818753952375,-5.920818753952375,-5.920818753952375,-5.920818753952375,-5.920818753952375,-5.920818753952375,-5.920818753952375,-5.920818753952375,-5.920818753952375,-5.920818753952375,-5.920818753952375,-5.920818753952375,-5.920818753952375,-5.920818753952375,-5.920818753952375
-5.695532394263912,-5.7410359055575535,-5.515470376861625,-5.689065823897822,-5.799958538997472,-5.769048379345325,-5.803469486379577,-5.686250433390683,-5.746082929913566,-5.786516303783594,-5.806049150998378,-5.805690191954237,-5.380366747002857,-5.824777796861595,-5.799841680595187,-5.731444844603102,-5.763059217869125,-5.705325773188869,-5.461457125561582,-5.7498370791041316,-5.769551078621726,-5.769551078621726,-5.769551078621726,-5.769551078621726,-5.769551078621726,-5.769551078621726,-5.769551078621726,-5.769551078621726,-5.769551078621726,-5.769551078621726,-5.769551078621726,-5.769551078621726,-5.769551078621726,-5.769551078621726,-5.769551078621726,-5.769551078621726,-5.769551078621726,-5.769551078621726,-5.769551078621726,-5.769551078621726
-5.712959841946483,-5.739466758479935,-5.824181160963309,-5.732809982604287,-5.779772827524784,-5.714811348516198,-5.7860069118216,-5.7365916200991025,-5.760995951802929,-5.81184440185894,-5.805224084921645,-5.758066005283603,-5.787495999214572,-5.838694640635156,-5.79424328487164,-5.8158321717389985,-5.8023420519910465,-5.839387952710564,-5.8384500550228156,-5.789905837832055,-5.920818753952375,-5.920818753952375,-5.920818753952375,-5.920818753952375,-5.920818753952375,-5.920818753952375,-5.920818753952375,-5.920818753952375,-5.920818753952375,-5.920818753952375,-5.920818753952375,-5.920818753952375,-5.920818753952375,-5.920818753952375,-5.920818753952375,-5.920818753952375,-5.920818753952375,-5.920818753952375,-5.920818753952375,-5.920818753952375
-6.003629505943364,-5.981917312519623,-5.981997155765415,-6.003406542231544,-5.993808905768172,-5.943466801311747,-5.987130593688052,-5.996762507611846,-5.947594970120332,-5.996763127953351,-5.979371287658566,-5.940139005698208,-6.006100033596337,-6.009057208630184,-6.0083227777060335,-6.037258691519054,-6.032778146543606,-6.011284964243899,-6.0381723397956515,-5.996079582388428,-5.795880017344075,-5.795880017344075,-5.795880017344075,-5.795880017344075,-5.795880017344075,-5.795880017344075,-5.795880017344075,-5.795880017344075,-5.795880017344075,-5.795880017344075,-5.795880017344075,-5.795880017344075,-5.795880017344075,-5.795880017344075,-5.795880017344075,-5.795880017344075,-5.795880017344075,-5.795880017344075,-5.795880017344075,-5.795880017344075
-5.925896431819583,-6.016303857318489,-5.8960529309837595,-5.9473084812566155,-5.962329331362625,-5.908249477385603,-5.8512797148033595,-5.9121671786956025,-5.946771938417136,-5.909331062030951,-5.969166465109674,-5.946122755669595,-5.9276975775450245,-5.864211858620786,-5.881222615762377,-5.852393287679569,-5.86563291806682,-5.868469626361199,-5.859164238255327,-5.90101185973389,-5.42021640338319,-5.42021640338319,-5.42021640338319,-5.42021640338319,-5.42021640338319,-5.42021640338319,-5.42021640338319,-5.42021640338319,-5.42021640338319,-5.42021640338319,-5.42021640338319,-5.42021640338319,-5.42021640338319,-5.42021640338319,-5.42021640338319,-5.42021640338319,-5.42021640338319,-5.42021640338319,-5.42021640338319,-5.42021640338319
-5.413970480184614,-5.37969537393462,-5.532020963317172,-5.382142548312332,-5.617600401849333,-5.415789914380415,-5.501788709619909,-5.458402930522804,-5.532880576710047,-5.575242260668386,-5.602588041628412,-5.549789474914504,-5.57127672897877,-5.584131493976852,-5.3800221654101845,-5.417398503275705,-5.499254458779841,-5.4457422970839495,-5.515421869307679,-5.463132825964213,-5.638272163982407,-5.638272163982407,-5.638272163982407,-5.638272163982407,-5.638272163982407,-5.638272163982407,-5.638272163982407,-5.638272163982407,-5.638272163982407,-5.638272163982407,-5.638272163982407,-5.638272163982407,-5.638272163982407,-5.638272163982407,-5.638272163982407,-5.638272163982407,-5.638272163982407,-5.638272163982407,-5.638272163982407,-5.638272163982407
-5.0872311538286015,-4.880886514377056,-5.137523456848438,-5.035210170925301,-5.163626785885149,-5.041471449355109,-5.042299105855727,-5.196855894796029,-5.113904736845181,-5.133750445802233,-5.1221255197856035,-5.075218749971488,-5.072657683383716,-5.081245440051208,-4.9597974444747175,-5.0017959039103905,-5.07637067640317,-5.01492990615097,-5.10527513062585,-5.022344729868647,-5.638272163982407,-5.638272163982407,-5.638272163982407,-5.638272163982407,-5.638272163982407,-5.638272163982407,-5.638272163982407,-5.638272163982407,-5.638272163982407,-5.638272163982407,-5.638272163982407,-5.638272163982407,-5.638272163982407,-5.638272163982407,-5.638272163982407,-5.638272163982407,-5.638272163982407,-5.638272163982407,-5.638272163982407,-5.638272163982407
-5.141174690646507,-5.840095517114175,-5.889520829014087,-5.671760131987098,-5.891819645862878,-5.790848064727408,-5.891180664719508,-5.308630002361073,-5.805657268455053,-5.9907640879877775,-5.9598442096451745,-5.8559815468594865,-5.954980848562365,-5.927765253859679,-5.880022408893912,-5.995118088086016,-5.945620410758122,-5.947074877892436,-5.494185994180526,-5.915289355446371,-5.823908740944319,-5.823908740944319,-5.823908740944319,-5.823908740944319,-5.823908740944319,-5.823908740944319,-5.823908740944319,-5.823908740944319,-5.823908740944319,-5.823908740944319,-5.823908740944319,-5.823908740944319,-5.823908740944319,-5.823908740944319,-5.823908740944319,-5.823908740944319,-5.823908740944319,-5.823908740944319,-5.823908740944319,-5.823908740944319
-5.513819461202623,-5.36084201549947,-5.449292467797036,-5.387755031896765,-5.600863562617745,-5.363998241553434,-5.460593751166653,-5.437089088956047,-5.435545661380259,-5.47915716813936,-5.503802736592793,-5.484009671652003,-5.623502901995883,-5.6019229979619,-5.365254836095751,-5.383796683908554,-5.570040443385489,-5.335667690194733,-5.421971590026974,-5.416190564327833,-5.585026652029182,-5.585026652029182,-5.585026652029182,-5.585026652029182,-5.585026652029182,-5.585026652029182,-5.585026652029182,-5.585026652029182,-5.585026652029182,-5.585026652029182,-5.585026652029182,-5.585026652029182,-5.585026652029182,-5.585026652029182,-5.585026652029182,-5.585026652029182,-5.585026652029182,-5.585026652029182,-5.585026652029182,-5.585026652029182
-5.55748817045622,-5.399767048335164,-5.410056673740519,-5.394272828037695,-5.525123900766795,-5.360878735100371,-5.388518719619188,-5.511858111450992,-5.435086278706285,-5.5209360034159705,-5.511673081705334,-5.5166840460789635,-5.544461502552531,-5.5342559309948145,-5.331453565242888,-5.388463507745681,-5.457976666211573,-5.373944649194137,-5.4799571042842405,-5.402663362541582,-5.853871964321762,-5.853871964321762,-5.853871964321762,-5.853871964321762,-5.853871964321762,-5.853871964321762,-5.853871964321762,-5.853871964321762,-5.853871964321762,-5.853871964321762,-5.853871964321762,-5.853871964321762,-5.853871964321762,-5.853871964321762,-5.853871964321762,-5.853871964321762,-5.853871964321762,-5.853871964321762,-5.853871964321762,-5.853871964321762
-5.042564056252367,-4.891704863701623,-5.123530965436032,-5.01566160130448,-5.122306327674373,-5.02587557696637,-5.009843738171969,-5.189342459806979,-5.087165120345336,-5.114560449311024,-5.090595414595671,-5.056785069981648,-5.005157280838824,-5.058415835440096,-4.962498065963014,-4.984592237539744,-5.025613310814962,-5.038181686932765,-5.089210790216697,-4.994906564793703,-5.075720713938118,-5.075720713938118,-5.075720713938118,-5.075720713938118,-5.075720713938118,-5.075720713938118,-5.075720713938118,-5.075720713938118,-5.075720713938118,-5.075720713938118,-5.075720713938118,-5.075720713938118,-5.075720713938118,-5.075720713938118,-5.075720713938118,-5.075720713938118,-5.075720713938118,-5.075720713938118,-5.075720713938118,-5.075720713938118
-5.332003477373016,-5.300406615914742,-5.5031985929094125,-5.327403433417016,-5.586501469316322,-5.373486810137348,-5.471559276344107,-5.412129082999123,-5.488914088005423,-5.551936677238928,-5.576795775848139,-5.5002918581101845,-5.545407660061795,-5.560286838873742,-5.353690061143709,-5.392329217670621,-5.480108807256525,-5.42190092092138,-5.483666141501568,-5.437735814861622,-5.585026652029182,-5.585026652029182,-5.585026652029182,-5.585026652029182,-5.585026652029182,-5.585026652029182,-5.585026652029182,-5.585026652029182,-5.585026652029182,-5.585026652029182,-5.585026652029182,-5.585026652029182,-5.585026652029182,-5.585026652029182,-5.585026652029182,-5.585026652029182,-5.585026652029182,-5.585026652029182,-5.585026652029182,-5.585026652029182
-5.344793674715772,-5.31545163673966,-5.456876771141376,-5.311412407763804,-5.541416070407991,-5.360184898478487,-5.429030284635897,-5.370995818074187,-5.480992912938532,-5.511312690213351,-5.544170787576312,-5.481186061717284,-5.505724351375634,-5.485525648357591,-5.305515772373241,-5.355816688474281,-5.412656332868007,-5.363997497695942,-5.481383804022982,-5.400563962569878,-5.585026652029182,-5.585026652029182,-5.585026652029182,-5.585026652029182,-5.585026652029182,-5.585026652029182,-5.585026652029182,-5.585026652029182,-5.585026652029182,-5.585026652029182,-5.585026652029182,-5.585026652029182,-5.585026652029182,-5.585026652029182,-5.585026652029182,-5.585026652029182,-5.585026652029182,-5.585026652029182,-5.585026652029182,-5.585026652029182
-5.753885663401672,-5.737826891699533,-5.813514306957083,-5.67027893828036,-5.7663164025154074,-5.850782884136438,-5.7555761181160205,-5.641343901167007,-5.7349513329335835,-5.796778990891788,-5.810448581244261,-5.8447782407730315,-5.832577294971836,-5.814078274868335,-5.849110235540906,-5.773438943858204,-5.720813074678723,-5.833740254242274,-5.907093636061508,-5.849134275182783,-5.721246399047171,-5.721246399047171,-5.721246399047171,-5.721246399047171,-5.721246399047171,-5.721246399047171,-5.721246399047171,-5.721246399047171,-5.721246399047171,-5.721246399047171,-5.721246399047171,-5.721246399047171,-5.721246399047171,-5.721246399047171,-5.721246399047171,-5.721246399047171,-5.721246399047171,-5.721246399047171,-5.721246399047171,-5.721246399047171
-5.737581036598749,-5.841901166676245,-5.862982704171391,-5.805390470457497,-5.826025712316668,-5.815317306153953,-5.8410721127310845,-5.831381302832342,-5.83117005574236,-5.852909699862845,-5.837215440180415,-5.840318684215181,-5.842274755514505,-5.870702441173313,-5.862650711475766,-5.827202272770793,-5.817865809907331,-5.860453034548139,-5.852506582276641,-5.825558373273028,-5.221848749616356,-5.221848749616356,-5.221848749616356,-5.221848749616356,-5.221848749616356,-5.221848749616356,-5.221848749616356,-5.221848749616356,-5.221848749616356,-5.221848749616356,-5.221848749616356,-5.221848749616356,-5.221848749616356,-5.221848749616356,-5.221848749616356,-5.221848749616356,-5.221848749616356,-5.221848749616356,-5.221848749616356,-5.221848749616356
-5.627173174901063,-5.66585094847652,-5.701966679336159,-5.616591411995871,-5.67281082506297,-5.693166522604815,-5.654104682559408,-5.603532653571645,-5.661123621018904,-5.69922218497663,-5.72018398094329,-5.714659714988712,-5.679992667049533,-5.668005048261529,-5.6897885492811415,-5.651108924070772,-5.612759237896161,-5.6708933235016765,-5.684030900584819,-5.691501986165473,-5.508638306165727,-5.508638306165727,-5.508638306165727,-5.508638306165727,-5.508638306165727,-5.508638306165727,-5.508638306165727,-5.508638306165727,-5.508638306165727,-5.508638306165727,-5.508638306165727,-5.508638306165727,-5.508638306165727,-5.508638306165727,-5.508638306165727,-5.508638306165727,-5.508638306165727,-5.508638306165727,-5.508638306165727,-5.508638306165727
-6.193584748742119,-6.379045962365216,-6.309889726257959,-6.379807061399103,-6.281580951838683,-6.190130254573453,-6.311028191669127,-6.405072613997917,-6.257983255198147,-6.296173382919161,-6.288981329429277,-6.243900251066142,-6.287113020726722,-6.308203115434522,-6.288072132504186,-6.353255388638013,-6.319016419555847,-6.314589012073688,-6.246506445379872,-6.278624527392061,-5.769551078621726,-5.769551078621726,-5.769551078621726,-5.769551078621726,-5.769551078621726,-5.769551078621726,-5.769551078621726,-5.769551078621726,-5.769551078621726,-5.769551078621726,-5.769551078621726,-5.769551078621726,-5.769551078621726,-5.769551078621726,-5.769551078621726,-5.769551078621726,-5.769551078621726,-5.769551078621726,-5.769551078621726,-5.769551078621726
-5.945739270917397,-6.017622624441641,-6.101924843995303,-6.0103870589423485,-6.080066732067002,-6.013868782308359,-6.078008696972282,-6.014572032270801,-5.994728415760783,-6.035186048597187,-6.059241341527337,-6.0342477105273575,-6.066816045948537,-6.122839249704876,-6.065194190160293,-6.077854350051929,-6.107597411519256,-6.105486289254078,-6.12468107603798,-6.071198792033168,-5.823908740944319,-5.823908740944319,-5.823908740944319,-5.823908740944319,-5.823908740944319,-5.823908740944319,-5.823908740944319,-5.823908740944319,-5.823908740944319,-5.823908740944319,-5.823908740944319,-5.823908740944319,-5.823908740944319,-5.823908740944319,-5.823908740944319,-5.823908740944319,-5.823908740944319,-5.823908740944319,-5.823908740944319,-5.823908740944319
-5.946948123547214,-5.902461082924739,-6.088304651209067,-5.858082387263805,-6.048308448186433,-5.94925023456361,-6.1499740998180705,-5.985690370399255,-5.895366623864611,-6.011277231015266,-5.9702191054424025,-5.945513202686011,-6.024904725955729,-6.258373283622399,-6.161185972034577,-6.020868282545214,-6.102728094031642,-6.132308986070899,-6.298537348710235,-6.046362134575514,-5.7447274948966935,-5.7447274948966935,-5.7447274948966935,-5.7447274948966935,-5.7447274948966935,-5.7447274948966935,-5.7447274948966935,-5.7447274948966935,-5.7447274948966935,-5.7447274948966935,-5.7447274948966935,-5.7447274948966935,-5.7447274948966935,-5.7447274948966935,-5.7447274948966935,-5.7447274948966935,-5.7447274948966935,-5.7447274948966935,-5.7447274948966935,-5.7447274948966935
-5.945833784058862,-6.0071734734295665,-6.09784655519168,-5.996344126432422,-6.104134447545777,-5.973787791643873,-6.089201021165062,-5.997836492380075,-5.981887245371714,-6.019831343508814,-6.062544332893955,-6.020492542387845,-6.040048108486336,-6.105515703342329,-6.014294266131176,-6.021218186731774,-6.049094610118461,-6.049439371407936,-6.132162348936781,-6.040593227735472,-6.136677139879544,-6.136677139879544,-6.136677139879544,-6.136677139879544,-6.136677139879544,-6.136677139879544,-6.136677139879544,-6.136677139879544,-6.136677139879544,-6.136677139879544,-6.136677139879544,-6.136677139879544,-6.136677139879544,-6.136677139879544,-6.136677139879544,-6.136677139879544,-6.136677139879544,-6.136677139879544,-6.136677139879544,-6.136677139879544
-5.778519594320243,-5.814732071500548,-5.9208974009832565,-5.78683589927039,-5.949523133771814,-5.796227561750413,-5.920306598739221,-5.837972716972729,-5.7935256958955135,-5.7833439544848835,-5.853636146743757,-5.81961938949039,-5.906664404547547,-5.98107002148277,-5.885789634140956,-5.786962006767316,-5.906177670716754,-5.821970706085938,-6.019468476631778,-5.826229090144301,-6.017728766960432,-6.017728766960432,-6.017728766960432,-6.017728766960432,-6.017728766960432,-6.017728766960432,-6.017728766960432,-6.017728766960432,-6.017728766960432,-6.017728766960432,-6.017728766960432,-6.017728766960432,-6.017728766960432,-6.017728766960432,-6.017728766960432,-6.017728766960432,-6.017728766960432,-6.017728766960432,-6.017728766960432,-6.017728766960432
-5.849830863234957,-5.9104902556394885,-6.0538604206873385,-5.897770621924815,-6.073468232841749,-5.905831418194204,-6.052062507686297,-5.925550506552321,-5.8858047549567365,-5.91771225333844,-5.983886008723308,-5.930592116017863,-6.002718278676758,-6.098043480869136,-5.988835674611138,-5.942182077118549,-6.031626265727782,-5.987174682190225,-6.158391076690105,-5.975424802568129,-6.055517327849832,-6.055517327849832,-6.055517327849832,-6.055517327849832,-6.055517327849832,-6.055517327849832,-6.055517327849832,-6.055517327849832,-6.055517327849832,-6.055517327849832,-6.055517327849832,-6.055517327849832,-6.055517327849832,-6.055517327849832,-6.055517327849832,-6.055517327849832,-6.055517327849832,-6.055517327849832,-6.055517327849832,-6.055517327849832
-5.207535488842144,-5.232741226357944,-5.081314711277198,-5.241029494577754,-5.243747563777336,-5.386310612131961,-5.247831795263605,-5.060405300809038,-5.238521393331459,-5.6254715481130955,-5.7036727419030795,-5.40231478267278,-5.563762288590159,-4.8875654158561535,-5.256825190856836,-5.425644568966578,-5.357866701622669,-5.091308189739641,-5.315819658371139,-5.435563390190049,-6.142667503568732,-6.142667503568732,-6.142667503568732,-6.142667503568732,-6.142667503568732,-6.142667503568732,-6.142667503568732,-6.142667503568732,-6.142667503568732,-6.142667503568732,-6.142667503568732,-6.142667503568732,-6.142667503568732,-6.142667503568732,-6.142667503568732,-6.142667503568732,-6.142667503568732,-6.142667503568732,-6.142667503568732,-6.142667503568732
-6.500690964992247,-6.6235751145052255,-6.548739102214065,-6.580100254719968,-6.47346945252133,-6.558330689663009,-6.534673319768569,-6.52818246037184,-6.632731038390625,-6.514003453648073,-6.548395529803439,-6.570602232321193,-6.562506961824338,-6.464779414179356,-6.49889764526557,-6.504813739973751,-6.503801728654129,-6.501499957121442,-6.454301063622434,-6.523743645405869,-6.2441251443275085,-6.2441251443275085,-6.2441251443275085,-6.2441251443275085,-6.2441251443275085,-6.2441251443275085,-6.2441251443275085,-6.2441251443275085,-6.2441251443275085,-6.2441251443275085,-6.2441251443275085,-6.2441251443275085,-6.2441251443275085,-6.2441251443275085,-6.2441251443275085,-6.2441251443275085,-6.2441251443275085,-6.2441251443275085,-6.2441251443275085,-6.2441251443275085
-5.946449326755287,-5.877419115202203,-5.902681339071291,-5.8578429613059155,-5.918422852582819,-5.85853604111829,-5.906756728160824,-5.9342970149021355,-5.820982103532503,-5.871079845041279,-5.8356659586049675,-5.80472864346332,-5.899068964579152,-5.9898923839509095,-6.010576179396797,-5.9344962558073995,-6.000227977498348,-5.985963641278242,-6.030872923349219,-5.906955987198139,-6.022276394711152,-6.022276394711152,-6.022276394711152,-6.022276394711152,-6.022276394711152,-6.022276394711152,-6.022276394711152,-6.022276394711152,-6.022276394711152,-6.022276394711152,-6.022276394711152,-6.022276394711152,-6.022276394711152,-6.022276394711152,-6.022276394711152,-6.022276394711152,-6.022276394711152,-6.022276394711152,-6.022276394711152,-6.022276394711152
-5.367881216346651,-5.297204151310053,-5.2837914384368085,-5.195313120690745,-5.3041558912293745,-5.325161460105783,-5.281532387306571,-5.276577432370691,-5.271769164937368,-5.335565081354689,-5.341075972246932,-5.285443652710159,-5.3155719841188045,-5.30576658523745,-5.455945100879982,-5.238397759350445,-5.343779381544775,-5.333662473156342,-5.382358592099032,-5.264969584945491,-5.508638306165727,-5.508638306165727,-5.508638306165727,-5.508638306165727,-5.508638306165727,-5.508638306165727,-5.508638306165727,-5.508638306165727,-5.508638306165727,-5.508638306165727,-5.508638306165727,-5.508638306165727,-5.508638306165727,-5.508638306165727,-5.508638306165727,-5.508638306165727,-5.508638306165727,-5.508638306165727,-5.508638306165727,-5.508638306165727
-5.53712370644839,-5.465053748888977,-5.451645218518027,-5.386544464684959,-5.442595808019908,-5.462607749909155,-5.432072717688407,-5.45539545950592,-5.444898440633417,-5.486659387206791,-5.482406587452499,-5.446289561884581,-5.462432622233548,-5.469043339832297,-5.575205634359254,-5.412218533323235,-5.471090812772017,-5.493958937608238,-5.493995880966687,-5.428367200824943,-5.958607314841775,-5.958607314841775,-5.958607314841775,-5.958607314841775,-5.958607314841775,-5.958607314841775,-5.958607314841775,-5.958607314841775,-5.958607314841775,-5.958607314841775,-5.958607314841775,-5.958607314841775,-5.958607314841775,-5.958607314841775,-5.958607314841775,-5.958607314841775,-5.958607314841775,-5.958607314841775,-5.958607314841775,-5.958607314841775
-5.322681754643996,-5.265049801801257,-5.206075687892027,-5.16860513868602,-5.259304863914642,-5.313304328333931,-5.2236859533719695,-5.2175772932563085,-5.264790745336089,-5.3271807151269615,-5.348368653163358,-5.265412258948912,-5.317107772153613,-5.197218642880824,-5.397117722350366,-5.209095395319959,-5.30257368792006,-5.249054727748859,-5.3369602715360065,-5.249230849551596,-5.2839966563652006,-5.2839966563652006,-5.2839966563652006,-5.2839966563652006,-5.2839966563652006,-5.2839966563652006,-5.2839966563652006,-5.2839966563652006,-5.2839966563652006,-5.2839966563652006,-5.2839966563652006,-5.2839966563652006,-5.2839966563652006,-5.2839966563652006,-5.2839966563652006,-5.2839966563652006,-5.2839966563652006,-5.2839966563652006,-5.2839966563652006,-5.2839966563652006
-5.424172598314903,-5.366249922151895,-5.427745278718335,-5.355747416925435,-5.488916718349928,-5.416681265479919,-5.4733961157230695,-5.402507301383858,-5.364129914687759,-5.5267454636889966,-5.551388349998401,-5.391721541367512,-5.550439665975147,-5.484592441155868,-5.5771839158413306,-5.494474237713487,-5.603666282267895,-5.492755914939997,-5.658387100411898,-5.482809501554556,-4.431798275933005,-4.431798275933005,-4.431798275933005,-4.431798275933005,-4.431798275933005,-4.431798275933005,-4.431798275933005,-4.431798275933005,-4.431798275933005,-4.431798275933005,-4.431798275933005,-4.431798275933005,-4.431798275933005,-4.431798275933005,-4.431798275933005,-4.431798275933005,-4.431798275933005,-4.431798275933005,-4.431798275933005,-4.431798275933005
-5.304775683658483,-5.220447645509234,-5.250631289558265,-5.100082460815664,-5.246224916239268,-5.243397549819042,-5.226040590543628,-5.214717855263434,-5.1801424675038,-5.2417218144525854,-5.2331423710242655,-5.198360826160157,-5.227488396536493,-5.311880363151183,-5.4322272965900105,-5.15841792910455,-5.297800489572441,-5.314340108572859,-5.34225160976735,-5.18168299335811,-5.259637310505756,-5.259637310505756,-5.259637310505756,-5.259637310505756,-5.259637310505756,-5.259637310505756,-5.259637310505756,-5.259637310505756,-5.259637310505756,-5.259637310505756,-5.259637310505756,-5.259637310505756,-5.259637310505756,-5.259637310505756,-5.259637310505756,-5.259637310505756,-5.259637310505756,-5.259637310505756,-5.259637310505756,-5.259637310505756
-5.798630084561099,-5.775718340084714,-5.821421687918247,-5.803954183519066,-5.836116309633597,-5.794681605993977,-5.81649105545715,-5.790424449280561,-5.813277972590464,-5.888218285610903,-5.8809215548681,-5.81836952017295,-5.893019282580523,-5.8305238856227435,-5.817224866583262,-5.863908712570395,-5.870970443246695,-5.8375619224026325,-5.910682060034411,-5.845683480785065,-5.552841968657781,-5.552841968657781,-5.552841968657781,-5.552841968657781,-5.552841968657781,-5.552841968657781,-5.552841968657781,-5.552841968657781,-5.552841968657781,-5.552841968657781,-5.552841968657781,-5.552841968657781,-5.552841968657781,-5.552841968657781,-5.552841968657781,-5.552841968657781,-5.552841968657781,-5.552841968657781,-5.552841968657781,-5.552841968657781
-6.173836320993924,-6.197035611358076,-6.133108442024029,-6.180469561782766,-6.121243299814048,-6.074953371333046,-6.1437326268476635,-6.202495505188903,-6.083409729256464,-6.10282303044573,-6.125537941772328,-6.083449547604299,-6.138178305651758,-6.118927149941219,-6.140256540345996,-6.1429272701626525,-6.165033359205943,-6.141688115302681,-6.107844981606439,-6.0781969013354376,-6.318758762624412,-6.318758762624412,-6.318758762624412,-6.318758762624412,-6.318758762624412,-6.318758762624412,-6.318758762624412,-6.318758762624412,-6.318758762624412,-6.318758762624412,-6.318758762624412,-6.318758762624412,-6.318758762624412,-6.318758762624412,-6.318758762624412,-6.318758762624412,-6.318758762624412,-6.318758762624412,-6.318758762624412,-6.318758762624412
-5.627618347485399,-5.6525148432128445,-5.685044573450738,-5.667239268198338,-5.84806280478074,-5.6203059077742425,-5.688935156230726,-5.684548911666948,-5.662002656940204,-5.6400340716037904,-5.724032873066015,-5.668347126472778,-5.774073011182879,-5.733899143888438,-5.639641586919467,-5.603054586816449,-5.740763149457156,-5.573750377089689,-5.777147330497462,-5.668075522005057,-6.013228265733755,-6.013228265733755,-6.013228265733755,-6.013228265733755,-6.013228265733755,-6.013228265733755,-6.013228265733755,-6.013228265733755,-6.013228265733755,-6.013228265733755,-6.013228265733755,-6.013228265733755,-6.013228265733755,-6.013228265733755,-6.013228265733755,-6.013228265733755,-6.013228265733755,-6.013228265733755,-6.013228265733755,-6.013228265733755
-5.3363111277920465,-5.316776022158813,-5.328630259759791,-5.019438117741674,-5.041049568548844,-5.309204842159524,-5.160207888234846,-5.105773481088715,-5.1238026275593525,-5.137642945911712,-5.135705924902093,-5.317242633116471,-5.0841238695092645,-5.2689183322257795,-5.265349437214891,-5.07636535723619,-5.116670913941831,-5.234236449333405,-5.08499860325036,-5.0089070411191186,-5.040958607678906,-5.040958607678906,-5.040958607678906,-5.040958607678906,-5.040958607678906,-5.040958607678906,-5.040958607678906,-5.040958607678906,-5.040958607678906,-5.040958607678906,-5.040958607678906,-5.040958607678906,-5.040958607678906,-5.040958607678906,-5.040958607678906,-5.040958607678906,-5.040958607678906,-5.040958607678906,-5.040958607678906,-5.040958607678906
-5.151131056766092,-5.244518677994594,-5.225503458354718,-5.199099649445447,-5.257497290020575,-5.096018800729304,-4.9613517761778425,-5.308374470239562,-4.803514127248603,-5.1086362567186745,-5.036724856000109,-5.142402798641343,-5.06341708892891,-5.189915798033277,-5.151293318310306,-5.1024473364848255,-5.045418452839308,-5.2059030371754975,-4.992014186887214,-4.994702079850062,-4.920818753952375,-4.920818753952375,-4.920818753952375,-4.920818753952375,-4.920818753952375,-4.920818753952375,-4.920818753952375,-4.920818753952375,-4.920818753952375,-4.920818753952375,-4.920818753952375,-4.920818753952375,-4.920818753952375,-4.920818753952375,-4.920818753952375,-4.920818753952375,-4.920818753952375,-4.920818753952375,-4.920818753952375,-4.920818753952375
-5.297310201656938,-5.298632106935272,-5.304535434069965,-5.0576930398959306,-5.066153419281984,-5.2862293329295085,-5.190125672550587,-5.11093283630243,-5.132947131147031,-5.166907052443096,-5.173195309663965,-5.291928174133835,-5.104929881326632,-5.2423375109840835,-5.258052059946477,-5.072269627616877,-5.148066381825282,-5.215957701765358,-5.094689581917449,-5.014083018193329,-6.136677139879544,-6.136677139879544,-6.136677139879544,-6.136677139879544,-6.136677139879544,-6.136677139879544,-6.136677139879544,-6.136677139879544,-6.136677139879544,-6.136677139879544,-6.136677139879544,-6.136677139879544,-6.136677139879544,-6.136677139879544,-6.136677139879544,-6.136677139879544,-6.136677139879544,-6.136677139879544,-6.136677139879544,-6.136677139879544
-4.388518127522063,-4.549810931071812,-4.441502533479078,-4.694802261768879,-4.886770960887058,-4.340694778711247,-4.933013093267982,-4.650523450075106,-4.746173226501249,-4.920620494950602,-4.87817515247119,-4.288394643229612,-4.928061188323741,-4.3443079888743235,-4.535772957265655,-4.823530284427318,-4.845588476637682,-4.50998345857843,-4.74575807788241,-4.847712996829237,-5.721246399047171,-5.721246399047171,-5.721246399047171,-5.721246399047171,-5.721246399047171,-5.721246399047171,-5.721246399047171,-5.721246399047171,-5.721246399047171,-5.721246399047171,-5.721246399047171,-5.721246399047171,-5.721246399047171,-5.721246399047171,-5.721246399047171,-5.721246399047171,-5.721246399047171,-5.721246399047171,-5.721246399047171,-5.721246399047171
-5.032950049155783,-5.154619362439666,-5.151585286068805,-5.233094561329113,-5.2377127550765445,-5.018105996401623,-5.003113618990627,-5.33836456895209,-4.798544699837633,-5.11567808536301,-5.044379397463786,-5.057113832259716,-5.05892518758462,-5.106194191728091,-5.090729254971076,-5.103998964742597,-5.077740110133374,-5.130776606537598,-4.986561703584039,-4.988877328096665,-6.0,-6.0,-6.0,-6.0,-6.0,-6.0,-6.0,-6.0,-6.0,-6.0,-6.0,-6.0,-6.0,-6.0,-6.0,-6.0,-6.0,-6.0,-6.0,-6.0
-4.93968106464505,-5.051780846446355,-5.048478091571476,-5.1115321640846,-5.132352982099929,-4.92603730550065,-5.021293169929764,-5.079344288504804,-4.996395877545355,-5.1366412980046485,-5.0863287073867625,-4.942018223969172,-5.03793467557955,-5.016133557946386,-5.031704050475313,-5.02146086806319,-5.0119278777572935,-5.026199099132998,-4.8968434405773875,-4.957603015278386,-6.0,-6.0,-6.0,-6.0,-6.0,-6.0,-6.0,-6.0,-6.0,-6.0,-6.0,-6.0,-6.0,-6.0,-6.0,-6.0,-6.0,-6.0,-6.0,-6.0
-5.121616037323881,-5.139799887198931,-4.990547111487575,-4.9504287583542945,-5.115002991397517,-4.9369279904408225,-4.90150202956501,-5.004074124919954,-4.968989896514771,-5.062892029170886,-5.021657716460183,-4.957681390919311,-4.945087552276257,-4.902399643136621,-4.871785724490608,-5.0169058758609255,-4.902829342678367,-4.918658493719896,-4.768184340116267,-4.849786477063869,-5.327902142064283,-5.327902142064283,-5.327902142064283,-5.327902142064283,-5.327902142064283,-5.327902142064283,-5.327902142064283,-5.327902142064283,-5.327902142064283,-5.327902142064283,-5.327902142064283,-5.327902142064283,-5.327902142064283,-5.327902142064283,-5.327902142064283,-5.327902142064283,-5.327902142064283,-5.327902142064283,-5.327902142064283,-5.327902142064283
-5.312327812319304,-5.276827068391229,-5.257206496059509,-4.981588877016147,-5.066463358745208,-5.245286874904093,-5.012594169303532,-5.0615038287745255,-5.005975899807819,-5.1156180652845675,-5.076315139135809,-5.244643492404593,-5.005660803356053,-5.212232923804729,-5.15777441599274,-5.0970358270822285,-5.004912830519445,-5.125143587074781,-4.948018621501714,-4.946761948109884,-5.886056647693163,-5.886056647693163,-5.886056647693163,-5.886056647693163,-5.886056647693163,-5.886056647693163,-5.886056647693163,-5.886056647693163,-5.886056647693163,-5.886056647693163,-5.886056647693163,-5.886056647693163,-5.886056647693163,-5.886056647693163,-5.886056647693163,-5.886056647693163,-5.886056647693163,-5.886056647693163,-5.886056647693163,-5.886056647693163
-4.821565406146573,-4.899080629239646,-4.925740424476171,-4.8574015307204865,-4.97651249764027,-4.865876640347676,-5.002186807893741,-4.829930774770503,-4.910262002462306,-5.058799334050311,-5.027992482842235,-4.825434006223131,-4.979086679988097,-4.894629183894282,-4.962659820098465,-4.961568294944618,-4.938594005351751,-4.848810294278374,-4.824923059216235,-4.8609822309091815,-5.769551078621726,-5.769551078621726,-5.769551078621726,-5.769551078621726,-5.769551078621726,-5.769551078621726,-5.769551078621726,-5.769551078621726,-5.769551078621726,-5.769551078621726,-5.769551078621726,-5.769551078621726,-5.769551078621726,-5.769551078621726,-5.769551078621726,-5.769551078621726,-5.769551078621726,-5.769551078621726,-5.769551078621726,-5.769551078621726
-5.289238702391658,-5.2803152370901785,-5.2882066097963,-5.023349063203401,-5.117419933308274,-5.26756715571602,-5.089885068615053,-5.064884160396387,-5.057018418271457,-5.170921918010479,-5.146115928488874,-5.267176710760134,-5.059506478343072,-5.253710984041618,-5.2257368604083885,-5.101707949479236,-5.073641074572947,-5.168572700533236,-5.010691894099858,-4.984161144983347,-4.292429823902063,-4.292429823902063,-4.292429823902063,-4.292429823902063,-4.292429823902063,-4.292429823902063,-4.292429823902063,-4.292429823902063,-4.292429823902063,-4.292429823902063,-4.292429823902063,-4.292429823902063,-4.292429823902063,-4.292429823902063,-4.292429823902063,-4.292429823902063,-4.292429823902063,-4.292429823902063,-4.292429823902063,-4.292429823902063
-5.451709251794145,-5.366176581831278,-5.43564528660584,-4.887205724151834,-4.938386480276435,-5.416177776975406,-5.153373337812967,-5.013341548657262,-5.181686668261915,-5.083296318317899,-5.0695103138034465,-5.421496981832372,-5.0643235601396075,-5.411310803222165,-5.388023562006286,-5.0836751870251735,-5.055017129570526,-5.331768121313653,-5.095792465553257,-5.01320853375727,-5.958607314841775,-5.958607314841775,-5.958607314841775,-5.958607314841775,-5.958607314841775,-5.958607314841775,-5.958607314841775,-5.958607314841775,-5.958607314841775,-5.958607314841775,-5.958607314841775,-5.958607314841775,-5.958607314841775,-5.958607314841775,-5.958607314841775,-5.958607314841775,-5.958607314841775,-5.958607314841775,-5.958607314841775,-5.958607314841775
-5.356136675371987,-5.364667103806208,-5.295014172627898,-5.183901741775877,-5.168275214151615,-5.19833010977695,-5.010361036230311,-5.347176877117654,-4.931154637578156,-5.128923723958901,-5.0807279594651575,-5.232816722696028,-5.1388622629169545,-5.213487787255269,-5.194088985416325,-5.115377241249873,-5.078767754508642,-5.245445563089672,-5.067675418640945,-5.0318533188229075,-4.795880017344075,-4.795880017344075,-4.795880017344075,-4.795880017344075,-4.795880017344075,-4.795880017344075,-4.795880017344075,-4.795880017344075,-4.795880017344075,-4.795880017344075,-4.795880017344075,-4.795880017344075,-4.795880017344075,-4.795880017344075,-4.795880017344075,-4.795880017344075,-4.795880017344075,-4.795880017344075,-4.795880017344075,-4.795880017344075
-4.497336275469954,-4.635775068431949,-4.57420781792166,-4.716268975821274,-4.907708038773639,-4.482659143466733,-4.902824840013778,-4.6598648104452,-4.805322369518972,-4.987511347496578,-4.929970371598299,-4.42155875143724,-4.939269934539903,-4.51200227833921,-4.655825175552286,-4.870524067503298,-4.8504342102895155,-4.616610743187852,-4.763810523318958,-4.890940341763623,-5.366531544420414,-5.366531544420414,-5.366531544420414,-5.366531544420414,-5.366531544420414,-5.366531544420414,-5.366531544420414,-5.366531544420414,-5.366531544420414,-5.366531544420414,-5.366531544420414,-5.366531544420414,-5.366531544420414,-5.366531544420414,-5.366531544420414,-5.366531544420414,-5.366531544420414,-5.366531544420414,-5.366531544420414,-5.366531544420414
-4.6883795268029544,-4.811466739135911,-4.734812335881558,-5.022531213877169,-5.000018741885833,-4.5922753047491325,-4.90677722310324,-5.134802610510631,-4.846134382130075,-5.065036417662225,-4.961422974809233,-4.594483942328213,-4.974109021963553,-4.652267325104728,-4.6801686672231515,-5.054799412184743,-4.942504643617636,-4.7210929065352465,-4.802926610060853,-4.9348391586568106,-5.0,-5.0,-5.0,-5.0,-5.0,-5.0,-5.0,-5.0,-5.0,-5.0,-5.0,-5.0,-5.0,-5.0,-5.0,-5.0,-5.0,-5.0,-5.0,-5.0
-4.27489895685055,-4.4617291640270675,-4.391303351771648,-4.718803083886507,-4.768039843559359,-4.310793953604731,-5.011907609792194,-4.631149725294575,-4.773830585921377,-4.9431302235546895,-4.913361821453741,-4.238760850876765,-4.952549224998732,-4.297576799225185,-4.541814093331834,-4.794515827932067,-4.901102824738112,-4.472092555716073,-4.787861991942535,-4.862366374627052,-4.7447274948966935,-4.7447274948966935,-4.7447274948966935,-4.7447274948966935,-4.7447274948966935,-4.7447274948966935,-4.7447274948966935,-4.7447274948966935,-4.7447274948966935,-4.7447274948966935,-4.7447274948966935,-4.7447274948966935,-4.7447274948966935,-4.7447274948966935,-4.7447274948966935,-4.7447274948966935,-4.7447274948966935,-4.7447274948966935,-4.7447274948966935,-4.7447274948966935
-4.373416339597865,-4.515423603216431,-4.40842780449337,-4.666355118361623,-4.760620298817407,-4.343870511962562,-4.941014982782177,-4.622904783048433,-4.711600990511855,-4.866649033178802,-4.812738320804105,-4.291614149378617,-4.870341752598842,-4.312606939739182,-4.514876170357228,-4.817619116756358,-4.8237007420654,-4.483967307553994,-4.723914006372183,-4.813695904284335,-4.920818753952375,-4.920818753952375,-4.920818753952375,-4.920818753952375,-4.920818753952375,-4.920818753952375,-4.920818753952375,-4.920818753952375,-4.920818753952375,-4.920818753952375,-4.920818753952375,-4.920818753952375,-4.920818753952375,-4.920818753952375,-4.920818753952375,-4.920818753952375,-4.920818753952375,-4.920818753952375,-4.920818753952375,-4.920818753952375
-5.090030383136826,-5.133501547106181,-5.089105759070183,-5.033362297938103,-5.032213942811571,-5.009988332409237,-4.984962537266312,-5.078906686761339,-5.00716792414013,-5.0675484086033125,-5.036153255214853,-5.024236157262922,-5.002851889864748,-5.024594008315577,-5.003331824685214,-5.020426927150746,-4.974510471336757,-5.0175554349074565,-4.888075482340026,-4.924950693803538,-5.920818753952375,-5.920818753952375,-5.920818753952375,-5.920818753952375,-5.920818753952375,-5.920818753952375,-5.920818753952375,-5.920818753952375,-5.920818753952375,-5.920818753952375,-5.920818753952375,-5.920818753952375,-5.920818753952375,-5.920818753952375,-5.920818753952375,-5.920818753952375,-5.920818753952375,-5.920818753952375,-5.920818753952375,-5.920818753952375
-5.123548390125143,-5.146006730986451,-5.002952668235977,-4.958238587054553,-5.131305037462945,-4.93363274541439,-4.876693804732359,-4.989592385119639,-4.930727719041524,-5.043829527001566,-4.985014690122257,-4.972440455697282,-4.929524167622019,-4.940245344952502,-4.891625616162044,-5.022743337436331,-4.872840988502775,-4.949543700201752,-4.762067136971582,-4.852723963565959,-5.346787486224656,-5.346787486224656,-5.346787486224656,-5.346787486224656,-5.346787486224656,-5.346787486224656,-5.346787486224656,-5.346787486224656,-5.346787486224656,-5.346787486224656,-5.346787486224656,-5.346787486224656,-5.346787486224656,-5.346787486224656,-5.346787486224656,-5.346787486224656,-5.346787486224656,-5.346787486224656,-5.346787486224656,-5.346787486224656
-5.434933696844716,-5.392859663144888,-5.396178515242837,-4.990602262713992,-5.032968414576373,-5.3784466387111936,-5.148811734597344,-5.109419025553657,-5.13631662895012,-5.115110767736368,-5.112537898790312,-5.391942062734754,-5.07892780042984,-5.334154376748667,-5.3212777515437395,-5.073644267730057,-5.098407989637573,-5.30529021219383,-5.09140628976942,-5.007138228858484,-4.346787486224656,-4.346787486224656,-4.346787486224656,-4.346787486224656,-4.346787486224656,-4.346787486224656,-4.346787486224656,-4.346787486224656,-4.346787486224656,-4.346787486224656,-4.346787486224656,-4.346787486224656,-4.346787486224656,-4.346787486224656,-4.346787486224656,-4.346787486224656,-4.346787486224656,-4.346787486224656,-4.346787486224656,-4.346787486224656
-5.804440575362535,-5.6611829736959205,-5.727676398140319,-4.819640831305415,-5.052458745891665,-5.676521683357852,-5.140346379079208,-4.973307926752252,-5.227468805997048,-5.122071837436958,-5.052612292546502,-5.694843543841321,-5.154022820333239,-5.769249196894888,-5.7468331682108085,-5.152244119465567,-5.051162179580005,-5.753214681073466,-5.277040290928762,-5.2128184503945185,-5.920818753952375,-5.920818753952375,-5.920818753952375,-5.920818753952375,-5.920818753952375,-5.920818753952375,-5.920818753952375,-5.920818753952375,-5.920818753952375,-5.920818753952375,-5.920818753952375,-5.920818753952375,-5.920818753952375,-5.920818753952375,-5.920818753952375,-5.920818753952375,-5.920818753952375,-5.920818753952375,-5.920818753952375,-5.920818753952375
-5.337267851400843,-5.366107743867182,-5.7765794344265995,-5.442927610520109,-6.640229900301876,-5.003987741795455,-4.692152628505328,-5.485359327557527,-5.672745045671689,-5.714143037393676,-5.613724643298405,-5.112720662428033,-5.741447907930884,-6.022987303458299,-5.717377640318153,-5.57630436122451,-5.016506869229643,-5.662300502739966,-5.0196601092800215,-5.37311342908537,-5.568636235841013,-5.568636235841013,-5.568636235841013,-5.568636235841013,-5.568636235841013,-5.568636235841013,-5.568636235841013,-5.568636235841013,-5.568636235841013,-5.568636235841013,-5.568636235841013,-5.568636235841013,-5.568636235841013,-5.568636235841013,-5.568636235841013,-5.568636235841013,-5.568636235841013,-5.568636235841013,-5.568636235841013,-5.568636235841013
-4.691254821041148,-4.824949302579055,-4.7347775731484525,-5.040958608203815,-4.9378269251728835,-4.6103957927782835,-4.947099027908867,-5.139016627778433,-4.843205569174857,-5.033544875006221,-4.941168945416738,-4.618502525132682,-4.958634238235338,-4.640698883387229,-4.6865946371202805,-5.028098514370825,-4.959047003198177,-4.733516969693924,-4.81954315935753,-4.923678081170419,-6.031517051446065,-6.031517051446065,-6.031517051446065,-6.031517051446065,-6.031517051446065,-6.031517051446065,-6.031517051446065,-6.031517051446065,-6.031517051446065,-6.031517051446065,-6.031517051446065,-6.031517051446065,-6.031517051446065,-6.031517051446065,-6.031517051446065,-6.031517051446065,-6.031517051446065,-6.031517051446065,-6.031517051446065,-6.031517051446065
-5.392607027584541,-5.350936346353352,-5.354232676448606,-4.997356332752156,-5.0045677936270705,-5.326127150347727,-5.1421922861559715,-5.099105059342496,-5.15550083063072,-5.123194923232859,-5.1212394560624,-5.335244028779694,-5.098631976230903,-5.293771840769688,-5.2861440276176275,-5.066423794364195,-5.092610027011695,-5.266061945808922,-5.092205191763945,-5.020928003029157,-6.102372908709558,-6.102372908709558,-6.102372908709558,-6.102372908709558,-6.102372908709558,-6.102372908709558,-6.102372908709558,-6.102372908709558,-6.102372908709558,-6.102372908709558,-6.102372908709558,-6.102372908709558,-6.102372908709558,-6.102372908709558,-6.102372908709558,-6.102372908709558,-6.102372908709558,-6.102372908709558,-6.102372908709558,-6.102372908709558
-5.176098554511465,-5.1688804452520545,-5.156003272272163,-4.922657691879172,-5.104768176163242,-5.128478997335649,-5.008636714383548,-4.959585185159004,-5.034158687748349,-5.1499702845079725,-5.124454009998917,-5.114435417207335,-5.02896820637493,-5.1141419568816575,-5.081233862618991,-5.07039113681397,-5.004290708183292,-5.026144041840937,-4.931676890183635,-4.950578560156901,-5.823908740944319,-5.823908740944319,-5.823908740944319,-5.823908740944319,-5.823908740944319,-5.823908740944319,-5.823908740944319,-5.823908740944319,-5.823908740944319,-5.823908740944319,-5.823908740944319,-5.823908740944319,-5.823908740944319,-5.823908740944319,-5.823908740944319,-5.823908740944319,-5.823908740944319,-5.823908740944319,-5.823908740944319,-5.823908740944319
-5.345231270605039,-5.346627242103751,-5.2542277426259245,-5.098770740004151,-5.221498816544959,-5.152587221226774,-5.015143001171898,-5.280279110479777,-4.997107074433738,-5.169277834273307,-5.119658085676328,-5.1824829345074805,-5.1483477591832525,-5.165626328771062,-5.151805606599282,-5.1234976410106094,-5.077536914733359,-5.208143551574146,-5.0568201290646435,-5.045649570298732,-5.958607314841775,-5.958607314841775,-5.958607314841775,-5.958607314841775,-5.958607314841775,-5.958607314841775,-5.958607314841775,-5.958607314841775,-5.958607314841775,-5.958607314841775,-5.958607314841775,-5.958607314841775,-5.958607314841775,-5.958607314841775,-5.958607314841775,-5.958607314841775,-5.958607314841775,-5.958607314841775,-5.958607314841775,-5.958607314841775
-5.500730097288865,-5.440856379292086,-5.520861247861772,-4.994681345727832,-5.037326620702527,-5.470278150994201,-5.126863134916015,-5.124333036582856,-5.1641700542218585,-5.1187419601977835,-5.099556349790411,-5.485653216994374,-5.095770804663343,-5.504861560831411,-5.457908473028778,-5.100092203381061,-5.0760184813826035,-5.426830324109326,-5.113083556441807,-5.039838695942405,-5.823908740944319,-5.823908740944319,-5.823908740944319,-5.823908740944319,-5.823908740944319,-5.823908740944319,-5.823908740944319,-5.823908740944319,-5.823908740944319,-5.823908740944319,-5.823908740944319,-5.823908740944319,-5.823908740944319,-5.823908740944319,-5.823908740944319,-5.823908740944319,-5.823908740944319,-5.823908740944319,-5.823908740944319,-5.823908740944319
-6.038438853514203,-6.199030939787521,-6.000256790927272,-6.2719158502555805,-6.039132107728593,-6.032124609067321,-6.0968215386764335,-6.136197046888612,-6.463022871676977,-6.200142538321931,-6.425955951824315,-6.14891365318133,-6.33263146463482,-5.975541216400604,-5.909340812490024,-6.0714204778924605,-6.052707442912748,-5.8867402203638495,-5.90845735034253,-6.1299206447436845,-5.1487416512809245,-5.1487416512809245,-5.1487416512809245,-5.1487416512809245,-5.1487416512809245,-5.1487416512809245,-5.1487416512809245,-5.1487416512809245,-5.1487416512809245,-5.1487416512809245,-5.1487416512809245,-5.1487416512809245,-5.1487416512809245,-5.1487416512809245,-5.1487416512809245,-5.1487416512809245,-5.1487416512809245,-5.1487416512809245,-5.1487416512809245,-5.1487416512809245
-5.913860077496371,-5.928918916916183,-5.855184534447809,-5.943509228338898,-5.533724216557208,-5.994252776829577,-5.890432764164605,-5.867292519275307,-5.9582227137369825,-5.430173103836017,-6.026289223424481,-5.959504758427619,-6.046898622069344,-5.775868262095762,-5.9170569798974375,-5.988704681933525,-5.932697128384023,-5.870249903858579,-5.96539816523349,-6.003064017785961,-5.4089353929735005,-5.4089353929735005,-5.4089353929735005,-5.4089353929735005,-5.4089353929735005,-5.4089353929735005,-5.4089353929735005,-5.4089353929735005,-5.4089353929735005,-5.4089353929735005,-5.4089353929735005,-5.4089353929735005,-5.4089353929735005,-5.4089353929735005,-5.4089353929735005,-5.4089353929735005,-5.4089353929735005,-5.4089353929735005,-5.4089353929735005,-5.4089353929735005
-5.683763727132761,-5.698607601977346,-5.6685418986844445,-5.640169370937962,-5.656782982388149,-5.708434817587066,-5.64086110302457,-5.606472895061724,-5.698835082740595,-5.516180999072841,-5.723778942426,-5.685931422497494,-5.723531213309504,-5.666497997007621,-5.768581138019663,-5.648041595698115,-5.678884527148605,-5.697044061951763,-5.745411613492662,-5.661336519509103,-5.657577319177793,-5.657577319177793,-5.657577319177793,-5.657577319177793,-5.657577319177793,-5.657577319177793,-5.657577319177793,-5.657577319177793,-5.657577319177793,-5.657577319177793,-5.657577319177793,-5.657577319177793,-5.657577319177793,-5.657577319177793,-5.657577319177793,-5.657577319177793,-5.657577319177793,-5.657577319177793,-5.657577319177793,-5.657577319177793
-5.740682528445636,-5.757568392952291,-5.7001229433770435,-5.714439327077908,-5.562347382913587,-5.778845208131815,-5.677908124072036,-5.687221594804444,-5.761013095734969,-5.468185481892641,-5.79543021691083,-5.754459051984664,-5.770867788924913,-5.6540460774098085,-5.783499032136441,-5.73569178625906,-5.720656894610147,-5.74140027343146,-5.740584016249341,-5.754966915997852,-5.552841968657781,-5.552841968657781,-5.552841968657781,-5.552841968657781,-5.552841968657781,-5.552841968657781,-5.552841968657781,-5.552841968657781,-5.552841968657781,-5.552841968657781,-5.552841968657781,-5.552841968657781,-5.552841968657781,-5.552841968657781,-5.552841968657781,-5.552841968657781,-5.552841968657781,-5.552841968657781,-5.552841968657781,-5.552841968657781
-6.1946114922354605,-6.184544483523565,-6.139824434119694,-6.191283399470777,-6.170382027104067,-6.0970370941844125,-6.1623983382922045,-6.209388409148868,-6.127995344977584,-6.149141756714078,-6.184906244182756,-6.129293816747237,-6.170214532851422,-6.1205918737528116,-6.135395493410608,-6.157531215504203,-6.142456016155953,-6.131902775116114,-6.173340303639983,-6.155479543682346,-6.031517051446065,-6.031517051446065,-6.031517051446065,-6.031517051446065,-6.031517051446065,-6.031517051446065,-6.031517051446065,-6.031517051446065,-6.031517051446065,-6.031517051446065,-6.031517051446065,-6.031517051446065,-6.031517051446065,-6.031517051446065,-6.031517051446065,-6.031517051446065,-6.031517051446065,-6.031517051446065,-6.031517051446065,-6.031517051446065
-5.342238624973156,-5.272466933283005,-5.283043557089085,-5.255792799257939,-5.345764326551993,-5.300774067827663,-5.278195610311712,-5.316060918231177,-5.29209948055828,-5.333439258052475,-5.361045916592041,-5.246941465230016,-5.354407659840615,-5.308818025404648,-5.388311362881872,-5.292462249925835,-5.392366301380777,-5.322201979600328,-5.412314021449339,-5.290039427348139,-5.7447274948966935,-5.7447274948966935,-5.7447274948966935,-5.7447274948966935,-5.7447274948966935,-5.7447274948966935,-5.7447274948966935,-5.7447274948966935,-5.7447274948966935,-5.7447274948966935,-5.7447274948966935,-5.7447274948966935,-5.7447274948966935,-5.7447274948966935,-5.7447274948966935,-5.7447274948966935,-5.7447274948966935,-5.7447274948966935,-5.7447274948966935,-5.7447274948966935
-6.174174168621394,-6.0776322912802065,-6.025108257137406,-6.1245181803373985,-6.039487455549712,-6.008912945933522,-6.049869097547379,-6.138987205939541,-6.031939020961093,-6.1425722834382075,-6.117442088620132,-6.050097242493318,-6.130738357915613,-6.027674278953716,-6.052124277491426,-6.152257324453312,-6.078361988277665,-6.071850622017949,-6.0883482205172355,-6.098232603714495,-5.958607314841775,-5.958607314841775,-5.958607314841775,-5.958607314841775,-5.958607314841775,-5.958607314841775,-5.958607314841775,-5.958607314841775,-5.958607314841775,-5.958607314841775,-5.958607314841775,-5.958607314841775,-5.958607314841775,-5.958607314841775,-5.958607314841775,-5.958607314841775,-5.958607314841775,-5.958607314841775,-5.958607314841775,-5.958607314841775
-5.452181189585357,-5.494631533475661,-5.40432054875654,-5.43838727549967,-5.505601719512726,-5.462723774510708,-5.400392428540151,-5.413088484946867,-5.467828563352364,-5.433801167432427,-5.4984476388310535,-5.487603943988114,-5.521790447071796,-5.390434705402134,-5.4135212426638,-5.383756865505106,-5.37699178478996,-5.310868546919316,-5.416733338330398,-5.434177180692774,-5.958607314841775,-5.958607314841775,-5.958607314841775,-5.958607314841775,-5.958607314841775,-5.958607314841775,-5.958607314841775,-5.958607314841775,-5.958607314841775,-5.958607314841775,-5.958607314841775,-5.958607314841775,-5.958607314841775,-5.958607314841775,-5.958607314841775,-5.958607314841775,-5.958607314841775,-5.958607314841775,-5.958607314841775,-5.958607314841775
-5.423266047711438,-5.502618049756115,-5.374007002519227,-5.409906509114901,-5.449795093158343,-5.415884325540377,-5.379588272703007,-5.390185232880701,-5.431441847254893,-5.396331557975013,-5.440710426357341,-5.455465316173946,-5.496859513046542,-5.428721170780141,-5.414225927286568,-5.387732150069036,-5.330104347795816,-5.336339987367087,-5.366179113853516,-5.40888580071366,-5.920818753952375,-5.920818753952375,-5.920818753952375,-5.920818753952375,-5.920818753952375,-5.920818753952375,-5.920818753952375,-5.920818753952375,-5.920818753952375,-5.920818753952375,-5.920818753952375,-5.920818753952375,-5.920818753952375,-5.920818753952375,-5.920818753952375,-5.920818753952375,-5.920818753952375,-5.920818753952375,-5.920818753952375,-5.920818753952375
-5.51063051119997,-5.550845684890074,-5.466127480211806,-5.504274532972932,-5.5452639297048725,-5.496442216813889,-5.443144350644784,-5.471098576937319,-5.508570088370282,-5.482695589058133,-5.539278424488862,-5.531321962408637,-5.5202323297631155,-5.426056410960298,-5.437094604735539,-5.443436306678398,-5.39219745385815,-5.381900593339202,-5.420649087712781,-5.480058704431625,-6.0,-6.0,-6.0,-6.0,-6.0,-6.0,-6.0,-6.0,-6.0,-6.0,-6.0,-6.0,-6.0,-6.0,-6.0,-6.0,-6.0,-6.0,-6.0,-6.0
-5.531104152395154,-5.602043232769077,-5.453383226819618,-5.523493461822477,-5.513165535979881,-5.520132368779825,-5.448779131517387,-5.476124389563457,-5.537467203538947,-5.504853972281032,-5.53761436989618,-5.559260098888171,-5.565745387792347,-5.465829401370584,-5.4701638425225205,-5.498935706573498,-5.376355099006732,-5.425364287412419,-5.415679586751103,-5.517425532407288,-6.070581074285707,-6.070581074285707,-6.070581074285707,-6.070581074285707,-6.070581074285707,-6.070581074285707,-6.070581074285707,-6.070581074285707,-6.070581074285707,-6.070581074285707,-6.070581074285707,-6.070581074285707,-6.070581074285707,-6.070581074285707,-6.070581074285707,-6.070581074285707,-6.070581074285707,-6.070581074285707,-6.070581074285707,-6.070581074285707
-5.951859483639601,-5.909427317304438,-5.848151518670374,-5.904582381038042,-5.852702234130361,-5.96549752599073,-5.871218706216878,-5.847380803910022,-5.904005870187876,-6.020349620178686,-5.978297387397468,-5.946847894467917,-6.003906110642534,-5.818994617095672,-5.948281872238329,-6.012619320750219,-5.923134672571507,-5.928892204503444,-5.966444469154299,-5.998353406837904,-5.7447274948966935,-5.7447274948966935,-5.7447274948966935,-5.7447274948966935,-5.7447274948966935,-5.7447274948966935,-5.7447274948966935,-5.7447274948966935,-5.7447274948966935,-5.7447274948966935,-5.7447274948966935,-5.7447274948966935,-5.7447274948966935,-5.7447274948966935,-5.7447274948966935,-5.7447274948966935,-5.7447274948966935,-5.7447274948966935,-5.7447274948966935,-5.7447274948966935
-5.801054107696378,-5.824514527615145,-5.998073519980907,-5.806659373526219,-5.943707941238859,-5.941870074970454,-5.953345012771057,-5.826993599541852,-5.850152473081553,-5.924222541277827,-5.928791838928085,-5.903869274540552,-5.99616564051687,-6.033819532647411,-6.051902478078805,-5.9739389178686455,-6.048684692709836,-6.051817054645883,-6.181658643178577,-5.976508017243443,-5.823908740944319,-5.823908740944319,-5.823908740944319,-5.823908740944319,-5.823908740944319,-5.823908740944319,-5.823908740944319,-5.823908740944319,-5.823908740944319,-5.823908740944319,-5.823908740944319,-5.823908740944319,-5.823908740944319,-5.823908740944319,-5.823908740944319,-5.823908740944319,-5.823908740944319,-5.823908740944319,-5.823908740944319,-5.823908740944319
-6.221854892637955,-6.231237372719551,-6.186125899475746,-6.208651877979307,-6.166846280353827,-6.162146418337655,-6.155937609322402,-6.21647927419024,-6.169761317550262,-6.1393828244897755,-6.140637137636475,-6.152521893853333,-6.197636060771947,-6.1624539037011115,-6.219114345806807,-6.167475742653884,-6.195808583189666,-6.197278667402465,-6.211323419175914,-6.166296457043268,-6.086186147616283,-6.086186147616283,-6.086186147616283,-6.086186147616283,-6.086186147616283,-6.086186147616283,-6.086186147616283,-6.086186147616283,-6.086186147616283,-6.086186147616283,-6.086186147616283,-6.086186147616283,-6.086186147616283,-6.086186147616283,-6.086186147616283,-6.086186147616283,-6.086186147616283,-6.086186147616283,-6.086186147616283,-6.086186147616283
-6.085178076813584,-6.068087320034467,-6.089612691080961,-6.085880594012263,-6.085422089648672,-5.968290955400546,-6.0819770579874595,-5.844696972650559,-6.02974636718316,-6.067513343977655,-6.078436206930242,-6.022545141472342,-6.073330883501536,-6.122889900884882,-6.062588870594487,-6.072270894530905,-6.099583403689102,-6.0898075498312245,-6.079215323963133,-6.032347408690898,-6.070581074285707,-6.070581074285707,-6.070581074285707,-6.070581074285707,-6.070581074285707,-6.070581074285707,-6.070581074285707,-6.070581074285707,-6.070581074285707,-6.070581074285707,-6.070581074285707,-6.070581074285707,-6.070581074285707,-6.070581074285707,-6.070581074285707,-6.070581074285707,-6.070581074285707,-6.070581074285707,-6.070581074285707,-6.070581074285707
-5.515843989128307,-5.5192780510675945,-5.425962636310602,-5.446864417758638,-5.469507267561176,-5.461192210655784,-5.355810569975909,-5.5553506231075795,-5.5199130528238225,-5.457367003578339,-5.49168087639887,-5.528353030598459,-5.50622411085939,-5.471955694334099,-5.455185915823026,-5.403242647084753,-5.299220870878118,-5.407351653294828,-5.3658563929424545,-5.504178811088016,-6.292429823902063,-6.292429823902063,-6.292429823902063,-6.292429823902063,-6.292429823902063,-6.292429823902063,-6.292429823902063,-6.292429823902063,-6.292429823902063,-6.292429823902063,-6.292429823902063,-6.292429823902063,-6.292429823902063,-6.292429823902063,-6.292429823902063,-6.292429823902063,-6.292429823902063,-6.292429823902063,-6.292429823902063,-6.292429823902063
-5.71629826995099,-5.7551701353280915,-5.708937124564686,-5.726969669310041,-5.76874967080515,-5.712096142365929,-5.673536904133617,-5.751217816535044,-5.758836735825016,-5.752368700562992,-5.790996851357028,-5.784219089955247,-5.7654736751531885,-5.7075544328948995,-5.672507574942142,-5.686677830844263,-5.64190844905954,-5.6708551444024895,-5.668418083211338,-5.74482134685045,-6.180456064458132,-6.180456064458132,-6.180456064458132,-6.180456064458132,-6.180456064458132,-6.180456064458132,-6.180456064458132,-6.180456064458132,-6.180456064458132,-6.180456064458132,-6.180456064458132,-6.180456064458132,-6.180456064458132,-6.180456064458132,-6.180456064458132,-6.180456064458132,-6.180456064458132,-6.180456064458132,-6.180456064458132,-6.180456064458132
-5.4433986562821115,-5.48731953540528,-5.42421323121695,-5.361957412893315,-5.439271299704598,-5.465623875906846,-5.351497772220175,-5.5211903302777285,-5.441036644208936,-5.426780128138888,-5.4641987425354355,-5.530385464116264,-5.47362800564897,-5.453413269934337,-5.469902661818462,-5.333076406342776,-5.285950843531769,-5.395532896199409,-5.366508062102874,-5.428910428564286,-5.267606240177032,-5.267606240177032,-5.267606240177032,-5.267606240177032,-5.267606240177032,-5.267606240177032,-5.267606240177032,-5.267606240177032,-5.267606240177032,-5.267606240177032,-5.267606240177032,-5.267606240177032,-5.267606240177032,-5.267606240177032,-5.267606240177032,-5.267606240177032,-5.267606240177032,-5.267606240177032,-5.267606240177032,-5.267606240177032
-5.7011789862096185,-5.6486976639106015,-5.598208489497088,-5.674003613753983,-5.703796311998473,-5.658789541306084,-5.606666338319181,-5.501306102054709,-5.701127678236751,-5.695336901103065,-5.75630932484481,-5.669503536144762,-5.7344157540717795,-5.529252251480872,-5.593412892196116,-5.613473003280768,-5.625929378526552,-5.5255238120479415,-5.669367768859486,-5.66602619887446,-5.537602002101044,-5.537602002101044,-5.537602002101044,-5.537602002101044,-5.537602002101044,-5.537602002101044,-5.537602002101044,-5.537602002101044,-5.537602002101044,-5.537602002101044,-5.537602002101044,-5.537602002101044,-5.537602002101044,-5.537602002101044,-5.537602002101044,-5.537602002101044,-5.537602002101044,-5.537602002101044,-5.537602002101044,-5.537602002101044
-5.518432826714476,-5.552882870585878,-5.436666010108523,-5.463584367538623,-5.45141401347115,-5.482062906999544,-5.347496024354331,-5.560948181267996,-5.556742923050186,-5.513661096018599,-5.5203673590478965,-5.57461175477694,-5.515878362407125,-5.479420021274794,-5.459760052561168,-5.433352464074251,-5.293835564904887,-5.44830896537034,-5.336279092347489,-5.518545064239748,-5.229147988357856,-5.229147988357856,-5.229147988357856,-5.229147988357856,-5.229147988357856,-5.229147988357856,-5.229147988357856,-5.229147988357856,-5.229147988357856,-5.229147988357856,-5.229147988357856,-5.229147988357856,-5.229147988357856,-5.229147988357856,-5.229147988357856,-5.229147988357856,-5.229147988357856,-5.229147988357856,-5.229147988357856,-5.229147988357856
-5.825048089167765,-5.87814293091875,-5.798240241165733,-5.847582508604449,-5.875711625486585,-5.789133925544548,-5.752817393506419,-5.822712069672941,-5.863810242926488,-5.856646328532774,-5.901753067608946,-5.875751943619748,-5.815868040585634,-5.765803699819815,-5.741645456942618,-5.764993575489551,-5.724743989500669,-5.767920196198521,-5.7330336656790175,-5.819001131605827,-5.4089353929735005,-5.4089353929735005,-5.4089353929735005,-5.4089353929735005,-5.4089353929735005,-5.4089353929735005,-5.4089353929735005,-5.4089353929735005,-5.4089353929735005,-5.4089353929735005,-5.4089353929735005,-5.4089353929735005,-5.4089353929735005,-5.4089353929735005,-5.4089353929735005,-5.4089353929735005,-5.4089353929735005,-5.4089353929735005,-5.4089353929735005,-5.4089353929735005
-5.198706530587796,-4.619833950037426,-4.559965818319147,-4.5418989885764285,-4.514070165597071,-4.444470638247253,-4.334619062776205,-4.476109877519591,-4.63823031344203,-4.508925742145321,-4.408306079760966,-4.5791359309900646,-4.268527411995799,-4.456143700777148,-5.038048841433117,-4.391856764475426,-4.22836339381515,-4.490683619399594,-4.898988619354308,-4.304166817274489,-5.638272163982407,-5.638272163982407,-5.638272163982407,-5.638272163982407,-5.638272163982407,-5.638272163982407,-5.638272163982407,-5.638272163982407,-5.638272163982407,-5.638272163982407,-5.638272163982407,-5.638272163982407,-5.638272163982407,-5.638272163982407,-5.638272163982407,-5.638272163982407,-5.638272163982407,-5.638272163982407,-5.638272163982407,-5.638272163982407
-5.459417582422529,-4.976682409277587,-4.885561783993494,-4.859674243329212,-4.945142648705248,-4.743704946496935,-4.74065500985695,-4.804069452067662,-4.897082021915991,-4.835470330166326,-4.793706645844661,-4.912625471698576,-4.688579930081274,-4.9075857728620536,-5.115205316420199,-4.7374070479455055,-4.6697845707183525,-4.833228035188385,-5.113763138690237,-4.696386699529979,-5.537602002101044,-5.537602002101044,-5.537602002101044,-5.537602002101044,-5.537602002101044,-5.537602002101044,-5.537602002101044,-5.537602002101044,-5.537602002101044,-5.537602002101044,-5.537602002101044,-5.537602002101044,-5.537602002101044,-5.537602002101044,-5.537602002101044,-5.537602002101044,-5.537602002101044,-5.537602002101044,-5.537602002101044,-5.537602002101044
-5.146689081586934,-5.090881118074126,-5.157313649107887,-5.129580486383446,-5.0674311404898,-5.056263318649744,-5.073150835208053,-5.157616761896042,-5.134055840005111,-5.060916302296914,-5.0203651966709835,-5.040955610248026,-4.9718132046197905,-5.0708287958793665,-5.054954141771946,-5.140772581745947,-4.962020842245603,-5.146850690528943,-4.922457821792058,-5.043560759298916,-4.958607314841775,-4.958607314841775,-4.958607314841775,-4.958607314841775,-4.958607314841775,-4.958607314841775,-4.958607314841775,-4.958607314841775,-4.958607314841775,-4.958607314841775,-4.958607314841775,-4.958607314841775,-4.958607314841775,-4.958607314841775,-4.958607314841775,-4.958607314841775,-4.958607314841775,-4.958607314841775,-4.958607314841775,-4.958607314841775
-5.298970013525813,-4.588537960752837,-4.675612512171925,-4.54855117710616,-4.605195259072005,-4.492787436661413,-4.435474879198214,-4.491275105560962,-4.655032321466827,-4.58055431355541,-4.476932412328348,-4.61566703502444,-4.317815728385985,-4.565686686777304,-5.036378147443734,-4.460783691867709,-4.351376325410174,-4.59883745285821,-4.869248013485893,-4.372186625449117,-5.107905397309519,-5.107905397309519,-5.107905397309519,-5.107905397309519,-5.107905397309519,-5.107905397309519,-5.107905397309519,-5.107905397309519,-5.107905397309519,-5.107905397309519,-5.107905397309519,-5.107905397309519,-5.107905397309519,-5.107905397309519,-5.107905397309519,-5.107905397309519,-5.107905397309519,-5.107905397309519,-5.107905397309519,-5.107905397309519
-5.264478089626774,-4.670249643293152,-4.64912177119994,-4.602722307668895,-4.633365011568126,-4.506391745241395,-4.4298587126269595,-4.541509972719002,-4.687593021997431,-4.591086010636074,-4.502709057696417,-4.647401447156286,-4.351967481420231,-4.560214045508107,-5.045477222329127,-4.4636870756470275,-4.347989250692305,-4.567364030233087,-4.924823653214315,-4.3926313162179,-5.769551078621726,-5.769551078621726,-5.769551078621726,-5.769551078621726,-5.769551078621726,-5.769551078621726,-5.769551078621726,-5.769551078621726,-5.769551078621726,-5.769551078621726,-5.769551078621726,-5.769551078621726,-5.769551078621726,-5.769551078621726,-5.769551078621726,-5.769551078621726,-5.769551078621726,-5.769551078621726,-5.769551078621726,-5.769551078621726
-6.101663387209871,-6.131525626749958,-5.9451459601353704,-6.162662109413245,-5.9880524816276575,-6.074442427865924,-6.028606527548797,-6.109201444557163,-6.038607830738276,-6.109163947294123,-6.160599817095471,-6.0556016865406965,-6.154775460785481,-5.870474871964803,-5.986004511212836,-6.169763570882751,-6.0802814923176065,-5.986005559392321,-6.012819874436403,-6.075839929824974,-6.060480747381382,-6.060480747381382,-6.060480747381382,-6.060480747381382,-6.060480747381382,-6.060480747381382,-6.060480747381382,-6.060480747381382,-6.060480747381382,-6.060480747381382,-6.060480747381382,-6.060480747381382,-6.060480747381382,-6.060480747381382,-6.060480747381382,-6.060480747381382,-6.060480747381382,-6.060480747381382,-6.060480747381382,-6.060480747381382
-5.134388660614489,-5.000247372360727,-4.846478680267972,-4.947336700374867,-4.971226226375568,-5.068045142417957,-4.8802568998261835,-5.017708408147716,-5.054662240794801,-5.002648546152321,-5.050556406602721,-4.946197913981832,-5.0628979510664935,-4.808960551229438,-5.06157954500631,-4.913171449623959,-4.9704307959502065,-4.862092809370907,-5.006416906477468,-4.971708581864671,-4.7447274948966935,-4.7447274948966935,-4.7447274948966935,-4.7447274948966935,-4.7447274948966935,-4.7447274948966935,-4.7447274948966935,-4.7447274948966935,-4.7447274948966935,-4.7447274948966935,-4.7447274948966935,-4.7447274948966935,-4.7447274948966935,-4.7447274948966935,-4.7447274948966935,-4.7447274948966935,-4.7447274948966935,-4.7447274948966935,-4.7447274948966935,-4.7447274948966935
-6.175139600815371,-6.22432257458995,-6.210661799846853,-6.1877759803061085,-6.161333724591662,-6.155550890316309,-6.176533170200458,-6.20507048453475,-6.154507386514514,-6.129099050981594,-6.16302571981352,-6.153563412296587,-6.1532888542445585,-6.209831032093218,-6.19161091304531,-6.163625816288571,-6.193668078440596,-6.215628841410543,-6.2157712693435,-6.142728383311343,-5.327902142064283,-5.327902142064283,-5.327902142064283,-5.327902142064283,-5.327902142064283,-5.327902142064283,-5.327902142064283,-5.327902142064283,-5.327902142064283,-5.327902142064283,-5.327902142064283,-5.327902142064283,-5.327902142064283,-5.327902142064283,-5.327902142064283,-5.327902142064283,-5.327902142064283,-5.327902142064283,-5.327902142064283,-5.327902142064283
-5.841890150688664,-5.881382524597115,-5.887440220796791,-5.825563716423572,-5.418862473143392,-5.858190556232403,-5.846145400858833,-5.565542579325141,-5.871124968581803,-5.885771270047228,-5.228846698098141,-5.877957193759463,-5.433777525655529,-5.881903155319909,-5.887351853166268,-5.833951116155524,-5.798980159336853,-5.828090059304655,-5.909227703351407,-5.851050965515442,-5.508638306165727,-5.508638306165727,-5.508638306165727,-5.508638306165727,-5.508638306165727,-5.508638306165727,-5.508638306165727,-5.508638306165727,-5.508638306165727,-5.508638306165727,-5.508638306165727,-5.508638306165727,-5.508638306165727,-5.508638306165727,-5.508638306165727,-5.508638306165727,-5.508638306165727,-5.508638306165727,-5.508638306165727,-5.508638306165727
-5.8769037839194,-5.849797380741312,-5.919264843237939,-5.840237533743655,-5.297250249080246,-5.851782408324704,-5.865294364533357,-5.556754728117293,-5.864823461963604,-5.925858299702597,-5.128875464442746,-5.882178827529316,-5.398241574982336,-5.905127385060816,-5.894951786548486,-5.857919320420761,-5.8318246961793685,-5.850681886376409,-5.943665517597399,-5.861691455487982,-5.585026652029182,-5.585026652029182,-5.585026652029182,-5.585026652029182,-5.585026652029182,-5.585026652029182,-5.585026652029182,-5.585026652029182,-5.585026652029182,-5.585026652029182,-5.585026652029182,-5.585026652029182,-5.585026652029182,-5.585026652029182,-5.585026652029182,-5.585026652029182,-5.585026652029182,-5.585026652029182,-5.585026652029182,-5.585026652029182
-5.099924771009862,-4.770437136584282,-4.220019323520943,-4.864983915510953,-4.54496011513903,-4.768247312005485,-4.325746124068003,-4.779124203848856,-5.164320846536113,-5.036244035074033,-5.041916471033307,-4.705940838317723,-5.1215507750577505,-4.233482393013513,-4.664931319459019,-4.8770376278357475,-4.638688381050251,-4.339575208525821,-4.6126499624922515,-5.052050098601782,-5.920818753952375,-5.920818753952375,-5.920818753952375,-5.920818753952375,-5.920818753952375,-5.920818753952375,-5.920818753952375,-5.920818753952375,-5.920818753952375,-5.920818753952375,-5.920818753952375,-5.920818753952375,-5.920818753952375,-5.920818753952375,-5.920818753952375,-5.920818753952375,-5.920818753952375,-5.920818753952375,-5.920818753952375,-5.920818753952375
-5.8055559261907,-5.794477443285454,-5.76219960211438,-5.772798063691909,-5.805384907953575,-5.8148131333303485,-5.780459125822153,-5.815563907637669,-5.775950180543695,-5.775396557589776,-5.781066967412399,-5.720932480371492,-5.851327479166761,-5.79067728409198,-5.872274512886918,-5.827552622260305,-5.891698701516212,-5.836899683875811,-5.913254634657398,-5.814763731845745,-5.823908740944319,-5.823908740944319,-5.823908740944319,-5.823908740944319,-5.823908740944319,-5.823908740944319,-5.823908740944319,-5.823908740944319,-5.823908740944319,-5.823908740944319,-5.823908740944319,-5.823908740944319,-5.823908740944319,-5.823908740944319,-5.823908740944319,-5.823908740944319,-5.823908740944319,-5.823908740944319,-5.823908740944319,-5.823908740944319
-5.789718392908388,-5.740334699710618,-5.889547614102046,-5.79017971101231,-5.88932526776372,-5.803912009404488,-5.88523175955733,-5.757006012598288,-5.774697336998431,-5.892243567763698,-5.892531207760956,-5.82224436750907,-5.8914610500844855,-5.885876928073477,-5.841865804583688,-5.892085588375835,-5.887553470348255,-5.86385113203757,-6.038904340505514,-5.874484842615381,-5.721246399047171,-5.721246399047171,-5.721246399047171,-5.721246399047171,-5.721246399047171,-5.721246399047171,-5.721246399047171,-5.721246399047171,-5.721246399047171,-5.721246399047171,-5.721246399047171,-5.721246399047171,-5.721246399047171,-5.721246399047171,-5.721246399047171,-5.721246399047171,-5.721246399047171,-5.721246399047171,-5.721246399047171,-5.721246399047171
-5.665542611870426,-5.72812072245496,-5.772731518288534,-5.661262121149993,-5.777961174636985,-5.698422177729153,-5.703103121064585,-5.659774169656313,-5.654219669139031,-5.738957493524747,-5.771241663739405,-5.771843292222102,-5.675541252173322,-5.75829340373694,-5.7153009457768995,-5.695517436458566,-5.620198276912583,-5.754291406927492,-5.738264908958318,-5.739422752603113,-5.886056647693163,-5.886056647693163,-5.886056647693163,-5.886056647693163,-5.886056647693163,-5.886056647693163,-5.886056647693163,-5.886056647693163,-5.886056647693163,-5.886056647693163,-5.886056647693163,-5.886056647693163,-5.886056647693163,-5.886056647693163,-5.886056647693163,-5.886056647693163,-5.886056647693163,-5.886056647693163,-5.886056647693163,-5.886056647693163
-5.366671430553597,-5.279654202767947,-5.130776913918143,-5.452907000089957,-5.243896852789465,-5.229553326126331,-5.269963116903879,-5.2547146194318985,-5.424886908357509,-5.628966521329091,-5.736385361201997,-5.364364433156307,-5.552441532241075,-5.098978751900528,-5.184605818985671,-5.50035531730121,-5.327466635307072,-5.147000584190696,-5.2230180550873,-5.494789777513128,-5.552841968657781,-5.552841968657781,-5.552841968657781,-5.552841968657781,-5.552841968657781,-5.552841968657781,-5.552841968657781,-5.552841968657781,-5.552841968657781,-5.552841968657781,-5.552841968657781,-5.552841968657781,-5.552841968657781,-5.552841968657781,-5.552841968657781,-5.552841968657781,-5.552841968657781,-5.552841968657781,-5.552841968657781,-5.552841968657781
-5.5140285622003775,-5.427543975641655,-5.4363843102646,-5.385143324118802,-5.43381279824451,-5.362382711363045,-5.432859480488854,-5.44499130847594,-5.333004962018006,-5.518216547470866,-5.5443288878085655,-5.396954771657929,-5.510119823736274,-5.49409768244972,-5.59990890900834,-5.4504487827910655,-5.553329563381466,-5.507949588484698,-5.565885985026446,-5.386219817966004,-5.958607314841775,-5.958607314841775,-5.958607314841775,-5.958607314841775,-5.958607314841775,-5.958607314841775,-5.958607314841775,-5.958607314841775,-5.958607314841775,-5.958607314841775,-5.958607314841775,-5.958607314841775,-5.958607314841775,-5.958607314841775,-5.958607314841775,-5.958607314841775,-5.958607314841775,-5.958607314841775,-5.958607314841775,-5.958607314841775
-5.542683974374815,-5.576617859274579,-5.6587531775278,-5.547431823231059,-5.6276178938248895,-5.588543557607205,-5.5842060953662145,-5.541967849595015,-5.6193951074717585,-5.638274268517495,-5.633784740812179,-5.624641451175609,-5.5895205598345195,-5.6534345166440705,-5.603100444918825,-5.569191469976714,-5.5940302743948,-5.636948658627106,-5.59619390784058,-5.588220410362555,-5.096910013008056,-5.096910013008056,-5.096910013008056,-5.096910013008056,-5.096910013008056,-5.096910013008056,-5.096910013008056,-5.096910013008056,-5.096910013008056,-5.096910013008056,-5.096910013008056,-5.096910013008056,-5.096910013008056,-5.096910013008056,-5.096910013008056,-5.096910013008056,-5.096910013008056,-5.096910013008056,-5.096910013008056,-5.096910013008056
-5.6449371274817945,-5.597104949854142,-5.65868338389904,-5.58863250935253,-5.641786147208581,-5.626929109255407,-5.63265984698543,-5.616855709153832,-5.635263861798744,-5.653744548728407,-5.656662657844667,-5.6442029829281655,-5.674197911868976,-5.6544902836167985,-5.642993306990776,-5.599203879280464,-5.630866805383618,-5.618879117626621,-5.66719177873274,-5.611192078971643,-6.055517327849832,-6.055517327849832,-6.055517327849832,-6.055517327849832,-6.055517327849832,-6.055517327849832,-6.055517327849832,-6.055517327849832,-6.055517327849832,-6.055517327849832,-6.055517327849832,-6.055517327849832,-6.055517327849832,-6.055517327849832,-6.055517327849832,-6.055517327849832,-6.055517327849832,-6.055517327849832,-6.055517327849832,-6.055517327849832
-5.526567732742794,-5.553984823050054,-5.623506924138585,-5.5314630154300835,-5.610147899827288,-5.580212790125809,-5.563845827473715,-5.521611984621489,-5.606583108282659,-5.625855848465716,-5.628585343193056,-5.609799806845779,-5.595277690531564,-5.6104939200846164,-5.5789075388198075,-5.55238465340968,-5.580389000439878,-5.591977793730609,-5.584178102000171,-5.577905264036648,-5.657577319177793,-5.657577319177793,-5.657577319177793,-5.657577319177793,-5.657577319177793,-5.657577319177793,-5.657577319177793,-5.657577319177793,-5.657577319177793,-5.657577319177793,-5.657577319177793,-5.657577319177793,-5.657577319177793,-5.657577319177793,-5.657577319177793,-5.657577319177793,-5.657577319177793,-5.657577319177793,-5.657577319177793,-5.657577319177793
-5.867953331040718,-5.79960843877314,-5.880045419104378,-5.875687005228511,-5.927000304444753,-5.7822668098797925,-5.888705298403158,-5.878300255585005,-5.874203334740486,-5.954638109557699,-5.950494060674845,-5.872908370482645,-5.960619535040911,-5.916207248887943,-5.8031564152132376,-5.893392163017595,-5.920650668201299,-5.846341143509005,-5.960210016700758,-5.8791766061214785,-5.795880017344075,-5.795880017344075,-5.795880017344075,-5.795880017344075,-5.795880017344075,-5.795880017344075,-5.795880017344075,-5.795880017344075,-5.795880017344075,-5.795880017344075,-5.795880017344075,-5.795880017344075,-5.795880017344075,-5.795880017344075,-5.795880017344075,-5.795880017344075,-5.795880017344075,-5.795880017344075,-5.795880017344075,-5.795880017344075
-5.547703697249541,-5.598371727262195,-5.668031491833302,-5.560890306224707,-5.636071714439944,-5.586341453578295,-5.581262154447706,-5.555859383494582,-5.636883660383938,-5.648748166141834,-5.634985932712133,-5.633229907634655,-5.573779703528802,-5.672025498510969,-5.606309672929815,-5.569306192707498,-5.596833766251988,-5.657176663263506,-5.571009109370511,-5.585867809214645,-6.0,-6.0,-6.0,-6.0,-6.0,-6.0,-6.0,-6.0,-6.0,-6.0,-6.0,-6.0,-6.0,-6.0,-6.0,-6.0,-6.0,-6.0,-6.0,-6.0
-5.3697754577025805,-5.465502106328457,-5.570247743714893,-5.419687701335267,-5.538816507250685,-5.469500535565794,-5.488609326841074,-5.412395296795019,-5.507646122111179,-5.546053870537824,-5.516537169120396,-5.530537217746445,-5.501857948392824,-5.617656393272494,-5.502050002024926,-5.474011205253309,-5.525619717226389,-5.542704099332596,-5.458521095439477,-5.485758104919305,-5.721246399047171,-5.721246399047171,-5.721246399047171,-5.721246399047171,-5.721246399047171,-5.721246399047171,-5.721246399047171,-5.721246399047171,-5.721246399047171,-5.721246399047171,-5.721246399047171,-5.721246399047171,-5.721246399047171,-5.721246399047171,-5.721246399047171,-5.721246399047171,-5.721246399047171,-5.721246399047171,-5.721246399047171,-5.721246399047171
-6.381292182346064,-6.4279506333024345,-6.392036502933004,-6.423220817926073,-6.3875153389067485,-6.327431666809017,-6.333367169916708,-6.421401287617953,-6.357820405832747,-6.271262259170115,-6.307705851744188,-6.294258291192483,-6.330887012772321,-6.385246569976402,-6.378162592245331,-6.309581906333506,-6.384602960308809,-6.350701159488991,-6.24964820288915,-6.323571880524967,-5.795880017344075,-5.795880017344075,-5.795880017344075,-5.795880017344075,-5.795880017344075,-5.795880017344075,-5.795880017344075,-5.795880017344075,-5.795880017344075,-5.795880017344075,-5.795880017344075,-5.795880017344075,-5.795880017344075,-5.795880017344075,-5.795880017344075,-5.795880017344075,-5.795880017344075,-5.795880017344075,-5.795880017344075,-5.795880017344075
-5.441052268775631,-5.1116007739316585,-5.134565506828811,-5.359503561793145,-5.1290384019408695,-5.378590684207768,-5.061780435382381,-5.204140588547227,-5.214175818259273,-5.2390051361398395,-5.12232456326362,-5.2150157925688445,-5.17276630612718,-5.20831068111423,-5.099443887933957,-5.055730210467864,-5.1123955538596455,-5.088818588816645,-5.119565607477781,-5.067793480054534,-5.769551078621726,-5.769551078621726,-5.769551078621726,-5.769551078621726,-5.769551078621726,-5.769551078621726,-5.769551078621726,-5.769551078621726,-5.769551078621726,-5.769551078621726,-5.769551078621726,-5.769551078621726,-5.769551078621726,-5.769551078621726,-5.769551078621726,-5.769551078621726,-5.769551078621726,-5.769551078621726,-5.769551078621726,-5.769551078621726
-4.939565365141889,-4.978726948877844,-5.256964691872053,-5.184043808103314,-5.262634616230916,-4.989673196901563,-5.1906860307561855,-5.107787090332544,-5.129410308580174,-5.232072775821179,-5.23244863017759,-5.135362283071961,-5.224755672982548,-5.1426499640704835,-5.015286413886777,-4.915469183180771,-5.255237686493413,-5.1617908700655,-5.002773825008051,-4.928310378973596,-5.522878745280337,-5.522878745280337,-5.522878745280337,-5.522878745280337,-5.522878745280337,-5.522878745280337,-5.522878745280337,-5.522878745280337,-5.522878745280337,-5.522878745280337,-5.522878745280337,-5.522878745280337,-5.522878745280337,-5.522878745280337,-5.522878745280337,-5.522878745280337,-5.522878745280337,-5.522878745280337,-5.522878745280337,-5.522878745280337
-5.100772874473798,-5.289420984969345,-5.627698671997063,-5.036315546190111,-5.612367409663356,-5.351915030570938,-5.627259713384645,-5.2113593884390355,-5.492477612721531,-5.694378637837626,-5.661728510809819,-5.558158589579935,-5.729626521767339,-5.6842871222600655,-5.355434944004056,-5.121547270549461,-5.635836107718627,-5.60583245690435,-5.274406247704029,-5.184944805211828,-6.102372908709558,-6.102372908709558,-6.102372908709558,-6.102372908709558,-6.102372908709558,-6.102372908709558,-6.102372908709558,-6.102372908709558,-6.102372908709558,-6.102372908709558,-6.102372908709558,-6.102372908709558,-6.102372908709558,-6.102372908709558,-6.102372908709558,-6.102372908709558,-6.102372908709558,-6.102372908709558,-6.102372908709558,-6.102372908709558
-5.390811922756257,-5.192270365329563,-5.26379374778443,-5.399830298764079,-5.297154063919682,-5.446986107273629,-5.184898044832223,-5.35464572833786,-5.345924427934167,-5.365672744303719,-5.3163884966426975,-5.336285893086481,-5.266920575913864,-5.298349966806158,-5.24088730514776,-5.169200801086099,-5.210850458695385,-5.210418680001351,-5.332606927216403,-5.2174274937675555,-5.958607314841775,-5.958607314841775,-5.958607314841775,-5.958607314841775,-5.958607314841775,-5.958607314841775,-5.958607314841775,-5.958607314841775,-5.958607314841775,-5.958607314841775,-5.958607314841775,-5.958607314841775,-5.958607314841775,-5.958607314841775,-5.958607314841775,-5.958607314841775,-5.958607314841775,-5.958607314841775,-5.958607314841775,-5.958607314841775
-5.150015982252564,-4.932982185996984,-5.184717827399952,-5.276670611295179,-5.171857427767726,-5.134746925773666,-5.070178808109614,-5.207060446588894,-5.105277344532283,-5.1164710468081545,-5.08839271504514,-5.070984738541464,-5.072406227678564,-5.062726536280817,-5.069770207975606,-4.979937358787532,-5.1154968277908,-5.038767999879953,-5.022245973894851,-5.000615838901745,-5.259637310505756,-5.259637310505756,-5.259637310505756,-5.259637310505756,-5.259637310505756,-5.259637310505756,-5.259637310505756,-5.259637310505756,-5.259637310505756,-5.259637310505756,-5.259637310505756,-5.259637310505756,-5.259637310505756,-5.259637310505756,-5.259637310505756,-5.259637310505756,-5.259637310505756,-5.259637310505756,-5.259637310505756,-5.259637310505756
-4.995243777127605,-4.506961696609237,-4.264387524140562,-5.029037844759998,-4.308256800171523,-4.53583038225642,-3.9835731140550314,-5.165492003010559,-4.468355444214328,-4.263034491994287,-4.230473939266282,-4.32035453385732,-3.885081034563529,-4.09960949232159,-5.054705594930383,-5.062767927819583,-3.932322848511778,-4.19544074940794,-4.892359360230887,-4.954952743722271,-5.920818753952375,-5.920818753952375,-5.920818753952375,-5.920818753952375,-5.920818753952375,-5.920818753952375,-5.920818753952375,-5.920818753952375,-5.920818753952375,-5.920818753952375,-5.920818753952375,-5.920818753952375,-5.920818753952375,-5.920818753952375,-5.920818753952375,-5.920818753952375,-5.920818753952375,-5.920818753952375,-5.920818753952375,-5.920818753952375
-5.386448622454786,-5.0553863816987565,-5.214259851857754,-5.353189297172185,-5.274405358706209,-5.400253000608064,-5.137490671284191,-5.35612782152713,-5.228884034940307,-5.22873713353938,-5.203881715119102,-5.208829387186966,-5.174827229984767,-5.259404805277038,-5.250832217794813,-5.1428538644777575,-5.161931952673868,-5.118408374649216,-5.25383665286638,-5.201431898844651,-5.958607314841775,-5.958607314841775,-5.958607314841775,-5.958607314841775,-5.958607314841775,-5.958607314841775,-5.958607314841775,-5.958607314841775,-5.958607314841775,-5.958607314841775,-5.958607314841775,-5.958607314841775,-5.958607314841775,-5.958607314841775,-5.958607314841775,-5.958607314841775,-5.958607314841775,-5.958607314841775,-5.958607314841775,-5.958607314841775
-5.380912866615851,-5.136258892224124,-5.161365674034916,-5.343408363792722,-5.131105601706411,-5.33231526279177,-5.07613979880516,-5.164959576607827,-5.200480368210997,-5.245665590496166,-5.118167471766556,-5.221994906017304,-5.165464437926797,-5.21031595000563,-5.046764298080111,-5.023335816173176,-5.12277710356798,-5.114451394357754,-5.086370679232672,-5.036523678090664,-5.522878745280337,-5.522878745280337,-5.522878745280337,-5.522878745280337,-5.522878745280337,-5.522878745280337,-5.522878745280337,-5.522878745280337,-5.522878745280337,-5.522878745280337,-5.522878745280337,-5.522878745280337,-5.522878745280337,-5.522878745280337,-5.522878745280337,-5.522878745280337,-5.522878745280337,-5.522878745280337,-5.522878745280337,-5.522878745280337
-5.290853261195018,-4.959690617783853,-5.124312955375838,-5.470283648935042,-5.0999633248385825,-5.129840270530075,-4.960488077265917,-5.327479538885927,-5.0791803336655,-5.056854674945487,-4.99969776585081,-5.022260183739239,-4.893666331808616,-5.000239987761925,-4.985167262627721,-4.9411157336503395,-4.994845754533098,-4.996488321365729,-4.982225264652465,-4.976463912682521,-5.698970004336019,-5.698970004336019,-5.698970004336019,-5.698970004336019,-5.698970004336019,-5.698970004336019,-5.698970004336019,-5.698970004336019,-5.698970004336019,-5.698970004336019,-5.698970004336019,-5.698970004336019,-5.698970004336019,-5.698970004336019,-5.698970004336019,-5.698970004336019,-5.698970004336019,-5.698970004336019,-5.698970004336019,-5.698970004336019
-5.143212063425616,-4.9613752972180425,-5.198001320847024,-5.236695693749105,-5.176027600903117,-5.134057785052905,-5.085552074668653,-5.181387831445604,-5.123373331749945,-5.132134521290389,-5.102748958131337,-5.091437911895023,-5.08972751423797,-5.075919642617286,-5.04831466246215,-4.98173180655011,-5.122329090673576,-5.052441179063094,-5.031925993269548,-4.999644068760413,-6.0,-6.0,-6.0,-6.0,-6.0,-6.0,-6.0,-6.0,-6.0,-6.0,-6.0,-6.0,-6.0,-6.0,-6.0,-6.0,-6.0,-6.0,-6.0,-6.0
-5.241498211310257,-4.956751524826292,-5.102753922258151,-5.372505672296113,-5.079792579658496,-5.1642198107892465,-4.949325306922139,-5.245878595408042,-5.073235834359055,-5.033097174454573,-4.977167289541761,-5.009284693693306,-4.890141011546228,-4.9733782623535046,-5.000523945804528,-4.9258080472095145,-4.976485214571429,-4.972718053111765,-4.9802741582151935,-4.97232348819935,-6.0,-6.0,-6.0,-6.0,-6.0,-6.0,-6.0,-6.0,-6.0,-6.0,-6.0,-6.0,-6.0,-6.0,-6.0,-6.0,-6.0,-6.0,-6.0,-6.0
-5.377361725886387,-4.995567969966494,-5.077787366897765,-5.37833057793653,-5.038383521184146,-5.126693173058604,-4.924362760370959,-5.284129851059527,-5.0794885352200545,-5.032700464920411,-4.965512581722848,-5.027441988928688,-4.882394850116648,-4.9741855258116665,-4.910318214208638,-4.947563689050765,-4.933750995644738,-4.950717869349996,-4.9861617078769696,-4.951307851869841,-6.0,-6.0,-6.0,-6.0,-6.0,-6.0,-6.0,-6.0,-6.0,-6.0,-6.0,-6.0,-6.0,-6.0,-6.0,-6.0,-6.0,-6.0,-6.0,-6.0
-4.807558019301855,-5.028180828648959,-5.230136019605953,-5.03655844543925,-5.255652539238366,-4.9162203909119855,-5.198645353293971,-4.945634202567021,-5.112695663952591,-5.1879802340144145,-5.207417127363776,-5.103960092240908,-5.2068052713249955,-5.225538825547623,-4.867402581971508,-4.915400935680583,-5.260516220876464,-5.194426187776135,-4.988023239723005,-4.933893492297408,-5.468521082957745,-5.468521082957745,-5.468521082957745,-5.468521082957745,-5.468521082957745,-5.468521082957745,-5.468521082957745,-5.468521082957745,-5.468521082957745,-5.468521082957745,-5.468521082957745,-5.468521082957745,-5.468521082957745,-5.468521082957745,-5.468521082957745,-5.468521082957745,-5.468521082957745,-5.468521082957745,-5.468521082957745,-5.468521082957745
-6.06751176675447,-6.117956992061092,-6.119591120679962,-6.091163644121462,-6.128872393485693,-6.085154359257892,-6.110636705836488,-6.073255688133878,-6.074548305025219,-6.081066974298391,-6.153039014218775,-6.124464317641522,-6.040934571779976,-6.0883308205953055,-6.085345846131384,-6.075814644063711,-6.030140300261602,-6.086654933853512,-6.13985973095937,-6.116878124871108,-6.0655015487564325,-6.0655015487564325,-6.0655015487564325,-6.0655015487564325,-6.0655015487564325,-6.0655015487564325,-6.0655015487564325,-6.0655015487564325,-6.0655015487564325,-6.0655015487564325,-6.0655015487564325,-6.0655015487564325,-6.0655015487564325,-6.0655015487564325,-6.0655015487564325,-6.0655015487564325,-6.0655015487564325,-6.0655015487564325,-6.0655015487564325,-6.0655015487564325
-5.959255598426134,-6.061533589089411,-5.935289336048858,-5.9904780375675735,-5.979815807219223,-5.945841252984299,-5.8978284661566205,-5.948565986584145,-5.98040114951969,-5.931651428385304,-6.002504295684042,-5.994591981877137,-5.898365677522565,-5.878692337022313,-5.886624559268514,-5.887284018513105,-5.856133228315308,-5.907492752027929,-5.8483398111236795,-5.918757279248235,-5.455931955649724,-5.455931955649724,-5.455931955649724,-5.455931955649724,-5.455931955649724,-5.455931955649724,-5.455931955649724,-5.455931955649724,-5.455931955649724,-5.455931955649724,-5.455931955649724,-5.455931955649724,-5.455931955649724,-5.455931955649724,-5.455931955649724,-5.455931955649724,-5.455931955649724,-5.455931955649724,-5.455931955649724,-5.455931955649724
-5.628696070858499,-5.6276356362039195,-5.668626937745116,-5.594533798114913,-5.717052112057389,-5.653153754967879,-5.712885443845004,-5.632641482060984,-5.632843278868066,-5.700890344767505,-5.7278523807485655,-5.635662104470166,-5.7209806539855705,-5.708577547104846,-5.781007292721464,-5.66140376529548,-5.768328923733241,-5.685246969613162,-5.794073858185735,-5.691783652885525,-5.769551078621726,-5.769551078621726,-5.769551078621726,-5.769551078621726,-5.769551078621726,-5.769551078621726,-5.769551078621726,-5.769551078621726,-5.769551078621726,-5.769551078621726,-5.769551078621726,-5.769551078621726,-5.769551078621726,-5.769551078621726,-5.769551078621726,-5.769551078621726,-5.769551078621726,-5.769551078621726,-5.769551078621726,-5.769551078621726
-5.955906983534222,-6.062476335882665,-6.04280411725808,-6.016572136999529,-6.029918683118198,-6.05341834840545,-6.038775179422061,-6.01195678678426,-6.0167967995910345,-5.968683002305829,-5.994584914375013,-6.007623546198536,-6.089201349171866,-6.0189035233058235,-6.0495956879152555,-6.021253541713379,-6.068326502256667,-6.043622476313297,-6.089431999828747,-6.006185422308606,-6.1938200260161125,-6.1938200260161125,-6.1938200260161125,-6.1938200260161125,-6.1938200260161125,-6.1938200260161125,-6.1938200260161125,-6.1938200260161125,-6.1938200260161125,-6.1938200260161125,-6.1938200260161125,-6.1938200260161125,-6.1938200260161125,-6.1938200260161125,-6.1938200260161125,-6.1938200260161125,-6.1938200260161125,-6.1938200260161125,-6.1938200260161125,-6.1938200260161125
-6.1139119593756845,-6.094949397705209,-6.050137907266288,-6.084047138324969,-6.057365187109898,-6.006607370439098,-6.0501849140737765,-6.088776158439932,-6.080882924956665,-6.05957279237379,-6.015399620387162,-6.046122003770787,-6.093940706491221,-6.063292313491235,-6.046437543480006,-6.0443355494702935,-6.0569910658064625,-6.033969836551142,-6.040399970152748,-6.036519118381136,-5.958607314841775,-5.958607314841775,-5.958607314841775,-5.958607314841775,-5.958607314841775,-5.958607314841775,-5.958607314841775,-5.958607314841775,-5.958607314841775,-5.958607314841775,-5.958607314841775,-5.958607314841775,-5.958607314841775,-5.958607314841775,-5.958607314841775,-5.958607314841775,-5.958607314841775,-5.958607314841775,-5.958607314841775,-5.958607314841775
-6.1906940221751965,-6.223219068218366,-6.219149400405525,-6.198553851206005,-6.240674778281015,-6.138717509896097,-6.225750395020036,-6.240189043796723,-6.18390976057386,-6.116236518505087,-6.101174279993654,-6.1378665505325865,-6.216711288996679,-6.265606561592487,-6.2150399634501285,-6.151683997368158,-6.259554540645787,-6.1886590901466505,-6.249320233785971,-6.1478260981064405,-6.119186407719209,-6.119186407719209,-6.119186407719209,-6.119186407719209,-6.119186407719209,-6.119186407719209,-6.119186407719209,-6.119186407719209,-6.119186407719209,-6.119186407719209,-6.119186407719209,-6.119186407719209,-6.119186407719209,-6.119186407719209,-6.119186407719209,-6.119186407719209,-6.119186407719209,-6.119186407719209,-6.119186407719209,-6.119186407719209
-6.375444321929365,-6.390657422015609,-6.281293052163541,-6.395971763878031,-6.306564860493884,-6.243269311467259,-6.325571319449783,-6.394467847868032,-6.241058328340122,-6.26282865957528,-6.302349561088528,-6.2708940256488654,-6.272279173514235,-6.218616234259368,-6.254309262874289,-6.301816063584854,-6.282566224454984,-6.247390360189737,-6.212059971564908,-6.250976439645053,-6.468521082957745,-6.468521082957745,-6.468521082957745,-6.468521082957745,-6.468521082957745,-6.468521082957745,-6.468521082957745,-6.468521082957745,-6.468521082957745,-6.468521082957745,-6.468521082957745,-6.468521082957745,-6.468521082957745,-6.468521082957745,-6.468521082957745,-6.468521082957745,-6.468521082957745,-6.468521082957745,-6.468521082957745,-6.468521082957745
-6.0453392002909165,-5.9967874557539735,-5.98568989812456,-6.028413832969878,-5.97816995587974,-5.917435021198983,-5.976070465857362,-6.032369330384104,-5.96165925868804,-6.016038650955077,-6.006591905214546,-5.959124265180912,-6.00036038928865,-5.999178859044415,-5.986280908749217,-6.028748570243033,-6.00480225390355,-6.011382611146772,-5.998469334045879,-5.980458544808869,-5.886056647693163,-5.886056647693163,-5.886056647693163,-5.886056647693163,-5.886056647693163,-5.886056647693163,-5.886056647693163,-5.886056647693163,-5.886056647693163,-5.886056647693163,-5.886056647693163,-5.886056647693163,-5.886056647693163,-5.886056647693163,-5.886056647693163,-5.886056647693163,-5.886056647693163,-5.886056647693163,-5.886056647693163,-5.886056647693163
-5.739878268134306,-5.808304341970193,-5.869738708590507,-5.804076456967921,-5.8389725447614165,-5.92275797378779,-5.905642057893912,-5.785513027163837,-5.804177535132326,-5.869130142650665,-5.903665254705027,-5.8463573329681955,-6.002440346107386,-5.908053907622094,-5.914100757481721,-5.987907505530091,-5.960696474436991,-5.952181880494126,-6.0513748600271065,-5.927312450740161,-6.4089353929735005,-6.4089353929735005,-6.4089353929735005,-6.4089353929735005,-6.4089353929735005,-6.4089353929735005,-6.4089353929735005,-6.4089353929735005,-6.4089353929735005,-6.4089353929735005,-6.4089353929735005,-6.4089353929735005,-6.4089353929735005,-6.4089353929735005,-6.4089353929735005,-6.4089353929735005,-6.4089353929735005,-6.4089353929735005,-6.4089353929735005,-6.4089353929735005
-5.965073686884534,-5.970899664134695,-5.990200120794753,-5.9505951534707995,-5.980568305126983,-5.849954488343469,-5.946485695382933,-5.9958579186515255,-5.963068608948966,-5.888613751123738,-5.912627644727624,-5.921890852261652,-5.904780928859343,-6.007463106191367,-5.908667784754072,-5.868536411257678,-5.8985980357156125,-5.929866814802556,-5.900252518767295,-5.885724946446244,-6.443697499232713,-6.443697499232713,-6.443697499232713,-6.443697499232713,-6.443697499232713,-6.443697499232713,-6.443697499232713,-6.443697499232713,-6.443697499232713,-6.443697499232713,-6.443697499232713,-6.443697499232713,-6.443697499232713,-6.443697499232713,-6.443697499232713,-6.443697499232713,-6.443697499232713,-6.443697499232713,-6.443697499232713,-6.443697499232713
-5.649286971854318,-5.328457863945177,-5.696566228230503,-5.67843463156718,-5.733537911930881,-5.580681279220051,-5.635925675639408,-5.639030754920126,-5.736484008725905,-5.744039696491011,-5.7419521738663475,-5.689716062337754,-5.675742011206401,-5.715235976986505,-5.5834137105268065,-5.645204366880493,-5.635928719420527,-5.665293985854732,-5.626763725040188,-5.661854532961488,-5.886056647693163,-5.886056647693163,-5.886056647693163,-5.886056647693163,-5.886056647693163,-5.886056647693163,-5.886056647693163,-5.886056647693163,-5.886056647693163,-5.886056647693163,-5.886056647693163,-5.886056647693163,-5.886056647693163,-5.886056647693163,-5.886056647693163,-5.886056647693163,-5.886056647693163,-5.886056647693163,-5.886056647693163,-5.886056647693163
-5.143008391795673,-5.265087044993686,-5.268710659610269,-5.146549829314078,-5.287254706133143,-5.181309091046391,-5.179641678638964,-5.15238620679796,-5.2888281674634765,-5.33312452353098,-5.302777475102395,-5.255869496641748,-5.22992620788843,-5.280977029340404,-5.147892519727106,-5.161143674836558,-5.230341943271256,-5.221604347097138,-5.2396504237948065,-5.175048322279249,-5.060480747381382,-5.060480747381382,-5.060480747381382,-5.060480747381382,-5.060480747381382,-5.060480747381382,-5.060480747381382,-5.060480747381382,-5.060480747381382,-5.060480747381382,-5.060480747381382,-5.060480747381382,-5.060480747381382,-5.060480747381382,-5.060480747381382,-5.060480747381382,-5.060480747381382,-5.060480747381382,-5.060480747381382,-5.060480747381382
-5.35517792951245,-5.3643973609688675,-5.4538727660581925,-5.424801027749626,-5.5694189310365605,-5.381069614710239,-5.385869687835158,-5.406714216434821,-5.54539320633167,-5.559470963365827,-5.564224433500552,-5.536005483248837,-5.457088278015344,-5.513217355277379,-5.312455581291966,-5.343743961629174,-5.401810478831013,-5.396566640749131,-5.323864968436822,-5.404847751199999,-5.337242168318426,-5.337242168318426,-5.337242168318426,-5.337242168318426,-5.337242168318426,-5.337242168318426,-5.337242168318426,-5.337242168318426,-5.337242168318426,-5.337242168318426,-5.337242168318426,-5.337242168318426,-5.337242168318426,-5.337242168318426,-5.337242168318426,-5.337242168318426,-5.337242168318426,-5.337242168318426,-5.337242168318426,-5.337242168318426
-5.158574912240614,-5.252196519480682,-5.250749194947878,-5.172640783412492,-5.310173341091232,-5.176526232676075,-5.169910469414301,-5.1788845411988635,-5.3163355373553065,-5.341583606044422,-5.314986353353642,-5.264640281430759,-5.237534788638598,-5.274356076560455,-5.115113037529268,-5.158486754987606,-5.214066097262273,-5.197197000320041,-5.201610061401165,-5.191830494704836,-5.4089353929735005,-5.4089353929735005,-5.4089353929735005,-5.4089353929735005,-5.4089353929735005,-5.4089353929735005,-5.4089353929735005,-5.4089353929735005,-5.4089353929735005,-5.4089353929735005,-5.4089353929735005,-5.4089353929735005,-5.4089353929735005,-5.4089353929735005,-5.4089353929735005,-5.4089353929735005,-5.4089353929735005,-5.4089353929735005,-5.4089353929735005,-5.4089353929735005
-5.514001293927,-5.440158761627535,-5.664166887535244,-5.545191211639167,-5.693984748067834,-5.578849343718696,-5.669450630440387,-5.454146063241772,-5.571578772919563,-5.780679528039595,-5.731825198597234,-5.611487454648542,-5.790601106863537,-5.74379903485737,-5.672126652118293,-5.753485905590804,-5.808644138429834,-5.712248183125751,-5.927902614805118,-5.691403544007476,-5.721246399047171,-5.721246399047171,-5.721246399047171,-5.721246399047171,-5.721246399047171,-5.721246399047171,-5.721246399047171,-5.721246399047171,-5.721246399047171,-5.721246399047171,-5.721246399047171,-5.721246399047171,-5.721246399047171,-5.721246399047171,-5.721246399047171,-5.721246399047171,-5.721246399047171,-5.721246399047171,-5.721246399047171,-5.721246399047171
-5.1274253699548344,-5.276873875130321,-5.25284723254576,-5.124728334386021,-5.265778768446991,-5.151179806432402,-5.150542033425474,-5.142443227136763,-5.272056894741501,-5.308067802515279,-5.273225352701618,-5.2313675413438885,-5.177834295395486,-5.269886909396477,-5.1259488269077975,-5.125699055052191,-5.194162662725657,-5.215027932126775,-5.194787129928617,-5.141747914922986,-5.455931955649724,-5.455931955649724,-5.455931955649724,-5.455931955649724,-5.455931955649724,-5.455931955649724,-5.455931955649724,-5.455931955649724,-5.455931955649724,-5.455931955649724,-5.455931955649724,-5.455931955649724,-5.455931955649724,-5.455931955649724,-5.455931955649724,-5.455931955649724,-5.455931955649724,-5.455931955649724,-5.455931955649724,-5.455931955649724
-4.99485011997128,-5.439384060875077,-5.092400320780401,-4.949170461190682,-5.121898589698246,-5.033655105500906,-5.015428797547577,-4.969307718522193,-5.078259098669855,-5.121638348588848,-5.108352384263055,-5.044851707461707,-5.070613066312389,-5.071292020377094,-4.985747836916407,-4.988962241576375,-5.06464753797513,-5.02225248629342,-5.15614875041091,-4.999280346413087,-5.309803919971486,-5.309803919971486,-5.309803919971486,-5.309803919971486,-5.309803919971486,-5.309803919971486,-5.309803919971486,-5.309803919971486,-5.309803919971486,-5.309803919971486,-5.309803919971486,-5.309803919971486,-5.309803919971486,-5.309803919971486,-5.309803919971486,-5.309803919971486,-5.309803919971486,-5.309803919971486,-5.309803919971486,-5.309803919971486
-5.34261875187361,-5.372417962739148,-5.384955788892422,-5.3641980536682485,-5.437387882140112,-5.305975408822326,-5.301147696739739,-5.366517678703953,-5.422854421829743,-5.372077123716286,-5.382026336564447,-5.391802758587288,-5.279068084986744,-5.358874217590905,-5.224342434562329,-5.270342044892341,-5.257793558614544,-5.320824372692288,-5.194953756402853,-5.294360763504471,-5.795880017344075,-5.795880017344075,-5.795880017344075,-5.795880017344075,-5.795880017344075,-5.795880017344075,-5.795880017344075,-5.795880017344075,-5.795880017344075,-5.795880017344075,-5.795880017344075,-5.795880017344075,-5.795880017344075,-5.795880017344075,-5.795880017344075,-5.795880017344075,-5.795880017344075,-5.795880017344075,-5.795880017344075,-5.795880017344075
-6.357158390772485,-6.405165636536769,-6.325839665698408,-6.393604641020839,-6.319457985106147,-6.299435964908178,-6.3143044192301385,-6.3690871038030625,-6.331370744867746,-6.277505138153182,-6.314340018135231,-6.3050416022953,-6.318077774388964,-6.275443580804286,-6.289336118790895,-6.298102247585483,-6.311190133334057,-6.294262115926893,-6.250836536342698,-6.291184804292509,-5.552841968657781,-5.552841968657781,-5.552841968657781,-5.552841968657781,-5.552841968657781,-5.552841968657781,-5.552841968657781,-5.552841968657781,-5.552841968657781,-5.552841968657781,-5.552841968657781,-5.552841968657781,-5.552841968657781,-5.552841968657781,-5.552841968657781,-5.552841968657781,-5.552841968657781,-5.552841968657781,-5.552841968657781,-5.552841968657781
-5.706195511819473,-5.7049107009108315,-5.6527995837940965,-5.654016849144393,-5.653610992785018,-5.770636603857624,-5.7121299700648285,-5.601720514518157,-5.683931216383833,-5.8662756019444915,-5.799185008242604,-5.789276214035853,-5.84000446760923,-5.6376196530279525,-5.783705013375684,-5.772725702058452,-5.720325636984213,-5.714039853392043,-5.7496708961059735,-5.797338008429095,-4.920818753952375,-4.920818753952375,-4.920818753952375,-4.920818753952375,-4.920818753952375,-4.920818753952375,-4.920818753952375,-4.920818753952375,-4.920818753952375,-4.920818753952375,-4.920818753952375,-4.920818753952375,-4.920818753952375,-4.920818753952375,-4.920818753952375,-4.920818753952375,-4.920818753952375,-4.920818753952375,-4.920818753952375,-4.920818753952375
-6.040050467991623,-6.080379647779586,-6.057139386192311,-6.035486125809099,-6.0062998054711825,-6.059447257060682,-6.072707842292834,-5.999339358954048,-6.0571816184904135,-6.143515465673747,-6.080205055714613,-6.122126547886739,-6.130080203381563,-6.047389325170585,-6.064679371587396,-6.096823923838284,-6.0291916735768964,-6.0737951461821655,-6.038064673336346,-6.104216586685335,-6.154901959985743,-6.154901959985743,-6.154901959985743,-6.154901959985743,-6.154901959985743,-6.154901959985743,-6.154901959985743,-6.154901959985743,-6.154901959985743,-6.154901959985743,-6.154901959985743,-6.154901959985743,-6.154901959985743,-6.154901959985743,-6.154901959985743,-6.154901959985743,-6.154901959985743,-6.154901959985743,-6.154901959985743,-6.154901959985743
-5.2279266171666325,-5.211932831170393,-5.298862245584452,-5.209266231089731,-5.323903794872676,-5.2654367888823375,-5.2550699030269135,-5.218487908939254,-5.358661277952841,-5.3026421247943585,-5.3092177430738685,-5.329438223634002,-5.33267620179184,-5.29504322234748,-5.190418518379251,-5.172563421127143,-5.238173028122832,-5.184503127966971,-5.219524465454896,-5.21822511952895,-5.585026652029182,-5.585026652029182,-5.585026652029182,-5.585026652029182,-5.585026652029182,-5.585026652029182,-5.585026652029182,-5.585026652029182,-5.585026652029182,-5.585026652029182,-5.585026652029182,-5.585026652029182,-5.585026652029182,-5.585026652029182,-5.585026652029182,-5.585026652029182,-5.585026652029182,-5.585026652029182,-5.585026652029182,-5.585026652029182
-5.952712281466225,-5.791882286278889,-5.794817120009436,-5.840666142263103,-5.7939678575314435,-5.715969471035199,-5.799901096668758,-5.88630669893778,-5.680770509387035,-5.886071888294235,-5.842859541842018,-5.73480352202047,-5.862631056348021,-5.88388236309603,-5.900041945080316,-5.95215527088,-5.811677399416893,-5.919656863656015,-5.933764864732086,-5.800786506494545,-5.42021640338319,-5.42021640338319,-5.42021640338319,-5.42021640338319,-5.42021640338319,-5.42021640338319,-5.42021640338319,-5.42021640338319,-5.42021640338319,-5.42021640338319,-5.42021640338319,-5.42021640338319,-5.42021640338319,-5.42021640338319,-5.42021640338319,-5.42021640338319,-5.42021640338319,-5.42021640338319,-5.42021640338319,-5.42021640338319
-5.495205806791759,-5.605752701217893,-5.7564438269930625,-5.600789124256256,-5.80595642315159,-5.691012466849461,-5.785966205719567,-5.560119218296504,-5.693188926298689,-5.787247676209623,-5.791067917837233,-5.768767860837316,-5.910427217575669,-5.8826697625988436,-5.732397404272929,-5.741034905473766,-5.799424760575488,-5.698222266201612,-5.927506067265951,-5.7089516995528555,-5.275724130399211,-5.275724130399211,-5.275724130399211,-5.275724130399211,-5.275724130399211,-5.275724130399211,-5.275724130399211,-5.275724130399211,-5.275724130399211,-5.275724130399211,-5.275724130399211,-5.275724130399211,-5.275724130399211,-5.275724130399211,-5.275724130399211,-5.275724130399211,-5.275724130399211,-5.275724130399211,-5.275724130399211,-5.275724130399211
-5.193070534624106,-5.222530046321642,-5.278392570030397,-5.220770000488368,-5.354025020599065,-5.236676076185305,-5.226721011566694,-5.226302335223125,-5.371952836608402,-5.300737104737274,-5.3100845068724665,-5.311553650553242,-5.318115514754635,-5.305082050266531,-5.173558363260749,-5.1549608987551885,-5.26506815639498,-5.165022197952349,-5.18409913641453,-5.216300170257252,-5.920818753952375,-5.920818753952375,-5.920818753952375,-5.920818753952375,-5.920818753952375,-5.920818753952375,-5.920818753952375,-5.920818753952375,-5.920818753952375,-5.920818753952375,-5.920818753952375,-5.920818753952375,-5.920818753952375,-5.920818753952375,-5.920818753952375,-5.920818753952375,-5.920818753952375,-5.920818753952375,-5.920818753952375,-5.920818753952375
-5.24453966727824,-5.153168681204691,-5.279441144673828,-5.12067423304436,-5.238856765608118,-5.23684437422909,-5.238235569707835,-5.178919302646683,-5.209150875932374,-5.259728457525335,-5.248418684325098,-5.237688907088555,-5.278119260744764,-5.304924033430808,-5.303146059431818,-5.184969079938506,-5.239833472269204,-5.268678044132831,-5.313978068424114,-5.1799168402630285,-5.958607314841775,-5.958607314841775,-5.958607314841775,-5.958607314841775,-5.958607314841775,-5.958607314841775,-5.958607314841775,-5.958607314841775,-5.958607314841775,-5.958607314841775,-5.958607314841775,-5.958607314841775,-5.958607314841775,-5.958607314841775,-5.958607314841775,-5.958607314841775,-5.958607314841775,-5.958607314841775,-5.958607314841775,-5.958607314841775
-5.5835647877026116,-5.474807281965298,-5.575390062178665,-5.460582077323117,-5.593368602360167,-5.51192292532824,-5.593181680203095,-5.54704282567771,-5.4509276215906315,-5.5825955491220505,-5.5627242773463506,-5.482474454365436,-5.622077102449218,-5.693163218396302,-5.709231031565436,-5.590708693839981,-5.622958748598867,-5.655332982178635,-5.789089639994327,-5.525465910665479,-5.769551078621726,-5.769551078621726,-5.769551078621726,-5.769551078621726,-5.769551078621726,-5.769551078621726,-5.769551078621726,-5.769551078621726,-5.769551078621726,-5.769551078621726,-5.769551078621726,-5.769551078621726,-5.769551078621726,-5.769551078621726,-5.769551078621726,-5.769551078621726,-5.769551078621726,-5.769551078621726,-5.769551078621726,-5.769551078621726
-5.453426773187813,-5.346826529332027,-5.488014379891134,-5.428445412760106,-5.520598039551148,-5.457803135028716,-5.513669464772975,-5.434875000047318,-5.441372278585311,-5.5672196988074445,-5.553829718055961,-5.463970576078846,-5.608639842340581,-5.491363381953107,-5.450776842388905,-5.552448189057157,-5.5647370624294314,-5.477827246245006,-5.522401101423305,-5.507329433676907,-6.236572006437063,-6.236572006437063,-6.236572006437063,-6.236572006437063,-6.236572006437063,-6.236572006437063,-6.236572006437063,-6.236572006437063,-6.236572006437063,-6.236572006437063,-6.236572006437063,-6.236572006437063,-6.236572006437063,-6.236572006437063,-6.236572006437063,-6.236572006437063,-6.236572006437063,-6.236572006437063,-6.236572006437063,-6.236572006437063
-5.212754098204691,-5.184079336016838,-5.2359923507148975,-5.191791454016798,-5.161745080187885,-5.185738726657528,-5.121270321293391,-5.216199549184886,-5.202827665110689,-5.132760418682758,-5.110672718853933,-5.132243201004721,-5.081449871772881,-5.095047153446052,-5.106179980933279,-5.168288343615073,-5.119160131157893,-5.134754509631933,-4.994968453412503,-5.100076483713918,-5.619788758288394,-5.619788758288394,-5.619788758288394,-5.619788758288394,-5.619788758288394,-5.619788758288394,-5.619788758288394,-5.619788758288394,-5.619788758288394,-5.619788758288394,-5.619788758288394,-5.619788758288394,-5.619788758288394,-5.619788758288394,-5.619788758288394,-5.619788758288394,-5.619788758288394,-5.619788758288394,-5.619788758288394,-5.619788758288394
-5.376122023982732,-5.416264828592962,-5.466171473789405,-5.407318990518607,-5.319858261003542,-5.4101274997932745,-5.3775708005521095,-5.389442947354373,-5.361872962077398,-5.344808874404176,-5.296895876930081,-5.361510709520438,-5.3307362189405785,-5.288348466193315,-5.306143579742465,-5.464791343465606,-5.335001836253651,-5.354688402218375,-5.11883810165427,-5.328750143860672,-5.853871964321762,-5.853871964321762,-5.853871964321762,-5.853871964321762,-5.853871964321762,-5.853871964321762,-5.853871964321762,-5.853871964321762,-5.853871964321762,-5.853871964321762,-5.853871964321762,-5.853871964321762,-5.853871964321762,-5.853871964321762,-5.853871964321762,-5.853871964321762,-5.853871964321762,-5.853871964321762,-5.853871964321762,-5.853871964321762
-5.342747689118357,-5.406342582280027,-5.175508841939737,-5.380209144169418,-5.050816736494399,-5.2901369668983405,-5.161943027725166,-5.3381512064988454,-5.339741997959349,-5.157025354544156,-5.131229830252456,-5.2427050778793305,-5.273241397278629,-5.002104347793792,-5.0545970304705925,-5.349814474064157,-5.0028573521630335,-5.051705447805381,-4.81934697303064,-5.20813395424979,-5.795880017344075,-5.795880017344075,-5.795880017344075,-5.795880017344075,-5.795880017344075,-5.795880017344075,-5.795880017344075,-5.795880017344075,-5.795880017344075,-5.795880017344075,-5.795880017344075,-5.795880017344075,-5.795880017344075,-5.795880017344075,-5.795880017344075,-5.795880017344075,-5.795880017344075,-5.795880017344075,-5.795880017344075,-5.795880017344075
-5.361059821816,-5.428577787428322,-5.224090423472859,-5.405043265701107,-5.068490010153663,-5.307576259680923,-5.198254753060068,-5.360442895714637,-5.351478035687893,-5.176127203507188,-5.140627188051634,-5.262633484085507,-5.282255232892389,-5.043887182058652,-5.0775490419847475,-5.391860617208479,-5.026256426813169,-5.106244130755509,-4.831588182729921,-5.229656655590254,-5.823908740944319,-5.823908740944319,-5.823908740944319,-5.823908740944319,-5.823908740944319,-5.823908740944319,-5.823908740944319,-5.823908740944319,-5.823908740944319,-5.823908740944319,-5.823908740944319,-5.823908740944319,-5.823908740944319,-5.823908740944319,-5.823908740944319,-5.823908740944319,-5.823908740944319,-5.823908740944319,-5.823908740944319,-5.823908740944319
-5.461805097856082,-5.415355555823342,-5.451431586291886,-5.452917975225747,-5.430753872059869,-5.438835980856305,-5.413086319427497,-5.442138371653085,-5.463777399750555,-5.4424986551190155,-5.4320124748034315,-5.435266323847648,-5.433351553608637,-5.342067955788978,-5.320139295626224,-5.453553057746113,-5.362343935350754,-5.37001807905665,-5.298707321183835,-5.406946642519865,-6.214670164989233,-6.214670164989233,-6.214670164989233,-6.214670164989233,-6.214670164989233,-6.214670164989233,-6.214670164989233,-6.214670164989233,-6.214670164989233,-6.214670164989233,-6.214670164989233,-6.214670164989233,-6.214670164989233,-6.214670164989233,-6.214670164989233,-6.214670164989233,-6.214670164989233,-6.214670164989233,-6.214670164989233,-6.214670164989233
-5.464210227844182,-5.461605258745245,-5.373804458617968,-5.471941554717041,-5.3326674334357005,-5.414227525147414,-5.3385754932573155,-5.445942631595488,-5.482581246106416,-5.388657216669367,-5.37237166981128,-5.41477145910288,-5.385184758632062,-5.247986260648239,-5.241994957745962,-5.425756600209662,-5.239900817376554,-5.296738188607846,-5.150202884512668,-5.365025158231048,-6.229147988357856,-6.229147988357856,-6.229147988357856,-6.229147988357856,-6.229147988357856,-6.229147988357856,-6.229147988357856,-6.229147988357856,-6.229147988357856,-6.229147988357856,-6.229147988357856,-6.229147988357856,-6.229147988357856,-6.229147988357856,-6.229147988357856,-6.229147988357856,-6.229147988357856,-6.229147988357856,-6.229147988357856,-6.229147988357856
-5.427343352048737,-5.456940708002256,-5.38788650392783,-5.466238902943522,-5.348569062593132,-5.410516543542527,-5.376106677970489,-5.463707106041892,-5.47258744003174,-5.336363899061297,-5.336588177723699,-5.393105491742969,-5.423146905388075,-5.281696218072939,-5.244763900589743,-5.420187713922872,-5.279845586386451,-5.268455189955234,-5.141683718611439,-5.354591398696032,-6.130768280269024,-6.130768280269024,-6.130768280269024,-6.130768280269024,-6.130768280269024,-6.130768280269024,-6.130768280269024,-6.130768280269024,-6.130768280269024,-6.130768280269024,-6.130768280269024,-6.130768280269024,-6.130768280269024,-6.130768280269024,-6.130768280269024,-6.130768280269024,-6.130768280269024,-6.130768280269024,-6.130768280269024,-6.130768280269024
-5.449150852805267,-5.4068377272691315,-5.453274035001266,-5.442841014587861,-5.423572066782833,-5.426926226232209,-5.40975856653077,-5.432542703315732,-5.455513337948418,-5.437344021990944,-5.4221880266787625,-5.428798883151805,-5.421911594872921,-5.350775271356222,-5.315432105745508,-5.449302723849573,-5.357344423796417,-5.378319092019398,-5.293718712065987,-5.3972760252153416,-6.275724130399211,-6.275724130399211,-6.275724130399211,-6.275724130399211,-6.275724130399211,-6.275724130399211,-6.275724130399211,-6.275724130399211,-6.275724130399211,-6.275724130399211,-6.275724130399211,-6.275724130399211,-6.275724130399211,-6.275724130399211,-6.275724130399211,-6.275724130399211,-6.275724130399211,-6.275724130399211,-6.275724130399211,-6.275724130399211
-5.351834474756726,-5.395731673743736,-5.40781265766643,-5.37744034788559,-5.252204583987851,-5.364559046930502,-5.309967496533851,-5.353184957043205,-5.3416614426076015,-5.306163112548706,-5.256721390857415,-5.325634157253251,-5.266801417601369,-5.223913209445072,-5.249301033328578,-5.414368380206694,-5.247755489898166,-5.306553777003864,-5.045716049528588,-5.280101218297787,-5.638272163982407,-5.638272163982407,-5.638272163982407,-5.638272163982407,-5.638272163982407,-5.638272163982407,-5.638272163982407,-5.638272163982407,-5.638272163982407,-5.638272163982407,-5.638272163982407,-5.638272163982407,-5.638272163982407,-5.638272163982407,-5.638272163982407,-5.638272163982407,-5.638272163982407,-5.638272163982407,-5.638272163982407,-5.638272163982407
-5.416528839241435,-5.380399758525299,-5.308851261630742,-5.402550290972056,-5.281930077017676,-5.34081958374991,-5.262366016807756,-5.392186178475063,-5.401195855502516,-5.301530566354448,-5.294107924053925,-5.325310211623482,-5.287380091508676,-5.17126564723126,-5.172083066607626,-5.340433910897356,-5.167337105875845,-5.228596720192142,-5.100545776371497,-5.286482505817428,-6.102372908709558,-6.102372908709558,-6.102372908709558,-6.102372908709558,-6.102372908709558,-6.102372908709558,-6.102372908709558,-6.102372908709558,-6.102372908709558,-6.102372908709558,-6.102372908709558,-6.102372908709558,-6.102372908709558,-6.102372908709558,-6.102372908709558,-6.102372908709558,-6.102372908709558,-6.102372908709558,-6.102372908709558,-6.102372908709558
-5.704181759342668,-5.6012928334524155,-5.564744912692825,-5.652771825272506,-5.601337916698338,-5.59869726649471,-5.6177340306464965,-5.660199402087205,-5.6078830480126465,-5.735250107263744,-5.722930172426919,-5.613887886420383,-5.743200786771612,-5.565542706768851,-5.61634017306237,-5.729851995320027,-5.653800911987397,-5.608483111495346,-5.560708152719444,-5.669015411027173,-5.657577319177793,-5.657577319177793,-5.657577319177793,-5.657577319177793,-5.657577319177793,-5.657577319177793,-5.657577319177793,-5.657577319177793,-5.657577319177793,-5.657577319177793,-5.657577319177793,-5.657577319177793,-5.657577319177793,-5.657577319177793,-5.657577319177793,-5.657577319177793,-5.657577319177793,-5.657577319177793,-5.657577319177793,-5.657577319177793
-5.679695721134395,-5.598858716210672,-5.7509919164543755,-5.67784964334721,-5.835108195452907,-5.600849063317426,-5.733564263702483,-5.58788146689967,-5.70627299240412,-5.6934982634495865,-5.833568223580473,-5.733812737228516,-5.77261321918491,-5.776257737653042,-5.6211379049508485,-5.657432890805609,-5.694662192043344,-5.660099943964617,-5.849141700456658,-5.699174063239382,-6.013228265733755,-6.013228265733755,-6.013228265733755,-6.013228265733755,-6.013228265733755,-6.013228265733755,-6.013228265733755,-6.013228265733755,-6.013228265733755,-6.013228265733755,-6.013228265733755,-6.013228265733755,-6.013228265733755,-6.013228265733755,-6.013228265733755,-6.013228265733755,-6.013228265733755,-6.013228265733755,-6.013228265733755,-6.013228265733755
-5.816841051372335,-5.691912821321121,-5.7841401147490945,-5.761277373871989,-5.815003334120595,-5.671402570161535,-5.783004876000286,-5.45926564865292,-5.71548416912375,-5.6893012903764,-5.830128839659624,-5.726355153867064,-5.816493514102818,-5.826108375750038,-5.766859137340438,-5.77857122989392,-5.821602586975228,-5.74343615330352,-5.880847143527254,-5.74282834877012,-5.920818753952375,-5.920818753952375,-5.920818753952375,-5.920818753952375,-5.920818753952375,-5.920818753952375,-5.920818753952375,-5.920818753952375,-5.920818753952375,-5.920818753952375,-5.920818753952375,-5.920818753952375,-5.920818753952375,-5.920818753952375,-5.920818753952375,-5.920818753952375,-5.920818753952375,-5.920818753952375,-5.920818753952375,-5.920818753952375
-5.826725933136965,-5.708243202865211,-5.7604740044890645,-5.767815615211924,-5.79974269390485,-5.677751906974789,-5.7441265763703955,-5.50673948504579,-5.746221532167461,-5.681319192894238,-5.8106884079003525,-5.73411430154143,-5.768683555756853,-5.761265681990406,-5.721670151324132,-5.731240777797398,-5.745870760988299,-5.710319294207241,-5.794151720207305,-5.727790216568904,-5.823908740944319,-5.823908740944319,-5.823908740944319,-5.823908740944319,-5.823908740944319,-5.823908740944319,-5.823908740944319,-5.823908740944319,-5.823908740944319,-5.823908740944319,-5.823908740944319,-5.823908740944319,-5.823908740944319,-5.823908740944319,-5.823908740944319,-5.823908740944319,-5.823908740944319,-5.823908740944319,-5.823908740944319,-5.823908740944319
-5.36416273368946,-5.606109037435583,-5.648439593005513,-5.55502671328263,-5.628350128321614,-5.61039510979397,-5.621449129597324,-5.631431075772561,-5.563815208693198,-5.640824074858364,-5.615024733989446,-5.593723911600726,-5.614745910085551,-5.690922487851393,-5.736669212118811,-5.61136822199403,-5.657880255562066,-5.7147865078408975,-5.727510456060672,-5.5948253695180465,-5.251811972993799,-5.251811972993799,-5.251811972993799,-5.251811972993799,-5.251811972993799,-5.251811972993799,-5.251811972993799,-5.251811972993799,-5.251811972993799,-5.251811972993799,-5.251811972993799,-5.251811972993799,-5.251811972993799,-5.251811972993799,-5.251811972993799,-5.251811972993799,-5.251811972993799,-5.251811972993799,-5.251811972993799,-5.251811972993799
-5.733674758779228,-5.913054751609441,-5.9411697156430625,-5.903119293334464,-5.910870993331737,-5.872646824301134,-5.898644724365048,-5.914014928578136,-5.9193948397954825,-5.9378643390402726,-5.920649314469078,-5.920877767763937,-5.896700002524379,-5.940503440315966,-5.897289095629528,-5.90361661949232,-5.8761401970542,-5.948614842771029,-5.903799515928709,-5.899708525435532,-6.1938200260161125,-6.1938200260161125,-6.1938200260161125,-6.1938200260161125,-6.1938200260161125,-6.1938200260161125,-6.1938200260161125,-6.1938200260161125,-6.1938200260161125,-6.1938200260161125,-6.1938200260161125,-6.1938200260161125,-6.1938200260161125,-6.1938200260161125,-6.1938200260161125,-6.1938200260161125,-6.1938200260161125,-6.1938200260161125,-6.1938200260161125,-6.1938200260161125
-5.421515086765643,-5.647218284350204,-5.636023625302726,-5.624749861705457,-5.64882542602309,-5.6468721634833265,-5.619290969203707,-5.66367673512291,-5.641047928083914,-5.698327771879705,-5.688976010555917,-5.636956422036265,-5.673626561696904,-5.644938183026317,-5.710424649936933,-5.651503486763293,-5.667406681676214,-5.684862044438234,-5.720161775554709,-5.642398483141691,-5.468521082957745,-5.468521082957745,-5.468521082957745,-5.468521082957745,-5.468521082957745,-5.468521082957745,-5.468521082957745,-5.468521082957745,-5.468521082957745,-5.468521082957745,-5.468521082957745,-5.468521082957745,-5.468521082957745,-5.468521082957745,-5.468521082957745,-5.468521082957745,-5.468521082957745,-5.468521082957745,-5.468521082957745,-5.468521082957745
-5.308788754346476,-5.299512284039257,-5.178325702370291,-5.327351244941657,-5.155492129405042,-5.225975243598784,-5.159468008096947,-5.334485343485187,-5.373254585044587,-5.2177313849394995,-5.2573670158910355,-5.1978673922580665,-5.297732808630909,-5.159036038882043,-5.161973411586288,-5.279968703845385,-5.119270065020949,-5.145221081808341,-5.034646908928753,-5.255593352541438,-5.455931955649724,-5.455931955649724,-5.455931955649724,-5.455931955649724,-5.455931955649724,-5.455931955649724,-5.455931955649724,-5.455931955649724,-5.455931955649724,-5.455931955649724,-5.455931955649724,-5.455931955649724,-5.455931955649724,-5.455931955649724,-5.455931955649724,-5.455931955649724,-5.455931955649724,-5.455931955649724,-5.455931955649724,-5.455931955649724
-5.487800404057459,-5.53335799944574,-5.615376431610544,-5.529935991934009,-5.546452834049925,-5.5542722322830995,-5.58482920038217,-5.523549409375826,-5.563131836509863,-5.5744774188519886,-5.587820914425678,-5.548911886671725,-5.600366289237956,-5.606047872408425,-5.563751583290726,-5.610267804666155,-5.557733052664436,-5.580823658384092,-5.574050819884151,-5.58781166917626,-5.853871964321762,-5.853871964321762,-5.853871964321762,-5.853871964321762,-5.853871964321762,-5.853871964321762,-5.853871964321762,-5.853871964321762,-5.853871964321762,-5.853871964321762,-5.853871964321762,-5.853871964321762,-5.853871964321762,-5.853871964321762,-5.853871964321762,-5.853871964321762,-5.853871964321762,-5.853871964321762,-5.853871964321762,-5.853871964321762
-5.4115304914103275,-5.4382528966689785,-5.4694468888853045,-5.398995686806946,-5.398091439527235,-5.424469499094397,-5.3864169114722245,-5.394767456315872,-5.475873023605189,-5.489166374401335,-5.49194207702962,-5.436118851568338,-5.404256209254119,-5.4685527771735645,-5.475864181184442,-5.437293627041637,-5.39395519133805,-5.503585337774002,-5.391859187113716,-5.435889915225928,-5.721246399047171,-5.721246399047171,-5.721246399047171,-5.721246399047171,-5.721246399047171,-5.721246399047171,-5.721246399047171,-5.721246399047171,-5.721246399047171,-5.721246399047171,-5.721246399047171,-5.721246399047171,-5.721246399047171,-5.721246399047171,-5.721246399047171,-5.721246399047171,-5.721246399047171,-5.721246399047171,-5.721246399047171,-5.721246399047171
-5.358833988125988,-5.357199302809118,-5.242479420985672,-5.413005069629464,-5.210147618992084,-5.271483347104098,-5.257894552945426,-5.425503796598243,-5.438125729564994,-5.249684254198494,-5.301002190553646,-5.2445020482640885,-5.414695047729254,-5.247733174309642,-5.197372481838661,-5.377692728996337,-5.182451625233509,-5.179953015109902,-5.109926295628459,-5.335336990071984,-5.886056647693163,-5.886056647693163,-5.886056647693163,-5.886056647693163,-5.886056647693163,-5.886056647693163,-5.886056647693163,-5.886056647693163,-5.886056647693163,-5.886056647693163,-5.886056647693163,-5.886056647693163,-5.886056647693163,-5.886056647693163,-5.886056647693163,-5.886056647693163,-5.886056647693163,-5.886056647693163,-5.886056647693163,-5.886056647693163
-5.856329786228118,-5.836668432177758,-5.9478144725302995,-5.841198151652913,-5.895451481408547,-5.791363104179182,-5.91086649931451,-5.864930062963782,-5.838735364479803,-5.8715732301158425,-5.862812432015996,-5.857565559281853,-5.84925931782544,-5.990835130843399,-5.898964438933941,-5.867035564367063,-5.869346839627704,-5.92507017068688,-5.906560536109258,-5.8464657209528434,-6.136677139879544,-6.136677139879544,-6.136677139879544,-6.136677139879544,-6.136677139879544,-6.136677139879544,-6.136677139879544,-6.136677139879544,-6.136677139879544,-6.136677139879544,-6.136677139879544,-6.136677139879544,-6.136677139879544,-6.136677139879544,-6.136677139879544,-6.136677139879544,-6.136677139879544,-6.136677139879544,-6.136677139879544,-6.136677139879544
-5.856974109918215,-5.798700260211556,-5.790433925461071,-5.850127695779792,-5.813231801655429,-5.79550074795699,-5.816118637834633,-5.824640107141975,-5.79503729191824,-5.882203226389664,-5.8712574581232495,-5.798538043431087,-5.920157431621655,-5.804382706438396,-5.820629606212045,-5.910488776750163,-5.869464632409121,-5.824216830294066,-5.902539820640577,-5.857193613564537,-6.161150909262744,-6.161150909262744,-6.161150909262744,-6.161150909262744,-6.161150909262744,-6.161150909262744,-6.161150909262744,-6.161150909262744,-6.161150909262744,-6.161150909262744,-6.161150909262744,-6.161150909262744,-6.161150909262744,-6.161150909262744,-6.161150909262744,-6.161150909262744,-6.161150909262744,-6.161150909262744,-6.161150909262744,-6.161150909262744
-5.5117177395032,-5.544654380077743,-5.378281184832226,-5.601231178429509,-5.39169057919133,-5.4998313945290445,-5.413633878598012,-5.510187993330486,-5.689264093849738,-5.562329233660583,-5.635962015336153,-5.487825282470336,-5.730465899256252,-5.401737057779454,-5.430197054486495,-5.61715476729254,-5.470364019185992,-5.413437267304354,-5.451645286199546,-5.585427569231009,-6.1487416512809245,-6.1487416512809245,-6.1487416512809245,-6.1487416512809245,-6.1487416512809245,-6.1487416512809245,-6.1487416512809245,-6.1487416512809245,-6.1487416512809245,-6.1487416512809245,-6.1487416512809245,-6.1487416512809245,-6.1487416512809245,-6.1487416512809245,-6.1487416512809245,-6.1487416512809245,-6.1487416512809245,-6.1487416512809245,-6.1487416512809245,-6.1487416512809245
-5.968351862116553,-5.959575816303343,-5.990922856763414,-5.982067137518329,-5.988193354019994,-5.916779149763125,-6.05332415191751,-5.974950220054754,-5.956572791225618,-5.997518390147244,-5.990850751444316,-5.954194810782378,-6.041586738253769,-6.102807120782113,-6.065284398916554,-6.0711142173852455,-6.019578880955416,-6.035394745441959,-6.103247489354098,-6.0455448550340645,-6.200659450546418,-6.200659450546418,-6.200659450546418,-6.200659450546418,-6.200659450546418,-6.200659450546418,-6.200659450546418,-6.200659450546418,-6.200659450546418,-6.200659450546418,-6.200659450546418,-6.200659450546418,-6.200659450546418,-6.200659450546418,-6.200659450546418,-6.200659450546418,-6.200659450546418,-6.200659450546418,-6.200659450546418,-6.200659450546418
-5.968187150087129,-6.032547497050725,-6.045604923330083,-6.05432836310795,-6.028146768710825,-6.158841873320639,-6.062260351246425,-5.949868599675084,-6.0865146132869885,-6.198649650243143,-6.173172325078365,-6.153180805430071,-6.254233207017034,-6.027786621714488,-6.069994773144775,-6.223185257250777,-6.14208673014631,-6.10857305202291,-6.203506994144846,-6.203720868474228,-6.537602002101044,-6.537602002101044,-6.537602002101044,-6.537602002101044,-6.537602002101044,-6.537602002101044,-6.537602002101044,-6.537602002101044,-6.537602002101044,-6.537602002101044,-6.537602002101044,-6.537602002101044,-6.537602002101044,-6.537602002101044,-6.537602002101044,-6.537602002101044,-6.537602002101044,-6.537602002101044,-6.537602002101044,-6.537602002101044
-5.632352644670688,-5.592081316687866,-5.785583211411057,-5.451604916307532,-5.701653935707378,-5.631914597259264,-5.719713960576269,-5.597353111790526,-5.485279600386181,-5.59680596947085,-5.574371954003718,-5.576194348707817,-5.60810874890631,-5.91827512873333,-5.955204852605902,-5.576521440645445,-5.824392157047687,-5.870990418275355,-5.958127199980832,-5.576569911387699,-6.0,-6.0,-6.0,-6.0,-6.0,-6.0,-6.0,-6.0,-6.0,-6.0,-6.0,-6.0,-6.0,-6.0,-6.0,-6.0,-6.0,-6.0,-6.0,-6.0
-6.084283201920077,-6.073590316207361,-6.09659541046804,-6.0185068080973725,-6.013550083211972,-6.050237725421487,-6.058680044921829,-6.051730552557889,-6.034694070327517,-6.05191370915719,-6.041390933565206,-6.068348150391756,-6.067012488567605,-6.103779707573909,-6.124824193722876,-6.029503014617445,-6.050660825846104,-6.107425842506161,-6.096223291044536,-6.02336144150424,-6.236572006437063,-6.236572006437063,-6.236572006437063,-6.236572006437063,-6.236572006437063,-6.236572006437063,-6.236572006437063,-6.236572006437063,-6.236572006437063,-6.236572006437063,-6.236572006437063,-6.236572006437063,-6.236572006437063,-6.236572006437063,-6.236572006437063,-6.236572006437063,-6.236572006437063,-6.236572006437063,-6.236572006437063,-6.236572006437063
-5.416206213634762,-5.374581181834622,-5.487147377371508,-5.293394270906448,-5.467008979581047,-5.3926014419432695,-5.463462159112885,-5.382759151668259,-5.340469977203771,-5.453567044390355,-5.483070956772096,-5.376946694234491,-5.471730858930653,-5.562475112071769,-5.639516734382492,-5.3884146413545215,-5.573525668068979,-5.528015166374463,-5.648447574931875,-5.395555504287812,-6.2839966563652006,-6.2839966563652006,-6.2839966563652006,-6.2839966563652006,-6.2839966563652006,-6.2839966563652006,-6.2839966563652006,-6.2839966563652006,-6.2839966563652006,-6.2839966563652006,-6.2839966563652006,-6.2839966563652006,-6.2839966563652006,-6.2839966563652006,-6.2839966563652006,-6.2839966563652006,-6.2839966563652006,-6.2839966563652006,-6.2839966563652006,-6.2839966563652006
-5.588609594895885,-5.489764587521221,-5.51788676923397,-5.50966372255368,-5.579620399726009,-5.538711331286907,-5.555488128495859,-5.543797521598863,-5.519556187031043,-5.642348850238568,-5.649767229180518,-5.526568755853794,-5.668185128387357,-5.535526260561686,-5.614602890577521,-5.591731883313018,-5.656029368153596,-5.544468663686591,-5.71504567764988,-5.576761704587465,-6.130768280269024,-6.130768280269024,-6.130768280269024,-6.130768280269024,-6.130768280269024,-6.130768280269024,-6.130768280269024,-6.130768280269024,-6.130768280269024,-6.130768280269024,-6.130768280269024,-6.130768280269024,-6.130768280269024,-6.130768280269024,-6.130768280269024,-6.130768280269024,-6.130768280269024,-6.130768280269024,-6.130768280269024,-6.130768280269024
-5.711556615741954,-5.768700793195912,-5.9956526565709325,-5.7418413332469935,-5.882108315365475,-5.872296258752352,-5.972445571143035,-5.701895024465047,-5.816457503572338,-5.979989097903447,-5.976313149277803,-5.940841601504822,-6.015710785204881,-6.0471265936236485,-6.002464832762755,-5.957477829248556,-5.968589797716049,-6.005997830397788,-6.166366484915385,-5.968967706095449,-6.4089353929735005,-6.4089353929735005,-6.4089353929735005,-6.4089353929735005,-6.4089353929735005,-6.4089353929735005,-6.4089353929735005,-6.4089353929735005,-6.4089353929735005,-6.4089353929735005,-6.4089353929735005,-6.4089353929735005,-6.4089353929735005,-6.4089353929735005,-6.4089353929735005,-6.4089353929735005,-6.4089353929735005,-6.4089353929735005,-6.4089353929735005,-6.4089353929735005
-5.761142118255289,-5.829820255634908,-6.019871689407204,-5.821028719839345,-5.929605073573878,-5.928221333763091,-6.002693506220492,-5.767249030408398,-5.899172541853096,-6.02462397626043,-6.018065372443942,-5.990178163738827,-6.077682015560381,-6.051261974998334,-6.001345304044763,-6.007963265769093,-6.015525048371865,-6.010492603150924,-6.153754507787422,-6.022263258450676,-6.366531544420414,-6.366531544420414,-6.366531544420414,-6.366531544420414,-6.366531544420414,-6.366531544420414,-6.366531544420414,-6.366531544420414,-6.366531544420414,-6.366531544420414,-6.366531544420414,-6.366531544420414,-6.366531544420414,-6.366531544420414,-6.366531544420414,-6.366531544420414,-6.366531544420414,-6.366531544420414,-6.366531544420414,-6.366531544420414
-5.97862412413569,-6.0157744296361875,-5.905616375945931,-6.005429983854719,-5.913377139691109,-5.938595264836509,-5.9157496659873585,-5.965526950079595,-5.97193555067186,-5.952020859186969,-5.9603621397714965,-5.926592024494621,-5.991320554094195,-5.900389946700527,-5.932868583270738,-5.989323727766787,-5.942124155777887,-5.934025747168518,-5.9070974102909375,-5.947961117115869,-6.2441251443275085,-6.2441251443275085,-6.2441251443275085,-6.2441251443275085,-6.2441251443275085,-6.2441251443275085,-6.2441251443275085,-6.2441251443275085,-6.2441251443275085,-6.2441251443275085,-6.2441251443275085,-6.2441251443275085,-6.2441251443275085,-6.2441251443275085,-6.2441251443275085,-6.2441251443275085,-6.2441251443275085,-6.2441251443275085,-6.2441251443275085,-6.2441251443275085
-6.035664753597549,-6.105144105455143,-6.162065456354171,-6.068138459102436,-6.135579561794616,-6.045756054211205,-6.153429470112667,-6.1003948354952,-6.06927653210279,-6.0388501733418085,-6.082958607776864,-6.062576575114547,-6.104317918680317,-6.200725012883355,-6.127741955627023,-6.065405889403155,-6.120058470726741,-6.127003255691774,-6.176075845912511,-6.079402164823687,-6.1249387366083,-6.1249387366083,-6.1249387366083,-6.1249387366083,-6.1249387366083,-6.1249387366083,-6.1249387366083,-6.1249387366083,-6.1249387366083,-6.1249387366083,-6.1249387366083,-6.1249387366083,-6.1249387366083,-6.1249387366083,-6.1249387366083,-6.1249387366083,-6.1249387366083,-6.1249387366083,-6.1249387366083,-6.1249387366083
-5.983228405785757,-5.975820862501504,-6.042240062316754,-5.984932362391125,-6.027138216611985,-5.967076964981286,-6.06901007186469,-6.001973309038075,-5.9560773190965,-6.037231983687946,-6.036715375198613,-5.978687594221477,-6.065016243960827,-6.081235031438261,-6.051190211440079,-6.061386522351876,-6.063679826085748,-6.046016802129705,-6.136895239675461,-6.046382427232232,-6.366531544420414,-6.366531544420414,-6.366531544420414,-6.366531544420414,-6.366531544420414,-6.366531544420414,-6.366531544420414,-6.366531544420414,-6.366531544420414,-6.366531544420414,-6.366531544420414,-6.366531544420414,-6.366531544420414,-6.366531544420414,-6.366531544420414,-6.366531544420414,-6.366531544420414,-6.366531544420414,-6.366531544420414,-6.366531544420414
-5.837517493490145,-5.853715458951987,-5.853983555129475,-5.798039570874568,-5.8092049791681815,-5.91176662448185,-5.852115702376875,-5.778711794913783,-5.864736964903346,-5.918482708529882,-5.927221895280118,-5.909390265661516,-5.95636858213115,-5.838696696428818,-5.928542765341163,-5.855185673614789,-5.872275307773572,-5.869292051627849,-5.949482237052705,-5.867999252874578,-6.356547323513812,-6.356547323513812,-6.356547323513812,-6.356547323513812,-6.356547323513812,-6.356547323513812,-6.356547323513812,-6.356547323513812,-6.356547323513812,-6.356547323513812,-6.356547323513812,-6.356547323513812,-6.356547323513812,-6.356547323513812,-6.356547323513812,-6.356547323513812,-6.356547323513812,-6.356547323513812,-6.356547323513812,-6.356547323513812
-5.4967085065510695,-5.560633368146475,-5.697067279086404,-5.539525516761013,-5.601239810028991,-5.6465410914579,-5.654088592354822,-5.497731852057398,-5.5877663228775685,-5.702876495250392,-5.663585204068182,-5.649565001373807,-5.673280667147171,-5.656140823649432,-5.649789767879795,-5.700172019083752,-5.673201512431394,-5.663187753218586,-5.711688856939786,-5.6506809659611985,-5.721246399047171,-5.721246399047171,-5.721246399047171,-5.721246399047171,-5.721246399047171,-5.721246399047171,-5.721246399047171,-5.721246399047171,-5.721246399047171,-5.721246399047171,-5.721246399047171,-5.721246399047171,-5.721246399047171,-5.721246399047171,-5.721246399047171,-5.721246399047171,-5.721246399047171,-5.721246399047171,-5.721246399047171,-5.721246399047171
-5.562273147566835,-5.58348103880131,-5.6877026974228055,-5.570339549788104,-5.656972943298822,-5.73547854953246,-5.7098084596049725,-5.53296696566604,-5.672793741415521,-5.777772713975567,-5.784479734304428,-5.732526260968096,-5.851869394657483,-5.684778525274197,-5.73263568585297,-5.716352069331139,-5.74418945242349,-5.63919727722145,-5.877663959007652,-5.734128354861449,-6.0,-6.0,-6.0,-6.0,-6.0,-6.0,-6.0,-6.0,-6.0,-6.0,-6.0,-6.0,-6.0,-6.0,-6.0,-6.0,-6.0,-6.0,-6.0,-6.0
-5.4793427487020026,-5.562583213428477,-5.689266458054565,-5.5252299802821385,-5.569933751271289,-5.623921073740413,-5.633975705857947,-5.483051562947008,-5.594995885285479,-5.691610722014984,-5.646709564547633,-5.64541161388513,-5.647989943763786,-5.667681804982144,-5.639025986446815,-5.677039523622641,-5.638732401909529,-5.67043464821287,-5.664289592699877,-5.6250652924692535,-5.7447274948966935,-5.7447274948966935,-5.7447274948966935,-5.7447274948966935,-5.7447274948966935,-5.7447274948966935,-5.7447274948966935,-5.7447274948966935,-5.7447274948966935,-5.7447274948966935,-5.7447274948966935,-5.7447274948966935,-5.7447274948966935,-5.7447274948966935,-5.7447274948966935,-5.7447274948966935,-5.7447274948966935,-5.7447274948966935,-5.7447274948966935,-5.7447274948966935
-5.5448978236485384,-5.596662741136476,-5.755654989563926,-5.6025652610290235,-5.644881173742821,-5.656317345911426,-5.694569850683897,-5.559090369010353,-5.660762284437107,-5.7477404705824835,-5.701636077905676,-5.695932272281187,-5.6954699994059235,-5.71666415655372,-5.641473905548826,-5.731453174181888,-5.6913255259957,-5.715670246062355,-5.715406602933938,-5.672797348801974,-6.0,-6.0,-6.0,-6.0,-6.0,-6.0,-6.0,-6.0,-6.0,-6.0,-6.0,-6.0,-6.0,-6.0,-6.0,-6.0,-6.0,-6.0,-6.0,-6.0
-5.405895017604711,-5.4670417587183975,-5.554555925498004,-5.434296106260459,-5.4646460278917255,-5.54158507180384,-5.5216883578033995,-5.403462709848676,-5.511512127567414,-5.573017765400321,-5.543832138663769,-5.538707580335567,-5.585707107597629,-5.528553806086133,-5.533761443814469,-5.565414284563826,-5.534824328948303,-5.511549194383128,-5.556608347839455,-5.523803012865206,-5.468521082957745,-5.468521082957745,-5.468521082957745,-5.468521082957745,-5.468521082957745,-5.468521082957745,-5.468521082957745,-5.468521082957745,-5.468521082957745,-5.468521082957745,-5.468521082957745,-5.468521082957745,-5.468521082957745,-5.468521082957745,-5.468521082957745,-5.468521082957745,-5.468521082957745,-5.468521082957745,-5.468521082957745,-5.468521082957745
-5.32035247951924,-5.391637875906318,-5.347532005416983,-5.356772573078563,-5.241903862944742,-5.358944851637984,-5.273392938413309,-5.327248708056858,-5.3885144247914045,-5.332785795119583,-5.292685963828848,-5.3363296011284564,-5.296621383332894,-5.240339161931686,-5.258751221673894,-5.382482606369154,-5.233106492520157,-5.291769655881032,-5.0879132925805575,-5.305435290726125,-5.376750709602099,-5.376750709602099,-5.376750709602099,-5.376750709602099,-5.376750709602099,-5.376750709602099,-5.376750709602099,-5.376750709602099,-5.376750709602099,-5.376750709602099,-5.376750709602099,-5.376750709602099,-5.376750709602099,-5.376750709602099,-5.376750709602099,-5.376750709602099,-5.376750709602099,-5.376750709602099,-5.376750709602099,-5.376750709602099
-6.366369621969964,-6.433189754718776,-6.287373970538025,-6.435902044494007,-6.2961851098205415,-6.315296254851927,-6.31496674583116,-6.359210933968957,-6.383508254565751,-6.339652297179139,-6.366292297191576,-6.342562402227535,-6.359786107853921,-6.2175568608221985,-6.261830104791135,-6.346755337624724,-6.286368438598817,-6.250230896911784,-6.212059341267452,-6.338385584569123,-6.318758762624412,-6.318758762624412,-6.318758762624412,-6.318758762624412,-6.318758762624412,-6.318758762624412,-6.318758762624412,-6.318758762624412,-6.318758762624412,-6.318758762624412,-6.318758762624412,-6.318758762624412,-6.318758762624412,-6.318758762624412,-6.318758762624412,-6.318758762624412,-6.318758762624412,-6.318758762624412,-6.318758762624412,-6.318758762624412
-6.128633926723162,-6.114953230507345,-6.054066742646918,-6.08850913207351,-5.992849905876281,-6.117485435578742,-6.064615273124862,-5.999190670963584,-6.062728406332042,-6.215031857269112,-6.196760621715522,-6.1525974153386755,-6.198671859231742,-5.986021729876619,-6.12079660240616,-6.173094647979198,-6.086548476933646,-6.095801567303636,-6.116596659750437,-6.133314622458385,-6.537602002101044,-6.537602002101044,-6.537602002101044,-6.537602002101044,-6.537602002101044,-6.537602002101044,-6.537602002101044,-6.537602002101044,-6.537602002101044,-6.537602002101044,-6.537602002101044,-6.537602002101044,-6.537602002101044,-6.537602002101044,-6.537602002101044,-6.537602002101044,-6.537602002101044,-6.537602002101044,-6.537602002101044,-6.537602002101044
-6.049411600762764,-6.159156578704941,-6.199064330466613,-6.084845062454113,-6.134646865095348,-6.1521224711484095,-6.151581918775179,-6.103228872975976,-6.149927038408598,-6.08437268932185,-6.119911746846288,-6.137851139976241,-6.185531211480227,-6.2222317492566,-6.215675422938603,-6.09234074965358,-6.195187699625619,-6.197517800645797,-6.2479557823174225,-6.110760625447889,-6.568636235841013,-6.568636235841013,-6.568636235841013,-6.568636235841013,-6.568636235841013,-6.568636235841013,-6.568636235841013,-6.568636235841013,-6.568636235841013,-6.568636235841013,-6.568636235841013,-6.568636235841013,-6.568636235841013,-6.568636235841013,-6.568636235841013,-6.568636235841013,-6.568636235841013,-6.568636235841013,-6.568636235841013,-6.568636235841013
-5.994656335138614,-6.041247122439656,-6.018806050187128,-5.961007131345375,-5.936323187830933,-6.075957044207885,-5.991830924263706,-5.925682661732113,-6.0439762713446274,-6.056744683661386,-6.063111618842835,-6.095702980054101,-6.072987868779549,-5.958841014638922,-6.056342941957481,-5.978179002655023,-5.958886868700397,-6.004739648497814,-6.009833550850338,-6.017968240301626,-6.366531544420414,-6.366531544420414,-6.366531544420414,-6.366531544420414,-6.366531544420414,-6.366531544420414,-6.366531544420414,-6.366531544420414,-6.366531544420414,-6.366531544420414,-6.366531544420414,-6.366531544420414,-6.366531544420414,-6.366531544420414,-6.366531544420414,-6.366531544420414,-6.366531544420414,-6.366531544420414,-6.366531544420414,-6.366531544420414
-6.109591976376073,-6.214015434571069,-6.259345502215709,-6.143404618526671,-6.171379142452677,-6.216698746475145,-6.199374933458005,-6.15410965074496,-6.200330572918111,-6.144009533533727,-6.174385295045126,-6.201632680893184,-6.260653252881306,-6.28626636465413,-6.2769048172541755,-6.170969795699203,-6.246202743295234,-6.274633903123187,-6.330716920864818,-6.17531460293781,-6.585026652029182,-6.585026652029182,-6.585026652029182,-6.585026652029182,-6.585026652029182,-6.585026652029182,-6.585026652029182,-6.585026652029182,-6.585026652029182,-6.585026652029182,-6.585026652029182,-6.585026652029182,-6.585026652029182,-6.585026652029182,-6.585026652029182,-6.585026652029182,-6.585026652029182,-6.585026652029182,-6.585026652029182,-6.585026652029182
-5.37159041451602,-5.334104781938887,-5.326717777091716,-5.358544131691016,-5.422571267474366,-5.394414462257417,-5.318115884779309,-5.351379605491031,-5.4351400171948505,-5.433889387613823,-5.466134796541287,-5.39995496424657,-5.472669905095576,-5.364051019379661,-5.323468134688409,-5.328238750630078,-5.386769856288321,-5.422428796323349,-5.311739123864157,-5.37606924378897,-6.013228265733755,-6.013228265733755,-6.013228265733755,-6.013228265733755,-6.013228265733755,-6.013228265733755,-6.013228265733755,-6.013228265733755,-6.013228265733755,-6.013228265733755,-6.013228265733755,-6.013228265733755,-6.013228265733755,-6.013228265733755,-6.013228265733755,-6.013228265733755,-6.013228265733755,-6.013228265733755,-6.013228265733755,-6.013228265733755
-5.245606038667993,-5.174860901440104,-5.285537231240194,-5.2237981404028915,-5.27432568621794,-5.2809504084884695,-5.183399828858,-5.198727141228606,-5.23593008030275,-5.239324803500045,-5.226824343081723,-5.218934442154988,-5.187524630501175,-5.109477092997739,-5.132963492779967,-5.23266028982608,-5.222454685808244,-5.067014934729413,-5.0654772261261725,-5.1850208750480995,-5.920818753952375,-5.920818753952375,-5.920818753952375,-5.920818753952375,-5.920818753952375,-5.920818753952375,-5.920818753952375,-5.920818753952375,-5.920818753952375,-5.920818753952375,-5.920818753952375,-5.920818753952375,-5.920818753952375,-5.920818753952375,-5.920818753952375,-5.920818753952375,-5.920818753952375,-5.920818753952375,-5.920818753952375,-5.920818753952375
-5.381789240538481,-5.366480306789692,-5.362557858412632,-5.386405984915044,-5.449658340030214,-5.423752059095454,-5.343977549226694,-5.361184480194066,-5.467756512292789,-5.4860574279002,-5.507339330849839,-5.4372201618190505,-5.489635884922828,-5.347901580592534,-5.354580965157588,-5.374535276881215,-5.4194169917043205,-5.401985982878682,-5.316711111755031,-5.416707095679177,-4.920818753952375,-4.920818753952375,-4.920818753952375,-4.920818753952375,-4.920818753952375,-4.920818753952375,-4.920818753952375,-4.920818753952375,-4.920818753952375,-4.920818753952375,-4.920818753952375,-4.920818753952375,-4.920818753952375,-4.920818753952375,-4.920818753952375,-4.920818753952375,-4.920818753952375,-4.920818753952375,-4.920818753952375,-4.920818753952375
-5.075923292133647,-5.064130270594411,-5.05905386353827,-5.070099539680037,-5.112308105537946,-5.139778967548726,-5.0041512176039475,-5.079316370101589,-5.013857340233804,-4.978272510776897,-4.98412216679804,-5.040716520955695,-5.075053078276251,-4.888883481607889,-4.9492938046777475,-5.021845883444002,-5.068680098381086,-4.898646631638494,-4.895519473445017,-4.977991895845342,-5.958607314841775,-5.958607314841775,-5.958607314841775,-5.958607314841775,-5.958607314841775,-5.958607314841775,-5.958607314841775,-5.958607314841775,-5.958607314841775,-5.958607314841775,-5.958607314841775,-5.958607314841775,-5.958607314841775,-5.958607314841775,-5.958607314841775,-5.958607314841775,-5.958607314841775,-5.958607314841775,-5.958607314841775,-5.958607314841775
-5.32407571144439,-5.185747846371701,-5.355603850617681,-5.268538058411947,-5.336532266790421,-5.319182157940353,-5.259845274079049,-5.261305917807786,-5.269760012019673,-5.277165592029032,-5.288225094137953,-5.254410384709477,-5.24318203981011,-5.176920412283542,-5.189234180888192,-5.280676458208296,-5.2607316062529526,-5.112114917884368,-5.09914686846341,-5.244044562711426,-4.6777807052660805,-4.6777807052660805,-4.6777807052660805,-4.6777807052660805,-4.6777807052660805,-4.6777807052660805,-4.6777807052660805,-4.6777807052660805,-4.6777807052660805,-4.6777807052660805,-4.6777807052660805,-4.6777807052660805,-4.6777807052660805,-4.6777807052660805,-4.6777807052660805,-4.6777807052660805,-4.6777807052660805,-4.6777807052660805,-4.6777807052660805,-4.6777807052660805
-5.077757939327075,-5.141863910626058,-5.110756545704517,-5.081928419243655,-5.127830144018947,-5.152016313307828,-5.015020498408613,-5.07161820311317,-5.129954105927647,-5.1043736633116765,-5.081631888050147,-5.137854624594117,-5.056881885387199,-4.94598515422277,-5.039196531874159,-5.032236586601416,-5.060227256575075,-4.991458828452712,-5.025290304442916,-5.0284754224882775,-5.4089353929735005,-5.4089353929735005,-5.4089353929735005,-5.4089353929735005,-5.4089353929735005,-5.4089353929735005,-5.4089353929735005,-5.4089353929735005,-5.4089353929735005,-5.4089353929735005,-5.4089353929735005,-5.4089353929735005,-5.4089353929735005,-5.4089353929735005,-5.4089353929735005,-5.4089353929735005,-5.4089353929735005,-5.4089353929735005,-5.4089353929735005,-5.4089353929735005
-5.219210566371993,-5.299924617531519,-5.363966218366525,-5.278793267044503,-5.379950341792406,-5.306761798109964,-5.278284140985123,-5.2609080491245725,-5.349461923705188,-5.360618623963255,-5.343283630047288,-5.337385322093444,-5.31283868956377,-4.963262642873783,-5.273875069941123,-5.2856645423050095,-5.35404922306888,-5.0030526064362455,-5.150165974846459,-5.2801017576561184,-5.795880017344075,-5.795880017344075,-5.795880017344075,-5.795880017344075,-5.795880017344075,-5.795880017344075,-5.795880017344075,-5.795880017344075,-5.795880017344075,-5.795880017344075,-5.795880017344075,-5.795880017344075,-5.795880017344075,-5.795880017344075,-5.795880017344075,-5.795880017344075,-5.795880017344075,-5.795880017344075,-5.795880017344075,-5.795880017344075
-5.203717957965133,-5.242394306255494,-5.2350489191578236,-5.239288833530276,-5.289850426764502,-5.228533604900573,-5.177412064343511,-5.238006944167735,-5.309637352033647,-5.252505753321544,-5.2697542173135865,-5.244613089910055,-5.237167795340586,-5.114136802160862,-5.1574261467750215,-5.182006897357208,-5.212790621723263,-5.162303434490405,-5.223185695747038,-5.198646345563394,-5.920818753952375,-5.920818753952375,-5.920818753952375,-5.920818753952375,-5.920818753952375,-5.920818753952375,-5.920818753952375,-5.920818753952375,-5.920818753952375,-5.920818753952375,-5.920818753952375,-5.920818753952375,-5.920818753952375,-5.920818753952375,-5.920818753952375,-5.920818753952375,-5.920818753952375,-5.920818753952375,-5.920818753952375,-5.920818753952375
-4.944037290718921,-4.9426542763240295,-4.892867436393009,-4.902019957972568,-4.948961778548418,-4.995799873088314,-4.840589081364609,-4.953864751180812,-4.89650624936283,-4.782486385634291,-4.7959510835673855,-4.894455621267806,-4.907494269831889,-4.822404198369392,-4.817165035979318,-4.798843970065301,-4.873113393729938,-4.911312632314841,-4.884556705354917,-4.790319507295108,-5.552841968657781,-5.552841968657781,-5.552841968657781,-5.552841968657781,-5.552841968657781,-5.552841968657781,-5.552841968657781,-5.552841968657781,-5.552841968657781,-5.552841968657781,-5.552841968657781,-5.552841968657781,-5.552841968657781,-5.552841968657781,-5.552841968657781,-5.552841968657781,-5.552841968657781,-5.552841968657781,-5.552841968657781,-5.552841968657781
-5.276152276028343,-5.314197052342524,-5.279681072483833,-5.294500796608948,-5.314880741137876,-5.281767914086072,-5.1920406737272975,-5.262644547097991,-5.385659838665443,-5.367389355802099,-5.363033846059604,-5.331310221639972,-5.251134799931461,-5.25941292201187,-5.2179306691678,-5.23806890635102,-5.22578894320687,-5.297946538522344,-5.298840229421949,-5.261465550881254,-4.853871964321762,-4.853871964321762,-4.853871964321762,-4.853871964321762,-4.853871964321762,-4.853871964321762,-4.853871964321762,-4.853871964321762,-4.853871964321762,-4.853871964321762,-4.853871964321762,-4.853871964321762,-4.853871964321762,-4.853871964321762,-4.853871964321762,-4.853871964321762,-4.853871964321762,-4.853871964321762,-4.853871964321762,-4.853871964321762
-5.5192236538196235,-5.4588746966401045,-5.462339732623549,-5.448919199513054,-5.494296087373005,-5.496158281619189,-5.4428792937094075,-5.47375979369032,-5.511075206946117,-5.523205359256074,-5.53720556815346,-5.4926758502463215,-5.557479727417133,-5.470932193125327,-5.508006233261085,-5.444046895727913,-5.503682729259474,-5.512652887086854,-5.403154490210085,-5.460859593652872,-5.468521082957745,-5.468521082957745,-5.468521082957745,-5.468521082957745,-5.468521082957745,-5.468521082957745,-5.468521082957745,-5.468521082957745,-5.468521082957745,-5.468521082957745,-5.468521082957745,-5.468521082957745,-5.468521082957745,-5.468521082957745,-5.468521082957745,-5.468521082957745,-5.468521082957745,-5.468521082957745,-5.468521082957745,-5.468521082957745
-5.304997949110512,-5.168667482601551,-5.311718712420954,-5.248882632821373,-5.299284242314782,-5.273263589489886,-5.1974688604207175,-5.241322993563306,-5.219926895939702,-5.216087413976852,-5.227529462021331,-5.199790170349133,-5.151649348091365,-5.113445671312011,-5.1287479869129236,-5.234636307601039,-5.191075632366188,-5.049402430602098,-5.069878188936172,-5.192524652601438,-5.585026652029182,-5.585026652029182,-5.585026652029182,-5.585026652029182,-5.585026652029182,-5.585026652029182,-5.585026652029182,-5.585026652029182,-5.585026652029182,-5.585026652029182,-5.585026652029182,-5.585026652029182,-5.585026652029182,-5.585026652029182,-5.585026652029182,-5.585026652029182,-5.585026652029182,-5.585026652029182,-5.585026652029182,-5.585026652029182
-5.011759821940936,-5.044992695548626,-5.012502771608216,-5.009510648953244,-5.029907444917841,-5.060299447948067,-4.911684742891273,-5.017488029555564,-4.986910440956097,-4.931593177669752,-4.9071726892003875,-4.995099706368077,-4.925507818356512,-4.817001025433956,-4.886760278267251,-4.935357472899061,-4.955686551219611,-4.841590182908457,-4.884692571619506,-4.891980233736901,-5.886056647693163,-5.886056647693163,-5.886056647693163,-5.886056647693163,-5.886056647693163,-5.886056647693163,-5.886056647693163,-5.886056647693163,-5.886056647693163,-5.886056647693163,-5.886056647693163,-5.886056647693163,-5.886056647693163,-5.886056647693163,-5.886056647693163,-5.886056647693163,-5.886056647693163,-5.886056647693163,-5.886056647693163,-5.886056647693163
-5.141269959381997,-5.182704981726784,-5.1773527424776775,-5.158255687192116,-5.112117389137453,-5.184163794277498,-5.034777914659425,-5.110351757633658,-5.204329464765889,-5.169298983119164,-5.100914996276774,-5.164658677316475,-5.032836666996791,-5.079429219864166,-5.020765150372352,-5.136101016606573,-5.069825602723783,-5.024347237412953,-5.037689302032195,-5.053633518261338,-5.6020599913279625,-5.6020599913279625,-5.6020599913279625,-5.6020599913279625,-5.6020599913279625,-5.6020599913279625,-5.6020599913279625,-5.6020599913279625,-5.6020599913279625,-5.6020599913279625,-5.6020599913279625,-5.6020599913279625,-5.6020599913279625,-5.6020599913279625,-5.6020599913279625,-5.6020599913279625,-5.6020599913279625,-5.6020599913279625,-5.6020599913279625,-5.6020599913279625
-5.0125499200621375,-4.981985879393743,-4.971981057333338,-4.972679220524999,-5.021936425134771,-5.06243328273428,-4.924927043581978,-5.017150242832163,-4.906391226763361,-4.818200577746829,-4.843496202619393,-4.9335645244735575,-4.973543142462658,-4.872227003341298,-4.858860000629031,-4.8887124532937865,-4.95348757754048,-4.894477269591051,-4.854543192174783,-4.850332511808118,-5.638272163982407,-5.638272163982407,-5.638272163982407,-5.638272163982407,-5.638272163982407,-5.638272163982407,-5.638272163982407,-5.638272163982407,-5.638272163982407,-5.638272163982407,-5.638272163982407,-5.638272163982407,-5.638272163982407,-5.638272163982407,-5.638272163982407,-5.638272163982407,-5.638272163982407,-5.638272163982407,-5.638272163982407,-5.638272163982407
-4.9763466655785455,-4.948240493604381,-4.855986121018325,-4.899656530396089,-4.905737537450568,-5.007232767013242,-4.7954718335451805,-4.929509151328905,-4.861031749558616,-4.777227196415045,-4.794817885306499,-4.890554284099488,-4.873177619389667,-5.052284853921541,-4.7989203073093405,-4.788508659032735,-4.817348850986785,-5.049091898869112,-4.92704049031715,-4.764052961125008,-5.366531544420414,-5.366531544420414,-5.366531544420414,-5.366531544420414,-5.366531544420414,-5.366531544420414,-5.366531544420414,-5.366531544420414,-5.366531544420414,-5.366531544420414,-5.366531544420414,-5.366531544420414,-5.366531544420414,-5.366531544420414,-5.366531544420414,-5.366531544420414,-5.366531544420414,-5.366531544420414,-5.366531544420414,-5.366531544420414
-5.190041135598213,-5.309608281404385,-5.284201579110572,-5.244922242259448,-5.247217891304011,-5.226680755887516,-5.143022913988641,-5.201277560634495,-5.321435240674014,-5.308146147032879,-5.2578212059103295,-5.288822796567371,-5.122566920329038,-5.016233127404482,-5.171183005967701,-5.210091282077527,-5.162736128027352,-5.020642805853923,-5.167248869065459,-5.184683988381205,-4.657577319177793,-4.657577319177793,-4.657577319177793,-4.657577319177793,-4.657577319177793,-4.657577319177793,-4.657577319177793,-4.657577319177793,-4.657577319177793,-4.657577319177793,-4.657577319177793,-4.657577319177793,-4.657577319177793,-4.657577319177793,-4.657577319177793,-4.657577319177793,-4.657577319177793,-4.657577319177793,-4.657577319177793,-4.657577319177793
-5.081792828224708,-5.1533379392666765,-5.085716527982434,-5.0666677951562615,-5.067903364796533,-5.054293612700374,-4.913395821133714,-5.076987495954193,-5.0839984721153195,-5.018707795910962,-4.969266822462801,-5.0591520396749665,-4.818866518075904,-4.7618315034513525,-4.959458350221896,-4.946177336900552,-4.908033502934648,-4.799439110360383,-4.958243515691035,-4.93492807735818,-5.619788758288394,-5.619788758288394,-5.619788758288394,-5.619788758288394,-5.619788758288394,-5.619788758288394,-5.619788758288394,-5.619788758288394,-5.619788758288394,-5.619788758288394,-5.619788758288394,-5.619788758288394,-5.619788758288394,-5.619788758288394,-5.619788758288394,-5.619788758288394,-5.619788758288394,-5.619788758288394,-5.619788758288394,-5.619788758288394
-5.345237073257547,-5.317705489495332,-5.295425766773595,-5.328383369421611,-5.386190004372989,-5.364377215581697,-5.272406921493997,-5.31681617487272,-5.41510344482964,-5.414156850600364,-5.441326574261246,-5.373707199911185,-5.422683092575567,-5.3849340449197785,-5.303410238337007,-5.292801893350815,-5.350377871376644,-5.442565090300313,-5.333726974510062,-5.3391377019778306,-5.958607314841775,-5.958607314841775,-5.958607314841775,-5.958607314841775,-5.958607314841775,-5.958607314841775,-5.958607314841775,-5.958607314841775,-5.958607314841775,-5.958607314841775,-5.958607314841775,-5.958607314841775,-5.958607314841775,-5.958607314841775,-5.958607314841775,-5.958607314841775,-5.958607314841775,-5.958607314841775,-5.958607314841775,-5.958607314841775
-5.46848400576597,-5.322810275869893,-5.4336317000928425,-5.376993944824267,-5.462601954139385,-5.450625452745692,-5.459326715387128,-5.394497571662554,-5.419284359261584,-5.5386079904791226,-5.532399563014207,-5.451118623153605,-5.59116975971569,-5.392891198467099,-5.45780814165882,-5.48400758802814,-5.50724200719537,-5.29701237654285,-5.233446023291961,-5.471972801128389,-4.853871964321762,-4.853871964321762,-4.853871964321762,-4.853871964321762,-4.853871964321762,-4.853871964321762,-4.853871964321762,-4.853871964321762,-4.853871964321762,-4.853871964321762,-4.853871964321762,-4.853871964321762,-4.853871964321762,-4.853871964321762,-4.853871964321762,-4.853871964321762,-4.853871964321762,-4.853871964321762,-4.853871964321762,-4.853871964321762
-5.805789195354309,-5.709534494616122,-5.726717391474764,-5.744079700280435,-5.751301737989382,-5.736159454487737,-5.727799372605675,-5.756745163786021,-5.740643915519342,-5.819813353111289,-5.796517753734258,-5.742617604320138,-5.821129454300762,-5.4954347117516935,-5.7491810497666,-5.792997395029833,-5.781809146806965,-5.462325764817419,-5.418506330943603,-5.770957184942515,-6.167491087293763,-6.167491087293763,-6.167491087293763,-6.167491087293763,-6.167491087293763,-6.167491087293763,-6.167491087293763,-6.167491087293763,-6.167491087293763,-6.167491087293763,-6.167491087293763,-6.167491087293763,-6.167491087293763,-6.167491087293763,-6.167491087293763,-6.167491087293763,-6.167491087293763,-6.167491087293763,-6.167491087293763,-6.167491087293763
-5.160551483995477,-5.187306079321624,-5.178380454802945,-5.175423109016084,-5.142316927774861,-5.191431218546928,-5.038720942650463,-5.136923206517652,-5.198219156671639,-5.165011938598748,-5.097335977017218,-5.154700231646335,-5.026797337207888,-5.023323117545668,-5.020141849388646,-5.141985092838718,-5.09287232150529,-4.967731141446746,-5.010204789669438,-5.062600953459431,-6.0,-6.0,-6.0,-6.0,-6.0,-6.0,-6.0,-6.0,-6.0,-6.0,-6.0,-6.0,-6.0,-6.0,-6.0,-6.0,-6.0,-6.0,-6.0,-6.0
-5.369331501326331,-5.335719259665427,-5.325072151255573,-5.354627372578452,-5.419345721425146,-5.40235292858987,-5.320585248578927,-5.346337710464569,-5.440511732043173,-5.437195924880784,-5.47440955337077,-5.40488262861363,-5.48729331457843,-5.409900352473161,-5.335477927510215,-5.326382288178529,-5.394587271838274,-5.472186697689465,-5.334261469106776,-5.376665597619512,-6.050609993355088,-6.050609993355088,-6.050609993355088,-6.050609993355088,-6.050609993355088,-6.050609993355088,-6.050609993355088,-6.050609993355088,-6.050609993355088,-6.050609993355088,-6.050609993355088,-6.050609993355088,-6.050609993355088,-6.050609993355088,-6.050609993355088,-6.050609993355088,-6.050609993355088,-6.050609993355088,-6.050609993355088,-6.050609993355088
-5.177497614774317,-5.267395729871457,-5.156833093246054,-5.210638765894291,-5.146676017201998,-5.1465103208931575,-5.030660541993663,-5.183879229201573,-5.253104231368491,-5.1850138886842965,-5.148025933226873,-5.183974286147368,-5.012684595746985,-5.0446519408517885,-5.04727261032147,-5.11833603390999,-5.0153175492476,-5.0123036907027645,-5.137367864033996,-5.091817388853763,-4.920818753952375,-4.920818753952375,-4.920818753952375,-4.920818753952375,-4.920818753952375,-4.920818753952375,-4.920818753952375,-4.920818753952375,-4.920818753952375,-4.920818753952375,-4.920818753952375,-4.920818753952375,-4.920818753952375,-4.920818753952375,-4.920818753952375,-4.920818753952375,-4.920818753952375,-4.920818753952375,-4.920818753952375,-4.920818753952375
-5.2911150266350155,-5.158404087299269,-5.295221889189817,-5.234815770069261,-5.278497055467135,-5.254732498935154,-5.180246669238354,-5.232203386882995,-5.204210450766615,-5.187108875756964,-5.198209566719167,-5.1779226487073196,-5.1270518972584895,-5.0924857367311915,-5.108387585629895,-5.214814058808572,-5.166785713415659,-5.028399136725197,-5.05730162901229,-5.169099043408711,-4.657577319177793,-4.657577319177793,-4.657577319177793,-4.657577319177793,-4.657577319177793,-4.657577319177793,-4.657577319177793,-4.657577319177793,-4.657577319177793,-4.657577319177793,-4.657577319177793,-4.657577319177793,-4.657577319177793,-4.657577319177793,-4.657577319177793,-4.657577319177793,-4.657577319177793,-4.657577319177793,-4.657577319177793,-4.657577319177793
-5.379213561244163,-5.333284020685909,-5.301321612853607,-5.31088436579626,-5.3499277531883145,-5.338754314899091,-5.247766097472024,-5.331071005316377,-5.396791201928629,-5.375803275953409,-5.383682874932827,-5.345940414827718,-5.344454330636215,-5.414044338663833,-5.326834230722544,-5.257165176978184,-5.312013391988104,-5.4575839896641245,-5.369639814799443,-5.285838113805525,-6.086186147616283,-6.086186147616283,-6.086186147616283,-6.086186147616283,-6.086186147616283,-6.086186147616283,-6.086186147616283,-6.086186147616283,-6.086186147616283,-6.086186147616283,-6.086186147616283,-6.086186147616283,-6.086186147616283,-6.086186147616283,-6.086186147616283,-6.086186147616283,-6.086186147616283,-6.086186147616283,-6.086186147616283,-6.086186147616283
-6.378780218994968,-6.471454967853214,-6.377263878014942,-6.432917499745672,-6.359673862712706,-6.369895866086997,-6.359278638311328,-6.389227939779732,-6.424708019279746,-6.347360863911284,-6.378838748856356,-6.390962581713769,-6.394410040446134,-6.317066177948492,-6.3503473773585055,-6.366966849032012,-6.343952910687549,-6.348043817021769,-6.32531522924915,-6.375659026848237,-6.346787486224656,-6.346787486224656,-6.346787486224656,-6.346787486224656,-6.346787486224656,-6.346787486224656,-6.346787486224656,-6.346787486224656,-6.346787486224656,-6.346787486224656,-6.346787486224656,-6.346787486224656,-6.346787486224656,-6.346787486224656,-6.346787486224656,-6.346787486224656,-6.346787486224656,-6.346787486224656,-6.346787486224656,-6.346787486224656
-5.97553515726659,-5.856195231629083,-5.848550415182399,-5.916516299339557,-5.9104426021921235,-5.83084385947316,-5.9049387766338315,-5.955027930936696,-5.79948079818051,-5.969242660207237,-5.933319933845697,-5.825121151271582,-5.950818280883203,-5.889244893292502,-5.920229816175699,-6.009724141014473,-5.976972496833248,-5.926416884522339,-5.981831566200194,-5.950247230507247,-6.522878745280337,-6.522878745280337,-6.522878745280337,-6.522878745280337,-6.522878745280337,-6.522878745280337,-6.522878745280337,-6.522878745280337,-6.522878745280337,-6.522878745280337,-6.522878745280337,-6.522878745280337,-6.522878745280337,-6.522878745280337,-6.522878745280337,-6.522878745280337,-6.522878745280337,-6.522878745280337,-6.522878745280337,-6.522878745280337
-6.236182485629236,-6.316740721462918,-6.234205109115808,-6.272624540756187,-6.214269482300953,-6.341143762373239,-6.2254317703896485,-6.21918489615427,-6.300656633181723,-6.236733592131621,-6.239786449686901,-6.264387883363293,-6.33875181010923,-6.180801916265867,-6.281738252019263,-6.287661274322441,-6.275323219605269,-6.267198895526754,-6.304506977523988,-6.286699952392339,-6.356547323513812,-6.356547323513812,-6.356547323513812,-6.356547323513812,-6.356547323513812,-6.356547323513812,-6.356547323513812,-6.356547323513812,-6.356547323513812,-6.356547323513812,-6.356547323513812,-6.356547323513812,-6.356547323513812,-6.356547323513812,-6.356547323513812,-6.356547323513812,-6.356547323513812,-6.356547323513812,-6.356547323513812,-6.356547323513812
-5.8643641351130125,-5.8746733257376,-5.930665610120932,-5.894699669524601,-5.92590746391123,-5.866035001796464,-5.9560403064218015,-5.919485576042707,-5.868433311229348,-5.927126363220702,-5.927799518409135,-5.869121017111009,-5.95416534367202,-5.962371356590195,-5.940494082788418,-5.9427619213293985,-5.949557094481431,-5.931748083086376,-6.035364870733265,-5.926683200945452,-5.886056647693163,-5.886056647693163,-5.886056647693163,-5.886056647693163,-5.886056647693163,-5.886056647693163,-5.886056647693163,-5.886056647693163,-5.886056647693163,-5.886056647693163,-5.886056647693163,-5.886056647693163,-5.886056647693163,-5.886056647693163,-5.886056647693163,-5.886056647693163,-5.886056647693163,-5.886056647693163,-5.886056647693163,-5.886056647693163
-5.543537959117986,-5.688808470849292,-5.647813397019728,-5.630770064539228,-5.61779628214637,-5.6486707511181855,-5.603264496780293,-5.586902360624626,-5.698803902665519,-5.652493520028371,-5.667794988367514,-5.6612410137224805,-5.637016605023173,-5.633558715916817,-5.607668114365671,-5.634405974282408,-5.5931679178102405,-5.663749466498591,-5.51487025046105,-5.630390597938653,-5.585026652029182,-5.585026652029182,-5.585026652029182,-5.585026652029182,-5.585026652029182,-5.585026652029182,-5.585026652029182,-5.585026652029182,-5.585026652029182,-5.585026652029182,-5.585026652029182,-5.585026652029182,-5.585026652029182,-5.585026652029182,-5.585026652029182,-5.585026652029182,-5.585026652029182,-5.585026652029182,-5.585026652029182,-5.585026652029182
-5.919876109470378,-5.983210643274833,-6.027646552780653,-5.97262194660642,-5.998834172703808,-5.9943927572518225,-6.0220846901945855,-5.9453006277458185,-6.013390621031052,-6.048200937679788,-6.058991188981786,-6.021683024207959,-6.063087155907455,-6.023009962924984,-6.001078988028386,-6.021857128474351,-6.028997417378967,-6.017181609037203,-6.0648304434467075,-6.027407196327922,-6.113509274827519,-6.113509274827519,-6.113509274827519,-6.113509274827519,-6.113509274827519,-6.113509274827519,-6.113509274827519,-6.113509274827519,-6.113509274827519,-6.113509274827519,-6.113509274827519,-6.113509274827519,-6.113509274827519,-6.113509274827519,-6.113509274827519,-6.113509274827519,-6.113509274827519,-6.113509274827519,-6.113509274827519,-6.113509274827519
-6.00524148025119,-5.893244860388007,-5.84660889650203,-5.963741014893827,-5.915135790619445,-5.885262298053265,-5.912300813275996,-5.9787175931488,-5.833853318250952,-5.997959680188361,-5.952546215296047,-5.859271663492683,-5.9956258406834175,-5.857475135903727,-5.906606705528228,-6.066268310158939,-5.985311343736123,-5.938300160890173,-5.9945110200314184,-5.988599632251641,-5.7447274948966935,-5.7447274948966935,-5.7447274948966935,-5.7447274948966935,-5.7447274948966935,-5.7447274948966935,-5.7447274948966935,-5.7447274948966935,-5.7447274948966935,-5.7447274948966935,-5.7447274948966935,-5.7447274948966935,-5.7447274948966935,-5.7447274948966935,-5.7447274948966935,-5.7447274948966935,-5.7447274948966935,-5.7447274948966935,-5.7447274948966935,-5.7447274948966935
-5.694935790988526,-5.757237219334283,-5.653960960039534,-5.745712381142506,-5.649817832199219,-5.663898184670246,-5.6370932541086205,-5.717375683344196,-5.762799947429381,-5.698533346786041,-5.711978284142347,-5.695803686483123,-5.672049571120672,-5.604600830404526,-5.583266164124332,-5.693819787299815,-5.575216289679591,-5.644702127117913,-5.482625996841047,-5.675550291601005,-5.585026652029182,-5.585026652029182,-5.585026652029182,-5.585026652029182,-5.585026652029182,-5.585026652029182,-5.585026652029182,-5.585026652029182,-5.585026652029182,-5.585026652029182,-5.585026652029182,-5.585026652029182,-5.585026652029182,-5.585026652029182,-5.585026652029182,-5.585026652029182,-5.585026652029182,-5.585026652029182,-5.585026652029182,-5.585026652029182
-5.656625671565442,-5.751164680750108,-5.792892822794148,-5.711334709312054,-5.7554899012963805,-5.736270701827618,-5.7329966056954555,-5.697930774569622,-5.741802483973767,-5.740637317466241,-5.7489911600115065,-5.736330883506469,-5.714301308993355,-5.791068452548183,-5.749533783803226,-5.738441341719605,-5.740903861567073,-5.808897674436069,-5.722894594423397,-5.734047762302907,-5.920818753952375,-5.920818753952375,-5.920818753952375,-5.920818753952375,-5.920818753952375,-5.920818753952375,-5.920818753952375,-5.920818753952375,-5.920818753952375,-5.920818753952375,-5.920818753952375,-5.920818753952375,-5.920818753952375,-5.920818753952375,-5.920818753952375,-5.920818753952375,-5.920818753952375,-5.920818753952375,-5.920818753952375,-5.920818753952375
-5.793997609383769,-5.823731452125478,-5.79658097594442,-5.808118996763735,-5.77972819135177,-5.735103914026058,-5.758361251773765,-5.814217712378608,-5.799975193582113,-5.786310144032267,-5.778248800212252,-5.769421189240543,-5.723934464959633,-5.777304073632643,-5.727766741201322,-5.777734546439052,-5.7226127413518215,-5.8111683815598205,-5.668886790379542,-5.748127756679693,-6.086186147616283,-6.086186147616283,-6.086186147616283,-6.086186147616283,-6.086186147616283,-6.086186147616283,-6.086186147616283,-6.086186147616283,-6.086186147616283,-6.086186147616283,-6.086186147616283,-6.086186147616283,-6.086186147616283,-6.086186147616283,-6.086186147616283,-6.086186147616283,-6.086186147616283,-6.086186147616283,-6.086186147616283,-6.086186147616283
-5.719917243744571,-5.765057633688015,-5.68177684391425,-5.750908883669352,-5.664747627986495,-5.655430683616515,-5.643735054356072,-5.732652982973309,-5.743949632245212,-5.706973829432461,-5.709802198358257,-5.695748433406242,-5.638070069507081,-5.6346023501158955,-5.603855312792839,-5.699348212307868,-5.58077547932864,-5.691740210506885,-5.493425489838259,-5.66900469862056,-5.853871964321762,-5.853871964321762,-5.853871964321762,-5.853871964321762,-5.853871964321762,-5.853871964321762,-5.853871964321762,-5.853871964321762,-5.853871964321762,-5.853871964321762,-5.853871964321762,-5.853871964321762,-5.853871964321762,-5.853871964321762,-5.853871964321762,-5.853871964321762,-5.853871964321762,-5.853871964321762,-5.853871964321762,-5.853871964321762
-5.590661369804362,-5.690582529371286,-5.723509131225794,-5.641452701791994,-5.71230725204608,-5.732828751905653,-5.699954227067159,-5.608927290901193,-5.732866305788697,-5.732404241524276,-5.766115076834445,-5.733085396840695,-5.781145844748677,-5.733856600021834,-5.736922562911318,-5.688810185684566,-5.730583003513653,-5.708176504716248,-5.76596728569963,-5.721918778107234,-5.886056647693163,-5.886056647693163,-5.886056647693163,-5.886056647693163,-5.886056647693163,-5.886056647693163,-5.886056647693163,-5.886056647693163,-5.886056647693163,-5.886056647693163,-5.886056647693163,-5.886056647693163,-5.886056647693163,-5.886056647693163,-5.886056647693163,-5.886056647693163,-5.886056647693163,-5.886056647693163,-5.886056647693163,-5.886056647693163
-5.482253088164396,-5.598842363399313,-5.610224555178158,-5.549757322126119,-5.578448274263849,-5.566830297896114,-5.553341163901183,-5.537829256597997,-5.60113239320998,-5.557837533561044,-5.579975201803114,-5.5618764851320535,-5.565822095924073,-5.6290969291674875,-5.5788225422249775,-5.5663697463439314,-5.564309548509229,-5.629911382222175,-5.518320408775979,-5.558302070424752,-5.619788758288394,-5.619788758288394,-5.619788758288394,-5.619788758288394,-5.619788758288394,-5.619788758288394,-5.619788758288394,-5.619788758288394,-5.619788758288394,-5.619788758288394,-5.619788758288394,-5.619788758288394,-5.619788758288394,-5.619788758288394,-5.619788758288394,-5.619788758288394,-5.619788758288394,-5.619788758288394,-5.619788758288394,-5.619788758288394
-5.612471770950003,-5.710579764405298,-5.767297177230079,-5.689187933181038,-5.742453874774629,-5.715136215307924,-5.735373895904191,-5.680565333976632,-5.71349288845721,-5.695972145682208,-5.730857296126161,-5.70472806458946,-5.742595845468474,-5.7674535128544795,-5.71556608250622,-5.718711307187436,-5.737760107282126,-5.745631826860677,-5.728872454325875,-5.715360636802942,-5.853871964321762,-5.853871964321762,-5.853871964321762,-5.853871964321762,-5.853871964321762,-5.853871964321762,-5.853871964321762,-5.853871964321762,-5.853871964321762,-5.853871964321762,-5.853871964321762,-5.853871964321762,-5.853871964321762,-5.853871964321762,-5.853871964321762,-5.853871964321762,-5.853871964321762,-5.853871964321762,-5.853871964321762,-5.853871964321762
-5.51714066943552,-5.636279341095893,-5.653207993900584,-5.600021095668614,-5.626388094200281,-5.615053700855049,-5.610015184580974,-5.576909751288474,-5.642489309610264,-5.616638825187053,-5.6406340104367585,-5.615999708729264,-5.629266925302497,-5.659578036062285,-5.6088855675168645,-5.626501766949568,-5.613226738064226,-5.660892594232819,-5.56885442125856,-5.617690653936024,-5.221848749616356,-5.221848749616356,-5.221848749616356,-5.221848749616356,-5.221848749616356,-5.221848749616356,-5.221848749616356,-5.221848749616356,-5.221848749616356,-5.221848749616356,-5.221848749616356,-5.221848749616356,-5.221848749616356,-5.221848749616356,-5.221848749616356,-5.221848749616356,-5.221848749616356,-5.221848749616356,-5.221848749616356,-5.221848749616356
-5.506182307708797,-5.602626775139687,-5.568385353752077,-5.5626042865404095,-5.553815182809176,-5.608036997987427,-5.526966943786044,-5.517572767949214,-5.631164736607836,-5.600547516221185,-5.621167308593973,-5.600361640400183,-5.613810575486635,-5.551284183913118,-5.560427513222534,-5.580088734402996,-5.539802386894907,-5.575300321536155,-5.507907873038811,-5.5889384188366975,-5.537602002101044,-5.537602002101044,-5.537602002101044,-5.537602002101044,-5.537602002101044,-5.537602002101044,-5.537602002101044,-5.537602002101044,-5.537602002101044,-5.537602002101044,-5.537602002101044,-5.537602002101044,-5.537602002101044,-5.537602002101044,-5.537602002101044,-5.537602002101044,-5.537602002101044,-5.537602002101044,-5.537602002101044,-5.537602002101044
-5.889952573248602,-5.940564243284361,-5.9582062302514025,-5.927825866299978,-5.947623930963102,-5.976986900542071,-5.973303130169523,-5.904784352680549,-5.99417115408932,-5.991161260021089,-6.01665914558827,-5.981760558632583,-6.064980882986989,-5.9521353786535665,-5.961486431024411,-5.963525328990693,-5.988815747287253,-5.929475897914741,-6.041569784626245,-5.982937384960236,-6.017728766960432,-6.017728766960432,-6.017728766960432,-6.017728766960432,-6.017728766960432,-6.017728766960432,-6.017728766960432,-6.017728766960432,-6.017728766960432,-6.017728766960432,-6.017728766960432,-6.017728766960432,-6.017728766960432,-6.017728766960432,-6.017728766960432,-6.017728766960432,-6.017728766960432,-6.017728766960432,-6.017728766960432,-6.017728766960432
-5.793356195808407,-5.662810889986729,-5.606704067269967,-5.697243172710552,-5.6535284108285415,-5.625026683380428,-5.647737014709217,-5.731877210736414,-5.602107278443777,-5.776322355697899,-5.750607126308971,-5.635170395773972,-5.776367916392525,-5.644135012829456,-5.720170650980621,-5.775951518382144,-5.7455394554549635,-5.697199898697539,-5.756423025014227,-5.693283619975835,-5.568636235841013,-5.568636235841013,-5.568636235841013,-5.568636235841013,-5.568636235841013,-5.568636235841013,-5.568636235841013,-5.568636235841013,-5.568636235841013,-5.568636235841013,-5.568636235841013,-5.568636235841013,-5.568636235841013,-5.568636235841013,-5.568636235841013,-5.568636235841013,-5.568636235841013,-5.568636235841013,-5.568636235841013,-5.568636235841013
-5.532992800316713,-5.470772071954785,-5.630992566009452,-5.498399608060584,-5.654417164358727,-5.52554206167965,-5.663581849311875,-5.5765324751773395,-5.49560299873144,-5.617420751405818,-5.623272573903376,-5.500220535820263,-5.655967731102943,-5.704617656769176,-5.67544801433908,-5.638886933886925,-5.737499424265686,-5.651939637689928,-5.823758195641315,-5.61476670521754,-5.552841968657781,-5.552841968657781,-5.552841968657781,-5.552841968657781,-5.552841968657781,-5.552841968657781,-5.552841968657781,-5.552841968657781,-5.552841968657781,-5.552841968657781,-5.552841968657781,-5.552841968657781,-5.552841968657781,-5.552841968657781,-5.552841968657781,-5.552841968657781,-5.552841968657781,-5.552841968657781,-5.552841968657781,-5.552841968657781
-5.549946528057276,-5.4740739957240505,-5.616925942054736,-5.501306313190792,-5.632433860468779,-5.534435289621823,-5.641043897978535,-5.557075182036034,-5.502371055903095,-5.657335049218245,-5.642666014151714,-5.524255711791093,-5.661867195082564,-5.6863886778131345,-5.6722215566787,-5.6570371783988325,-5.719945094311496,-5.663335523736785,-5.815301967443786,-5.624775364942838,-5.376750709602099,-5.376750709602099,-5.376750709602099,-5.376750709602099,-5.376750709602099,-5.376750709602099,-5.376750709602099,-5.376750709602099,-5.376750709602099,-5.376750709602099,-5.376750709602099,-5.376750709602099,-5.376750709602099,-5.376750709602099,-5.376750709602099,-5.376750709602099,-5.376750709602099,-5.376750709602099,-5.376750709602099,-5.376750709602099
-5.973337039136798,-6.061266305268448,-6.067399326364203,-6.021130470479843,-6.024317038362787,-6.1034653754524815,-6.057819152977902,-5.977594765308349,-6.109282813140429,-6.115721727837821,-6.130682553874017,-6.131441989508336,-6.194372171528846,-6.050021243695397,-6.0734583995313,-6.072839156018674,-6.07031291225563,-6.059489526142222,-6.118685389260588,-6.11147975692645,-5.026872146400302,-5.026872146400302,-5.026872146400302,-5.026872146400302,-5.026872146400302,-5.026872146400302,-5.026872146400302,-5.026872146400302,-5.026872146400302,-5.026872146400302,-5.026872146400302,-5.026872146400302,-5.026872146400302,-5.026872146400302,-5.026872146400302,-5.026872146400302,-5.026872146400302,-5.026872146400302,-5.026872146400302,-5.026872146400302
-6.026943475555994,-6.143621521160057,-6.134909343840062,-6.104380982780162,-6.11628333791135,-6.1174355184694225,-6.155842648831238,-6.082853837366555,-6.110095969678811,-6.119986577084951,-6.170365105365264,-6.123461084048502,-6.192532495512502,-6.118645354926042,-6.122204146010165,-6.136769407970792,-6.148276593114695,-6.136734401304606,-6.160781283509421,-6.135635133213011,-6.292429823902063,-6.292429823902063,-6.292429823902063,-6.292429823902063,-6.292429823902063,-6.292429823902063,-6.292429823902063,-6.292429823902063,-6.292429823902063,-6.292429823902063,-6.292429823902063,-6.292429823902063,-6.292429823902063,-6.292429823902063,-6.292429823902063,-6.292429823902063,-6.292429823902063,-6.292429823902063,-6.292429823902063,-6.292429823902063
-5.119922715899554,-5.1850137074819775,-4.831664533921308,-5.057975965154641,-4.709035203321375,-4.8759204474350994,-4.824759342619577,-5.046444289475883,-5.039667674654888,-4.7762796956971885,-4.708998919949303,-4.839240622181058,-4.916096266246917,-4.963725185084211,-4.679569072086614,-4.792264553379564,-4.928756953181257,-4.845110305384676,-4.913805452096957,-4.704705439616373,-4.853871964321762,-4.853871964321762,-4.853871964321762,-4.853871964321762,-4.853871964321762,-4.853871964321762,-4.853871964321762,-4.853871964321762,-4.853871964321762,-4.853871964321762,-4.853871964321762,-4.853871964321762,-4.853871964321762,-4.853871964321762,-4.853871964321762,-4.853871964321762,-4.853871964321762,-4.853871964321762,-4.853871964321762,-4.853871964321762
-5.476321397671685,-5.529348721435026,-5.441939049729997,-5.503033700674045,-5.3542952129270205,-5.499995056269549,-4.952610075496391,-5.4606887223873475,-5.528591344425562,-5.4519276221496495,-5.434154625796825,-5.46929254004851,-4.950177844952231,-5.1274463984440315,-5.372652232499347,-5.511478920195224,-5.048513044834121,-5.39107968200313,-5.076846107914158,-5.4586092221283415,-5.267606240177032,-5.267606240177032,-5.267606240177032,-5.267606240177032,-5.267606240177032,-5.267606240177032,-5.267606240177032,-5.267606240177032,-5.267606240177032,-5.267606240177032,-5.267606240177032,-5.267606240177032,-5.267606240177032,-5.267606240177032,-5.267606240177032,-5.267606240177032,-5.267606240177032,-5.267606240177032,-5.267606240177032,-5.267606240177032
-5.117546056458781,-4.999782097259904,-4.9857784435621575,-4.99788215828625,-5.0178903287720225,-5.016025481293353,-5.018626532022569,-5.036176301490333,-5.048993085079417,-5.083576886340805,-5.099155368995603,-4.982664481159165,-5.050398668545465,-5.190715760561762,-5.056197297449446,-5.010278173428644,-4.925945589812253,-5.0172718956679905,-5.067403418257775,-5.003805677301228,-5.6777807052660805,-5.6777807052660805,-5.6777807052660805,-5.6777807052660805,-5.6777807052660805,-5.6777807052660805,-5.6777807052660805,-5.6777807052660805,-5.6777807052660805,-5.6777807052660805,-5.6777807052660805,-5.6777807052660805,-5.6777807052660805,-5.6777807052660805,-5.6777807052660805,-5.6777807052660805,-5.6777807052660805,-5.6777807052660805,-5.6777807052660805,-5.6777807052660805
-5.186093347131498,-5.232867232281239,-4.985676028694957,-5.18657230290835,-4.896551374892019,-5.038000873955286,-4.792161128192834,-5.187911120445483,-5.151846444597003,-4.8947654677745085,-4.888136571654281,-4.975284965285741,-4.879542312869129,-4.927515861782485,-4.833546960263402,-5.012946597864147,-4.8941054862683995,-4.908726083978536,-4.899281341179831,-4.92859282349493,-5.552841968657781,-5.552841968657781,-5.552841968657781,-5.552841968657781,-5.552841968657781,-5.552841968657781,-5.552841968657781,-5.552841968657781,-5.552841968657781,-5.552841968657781,-5.552841968657781,-5.552841968657781,-5.552841968657781,-5.552841968657781,-5.552841968657781,-5.552841968657781,-5.552841968657781,-5.552841968657781,-5.552841968657781,-5.552841968657781
-4.811296406103238,-4.700249514797786,-4.613935243049411,-4.651600607028303,-4.620965595345951,-4.583195088453445,-4.845008665601673,-4.733308547272166,-4.705926912791654,-4.521576303023967,-4.532984840958073,-4.509205895418898,-5.040210007324875,-4.822075820037801,-4.530322985337329,-4.426046891057055,-4.869686639474893,-4.601374607438197,-4.911380363444475,-4.440449580477873,-5.537602002101044,-5.537602002101044,-5.537602002101044,-5.537602002101044,-5.537602002101044,-5.537602002101044,-5.537602002101044,-5.537602002101044,-5.537602002101044,-5.537602002101044,-5.537602002101044,-5.537602002101044,-5.537602002101044,-5.537602002101044,-5.537602002101044,-5.537602002101044,-5.537602002101044,-5.537602002101044,-5.537602002101044,-5.537602002101044
-5.2144065997851365,-5.243402602565705,-5.013930051562507,-5.219461960285141,-4.941431974973745,-5.095080104109964,-4.875225443832304,-5.207478762899066,-5.217009484415787,-4.9798751398669605,-4.993861548141031,-5.043307968367676,-4.882068493317169,-5.0089236480363315,-4.902563989856798,-5.085610242295142,-4.927363462978042,-4.923015919175711,-4.9344823498420185,-5.020571902086566,-4.958607314841775,-4.958607314841775,-4.958607314841775,-4.958607314841775,-4.958607314841775,-4.958607314841775,-4.958607314841775,-4.958607314841775,-4.958607314841775,-4.958607314841775,-4.958607314841775,-4.958607314841775,-4.958607314841775,-4.958607314841775,-4.958607314841775,-4.958607314841775,-4.958607314841775,-4.958607314841775,-4.958607314841775,-4.958607314841775
-5.526460177929799,-5.552486458883464,-5.570611296665494,-5.522803712987168,-5.519794496354339,-5.634169730695489,-5.115393102146841,-5.480899845022206,-5.589821441545349,-5.6261629203269345,-5.642820167845328,-5.597395955338619,-5.050485462391685,-5.170030148391147,-5.60922320623552,-5.610234783403972,-5.228364796174457,-5.5719150315295805,-5.217763314896009,-5.625412606436916,-5.958607314841775,-5.958607314841775,-5.958607314841775,-5.958607314841775,-5.958607314841775,-5.958607314841775,-5.958607314841775,-5.958607314841775,-5.958607314841775,-5.958607314841775,-5.958607314841775,-5.958607314841775,-5.958607314841775,-5.958607314841775,-5.958607314841775,-5.958607314841775,-5.958607314841775,-5.958607314841775,-5.958607314841775,-5.958607314841775
-5.843304842323282,-5.851002054957698,-5.762804542110139,-5.813943342431952,-5.777986533684276,-5.929876740617024,-5.354343203975132,-5.78118834166151,-5.896580776934298,-5.904941857980866,-5.911857888901895,-5.866770434454079,-5.302080706712,-5.557161761813519,-5.896990570603847,-5.8842829391242235,-5.525077110675967,-5.818348620488536,-5.462785754159553,-5.910710194370393,-5.823908740944319,-5.823908740944319,-5.823908740944319,-5.823908740944319,-5.823908740944319,-5.823908740944319,-5.823908740944319,-5.823908740944319,-5.823908740944319,-5.823908740944319,-5.823908740944319,-5.823908740944319,-5.823908740944319,-5.823908740944319,-5.823908740944319,-5.823908740944319,-5.823908740944319,-5.823908740944319,-5.823908740944319,-5.823908740944319
-4.952332344073945,-4.7361032897527755,-4.751797072452103,-4.785163083004562,-4.840147032030743,-4.807091216505761,-4.983252181596904,-4.8720402072469895,-4.788840376454312,-4.662200243652877,-4.714282404932496,-4.677762605204066,-4.964685607985456,-4.88089277013765,-4.666593154604742,-4.605067886443383,-4.852951179649451,-4.59033923655244,-4.939001905921291,-4.653362925440978,-5.721246399047171,-5.721246399047171,-5.721246399047171,-5.721246399047171,-5.721246399047171,-5.721246399047171,-5.721246399047171,-5.721246399047171,-5.721246399047171,-5.721246399047171,-5.721246399047171,-5.721246399047171,-5.721246399047171,-5.721246399047171,-5.721246399047171,-5.721246399047171,-5.721246399047171,-5.721246399047171,-5.721246399047171,-5.721246399047171
-4.9759421575408265,-5.007927039555321,-4.5691540016298475,-4.882795545365864,-4.490502921373946,-4.650628598469585,-4.8422896734033,-4.898750845598347,-4.876649420000497,-4.521062479090638,-4.46468641159028,-4.60133250520893,-4.904727944645999,-4.9216770977084625,-4.416518257949471,-4.5116012789108,-4.889052210113521,-4.553749076849729,-4.870510520290804,-4.445104839597569,-4.958607314841775,-4.958607314841775,-4.958607314841775,-4.958607314841775,-4.958607314841775,-4.958607314841775,-4.958607314841775,-4.958607314841775,-4.958607314841775,-4.958607314841775,-4.958607314841775,-4.958607314841775,-4.958607314841775,-4.958607314841775,-4.958607314841775,-4.958607314841775,-4.958607314841775,-4.958607314841775,-4.958607314841775,-4.958607314841775
-5.746775544921586,-5.774363728479673,-5.800056845419983,-5.67097321381921,-5.713256644258893,-5.934283331396257,-5.501493175924351,-5.619895201845403,-5.792406942888668,-5.939330878442299,-5.939877468313398,-5.936653755835053,-5.184661132569638,-5.759247632234563,-5.936247218009585,-5.817123526221476,-5.46895673752651,-5.822371601508956,-5.414256304957309,-5.867883280417613,-6.1938200260161125,-6.1938200260161125,-6.1938200260161125,-6.1938200260161125,-6.1938200260161125,-6.1938200260161125,-6.1938200260161125,-6.1938200260161125,-6.1938200260161125,-6.1938200260161125,-6.1938200260161125,-6.1938200260161125,-6.1938200260161125,-6.1938200260161125,-6.1938200260161125,-6.1938200260161125,-6.1938200260161125,-6.1938200260161125,-6.1938200260161125,-6.1938200260161125
-5.76270369092255,-5.764520584900649,-5.7233628649147805,-5.6610156617880065,-5.655393216475424,-5.931000640052083,-5.587225465860744,-5.593395867576241,-5.775495743907221,-5.925254422685251,-5.90902595728227,-5.915624619523397,-5.174789386142463,-5.83872987508671,-5.897288692345302,-5.80606995477448,-5.525479197597859,-5.779125861775306,-5.4786393310121735,-5.845640053912754,-6.200659450546418,-6.200659450546418,-6.200659450546418,-6.200659450546418,-6.200659450546418,-6.200659450546418,-6.200659450546418,-6.200659450546418,-6.200659450546418,-6.200659450546418,-6.200659450546418,-6.200659450546418,-6.200659450546418,-6.200659450546418,-6.200659450546418,-6.200659450546418,-6.200659450546418,-6.200659450546418,-6.200659450546418,-6.200659450546418
-4.9309951775961265,-4.711104600992629,-4.704896753146976,-4.732947505920145,-4.779407707680771,-4.7555180626507925,-4.984009625714281,-4.826387160458524,-4.73929530384644,-4.608079944718831,-4.652033115602677,-4.621337851729291,-4.995077908001064,-4.902404837266002,-4.637955926729307,-4.537533087119543,-4.864713915320958,-4.576333867793519,-4.945245647320293,-4.581287830010207,-5.236572006437063,-5.236572006437063,-5.236572006437063,-5.236572006437063,-5.236572006437063,-5.236572006437063,-5.236572006437063,-5.236572006437063,-5.236572006437063,-5.236572006437063,-5.236572006437063,-5.236572006437063,-5.236572006437063,-5.236572006437063,-5.236572006437063,-5.236572006437063,-5.236572006437063,-5.236572006437063,-5.236572006437063,-5.236572006437063
-5.410642854603103,-5.478030374521164,-5.403525234580589,-5.441275235476902,-5.306301961714014,-5.442700730530102,-4.981470429191837,-5.392123468535668,-5.488335283950642,-5.42419236485984,-5.403925427761031,-5.429971599505549,-4.943987911745138,-5.106596223162465,-5.334050390432832,-5.447583599147985,-5.07508207760416,-5.367209078641596,-5.087972414684552,-5.40291158142573,-4.721246399047171,-4.721246399047171,-4.721246399047171,-4.721246399047171,-4.721246399047171,-4.721246399047171,-4.721246399047171,-4.721246399047171,-4.721246399047171,-4.721246399047171,-4.721246399047171,-4.721246399047171,-4.721246399047171,-4.721246399047171,-4.721246399047171,-4.721246399047171,-4.721246399047171,-4.721246399047171,-4.721246399047171,-4.721246399047171
-5.354155811327725,-5.394469253586878,-5.209577595679287,-5.359798210945164,-5.139113211461462,-5.308318260926327,-4.917180570419995,-5.334915759282296,-5.408749673378298,-5.233693870931596,-5.23163088623473,-5.269477633182126,-4.94269292005195,-5.096119377217678,-5.1651895633605704,-5.312516467635784,-4.996153561594024,-5.157260302476459,-5.01911670672502,-5.262133800559794,-5.102372908709558,-5.102372908709558,-5.102372908709558,-5.102372908709558,-5.102372908709558,-5.102372908709558,-5.102372908709558,-5.102372908709558,-5.102372908709558,-5.102372908709558,-5.102372908709558,-5.102372908709558,-5.102372908709558,-5.102372908709558,-5.102372908709558,-5.102372908709558,-5.102372908709558,-5.102372908709558,-5.102372908709558,-5.102372908709558
-4.88841601862098,-4.662560983705468,-4.618000751610212,-4.69590783972054,-4.7107589584422405,-4.628525308606853,-4.883978740711873,-4.787828245267122,-4.691102828659227,-4.54425613733985,-4.578027996884421,-4.510254221421711,-5.004573925605724,-4.785608090163167,-4.529108294792244,-4.451980507665044,-4.806602790681728,-4.5416187873409966,-4.917007192177587,-4.494354896971966,-5.0,-5.0,-5.0,-5.0,-5.0,-5.0,-5.0,-5.0,-5.0,-5.0,-5.0,-5.0,-5.0,-5.0,-5.0,-5.0,-5.0,-5.0,-5.0,-5.0
-5.443375843933011,-5.503263246199339,-5.4135118380672385,-5.4721417964743635,-5.317823411248847,-5.450104568206536,-4.894932624954363,-5.4458684982245895,-5.502133672897438,-5.391952608180825,-5.382601354142302,-5.4202975550782595,-4.955708173317273,-5.078915994477516,-5.339239790761554,-5.4694821134664,-5.007734712584455,-5.35396076508543,-5.037127885934647,-5.412896493313759,-5.031517051446065,-5.031517051446065,-5.031517051446065,-5.031517051446065,-5.031517051446065,-5.031517051446065,-5.031517051446065,-5.031517051446065,-5.031517051446065,-5.031517051446065,-5.031517051446065,-5.031517051446065,-5.031517051446065,-5.031517051446065,-5.031517051446065,-5.031517051446065,-5.031517051446065,-5.031517051446065,-5.031517051446065,-5.031517051446065
-5.046909478033782,-4.970402570857986,-4.797488640109998,-4.929904523668373,-4.799827163022405,-4.847079096519438,-4.954398129865293,-4.965769075321819,-4.927008371678523,-4.727886141512352,-4.715590218301263,-4.7572266511773424,-4.994290401263165,-4.984867079747244,-4.676868087593983,-4.679129166606586,-4.951717300732606,-4.715175474775875,-4.976377100807829,-4.661022718589366,-5.853871964321762,-5.853871964321762,-5.853871964321762,-5.853871964321762,-5.853871964321762,-5.853871964321762,-5.853871964321762,-5.853871964321762,-5.853871964321762,-5.853871964321762,-5.853871964321762,-5.853871964321762,-5.853871964321762,-5.853871964321762,-5.853871964321762,-5.853871964321762,-5.853871964321762,-5.853871964321762,-5.853871964321762,-5.853871964321762
-5.779195130031875,-5.781879468261724,-5.6616912110573825,-5.775550903969986,-5.698788530652782,-5.8415372537311265,-5.339658750168234,-5.7281566062154745,-5.829346511727778,-5.828025044830324,-5.842390235110632,-5.767873048776614,-5.2685033889369794,-5.51698201459561,-5.786093343025243,-5.840925225650944,-5.525040137597633,-5.731219301794717,-5.470395647048278,-5.843935120483156,-6.161150909262744,-6.161150909262744,-6.161150909262744,-6.161150909262744,-6.161150909262744,-6.161150909262744,-6.161150909262744,-6.161150909262744,-6.161150909262744,-6.161150909262744,-6.161150909262744,-6.161150909262744,-6.161150909262744,-6.161150909262744,-6.161150909262744,-6.161150909262744,-6.161150909262744,-6.161150909262744,-6.161150909262744,-6.161150909262744
-6.042768128425517,-6.072562007600665,-6.0305645763689535,-6.062191283167996,-6.0351128571049175,-6.074840939228765,-6.028152356765837,-6.037409808027072,-6.060840848558878,-6.067685195604026,-6.076694084700985,-6.037039001659323,-5.881029540696643,-5.993135272466689,-6.062282307492866,-6.076635727576112,-6.089771702766121,-6.046204163693046,-5.852089837162836,-6.07807695861547,-5.853871964321762,-5.853871964321762,-5.853871964321762,-5.853871964321762,-5.853871964321762,-5.853871964321762,-5.853871964321762,-5.853871964321762,-5.853871964321762,-5.853871964321762,-5.853871964321762,-5.853871964321762,-5.853871964321762,-5.853871964321762,-5.853871964321762,-5.853871964321762,-5.853871964321762,-5.853871964321762,-5.853871964321762,-5.853871964321762
-5.171170901530971,-5.12362866022487,-4.972483568300146,-5.012145905521049,-5.093399741671235,-5.127667248888908,-4.960529254554701,-5.078204570605289,-5.129024157177251,-5.0209699885545165,-5.096717046506214,-5.008709513845665,-5.1358040010820885,-4.934090848372114,-5.1760632687390675,-4.897934692636095,-5.047181362844103,-4.964155214139205,-5.098057195602344,-4.994126829437111,-4.886056647693163,-4.886056647693163,-4.886056647693163,-4.886056647693163,-4.886056647693163,-4.886056647693163,-4.886056647693163,-4.886056647693163,-4.886056647693163,-4.886056647693163,-4.886056647693163,-4.886056647693163,-4.886056647693163,-4.886056647693163,-4.886056647693163,-4.886056647693163,-4.886056647693163,-4.886056647693163,-4.886056647693163,-4.886056647693163
-5.631728216426388,-5.6344108572128615,-5.560482712707574,-5.586891794647006,-5.5596791763391025,-5.61193169721693,-5.51242809376724,-5.580842515274843,-5.636567974172891,-5.631085520938072,-5.642800141630795,-5.591901959725737,-5.516737782592079,-5.5397305879988235,-5.630330385319699,-5.570463714225535,-5.581160573697277,-5.603577829389252,-5.540656920986669,-5.572222170981263,-4.443697499232712,-4.443697499232712,-4.443697499232712,-4.443697499232712,-4.443697499232712,-4.443697499232712,-4.443697499232712,-4.443697499232712,-4.443697499232712,-4.443697499232712,-4.443697499232712,-4.443697499232712,-4.443697499232712,-4.443697499232712,-4.443697499232712,-4.443697499232712,-4.443697499232712,-4.443697499232712,-4.443697499232712,-4.443697499232712
-6.208228260533553,-6.073483129022417,-6.054811825204422,-6.10580768370826,-6.100345048003203,-6.048369650296329,-6.144628600436323,-6.228533788396342,-6.040405698188003,-6.091340113891126,-6.038067720408258,-6.0094242761859356,-6.148896512574473,-6.16830476025529,-6.146915678729161,-6.174137083397749,-6.141572578606014,-6.114679431960019,-6.240928399436553,-6.153801370770223,-6.568636235841013,-6.568636235841013,-6.568636235841013,-6.568636235841013,-6.568636235841013,-6.568636235841013,-6.568636235841013,-6.568636235841013,-6.568636235841013,-6.568636235841013,-6.568636235841013,-6.568636235841013,-6.568636235841013,-6.568636235841013,-6.568636235841013,-6.568636235841013,-6.568636235841013,-6.568636235841013,-6.568636235841013,-6.568636235841013
-5.773382248032772,-5.911398086235549,-6.059568633034791,-5.896230574863431,-6.019948504165795,-5.951330365320548,-6.065623792735355,-5.874357010056019,-5.922031005592643,-6.028963973763311,-5.998460872234762,-5.9784225405201825,-6.061194467175075,-6.144680491042905,-6.0103175214329,-6.061611244977233,-6.109984941757304,-6.098314505205697,-6.127146218749934,-6.0236757737973186,-5.886056647693163,-5.886056647693163,-5.886056647693163,-5.886056647693163,-5.886056647693163,-5.886056647693163,-5.886056647693163,-5.886056647693163,-5.886056647693163,-5.886056647693163,-5.886056647693163,-5.886056647693163,-5.886056647693163,-5.886056647693163,-5.886056647693163,-5.886056647693163,-5.886056647693163,-5.886056647693163,-5.886056647693163,-5.886056647693163
-5.766483307950721,-5.896724853257201,-6.045638815199423,-5.896379813656788,-5.982731504421985,-5.93018302080847,-6.039195740567906,-5.849803873605699,-5.926249586181528,-6.04368023822175,-6.02686121855245,-5.983868163497605,-6.057633472990878,-6.106934305807593,-5.979176721960521,-6.055814554687266,-6.063572211198008,-6.0722140282612225,-6.093543091343456,-6.018292492939111,-6.102372908709558,-6.102372908709558,-6.102372908709558,-6.102372908709558,-6.102372908709558,-6.102372908709558,-6.102372908709558,-6.102372908709558,-6.102372908709558,-6.102372908709558,-6.102372908709558,-6.102372908709558,-6.102372908709558,-6.102372908709558,-6.102372908709558,-6.102372908709558,-6.102372908709558,-6.102372908709558,-6.102372908709558,-6.102372908709558
-6.117794061619998,-6.089681268124923,-6.069079304910583,-6.132177814302909,-6.027527784154734,-5.964122854593704,-6.05949245329615,-6.098230297367315,-5.992792017098097,-6.11421394538695,-6.094388094597413,-6.026461007293066,-6.087565826870748,-6.0935192426463685,-6.073705530068914,-6.1674922828701835,-6.089196158724143,-6.108821874493571,-6.060932182609265,-6.065728275313503,-6.823908740944319,-6.823908740944319,-6.823908740944319,-6.823908740944319,-6.823908740944319,-6.823908740944319,-6.823908740944319,-6.823908740944319,-6.823908740944319,-6.823908740944319,-6.823908740944319,-6.823908740944319,-6.823908740944319,-6.823908740944319,-6.823908740944319,-6.823908740944319,-6.823908740944319,-6.823908740944319,-6.823908740944319,-6.823908740944319
-5.889670642997111,-5.808838219849049,-5.865224764268961,-5.865405939133458,-5.859768465657503,-5.756499651016108,-5.851167669886495,-5.87900736693161,-5.840211319317511,-5.9282446714473105,-5.926440078155508,-5.8453453926731935,-5.900782079798056,-5.876893658183588,-5.810883371701098,-5.877638957667603,-5.862815634665853,-5.853377085039532,-5.8866749078581675,-5.8463192144050184,-6.167491087293763,-6.167491087293763,-6.167491087293763,-6.167491087293763,-6.167491087293763,-6.167491087293763,-6.167491087293763,-6.167491087293763,-6.167491087293763,-6.167491087293763,-6.167491087293763,-6.167491087293763,-6.167491087293763,-6.167491087293763,-6.167491087293763,-6.167491087293763,-6.167491087293763,-6.167491087293763,-6.167491087293763,-6.167491087293763
-5.4073543931092445,-5.326980225782176,-5.47961807750208,-5.33178295374559,-5.412714508212094,-5.350916692919356,-5.415541297591358,-5.389486896927711,-5.410643728579695,-5.413050529882697,-5.3964679207419275,-5.411436712899952,-5.415169355602852,-5.510003288483739,-5.390592081966294,-5.344317288710009,-5.377255314514688,-5.427899742081396,-5.400866214482752,-5.339166393130761,-5.443697499232713,-5.443697499232713,-5.443697499232713,-5.443697499232713,-5.443697499232713,-5.443697499232713,-5.443697499232713,-5.443697499232713,-5.443697499232713,-5.443697499232713,-5.443697499232713,-5.443697499232713,-5.443697499232713,-5.443697499232713,-5.443697499232713,-5.443697499232713,-5.443697499232713,-5.443697499232713,-5.443697499232713,-5.443697499232713
-5.444600176683251,-5.4421555662248995,-5.461455644944156,-5.412621416014203,-5.451803720723059,-5.4204064799973395,-5.430315019752936,-5.455205878085457,-5.540813089268373,-5.415784045432917,-5.4059495513818865,-5.482771573685185,-5.515731265006626,-5.507380362508996,-5.380227994612443,-5.357565152446874,-5.384956859254047,-5.354745856717184,-5.31208871186165,-5.397160694131161,-5.638272163982407,-5.638272163982407,-5.638272163982407,-5.638272163982407,-5.638272163982407,-5.638272163982407,-5.638272163982407,-5.638272163982407,-5.638272163982407,-5.638272163982407,-5.638272163982407,-5.638272163982407,-5.638272163982407,-5.638272163982407,-5.638272163982407,-5.638272163982407,-5.638272163982407,-5.638272163982407,-5.638272163982407,-5.638272163982407
-5.517320834315674,-5.497238661654805,-5.503200638839155,-5.481063523924148,-5.487807522186253,-5.480694718570087,-5.482552997602241,-5.520728652590497,-5.601391401291731,-5.463544073514833,-5.4616912368291235,-5.538777798583782,-5.579672451952379,-5.525730430315004,-5.415233745477304,-5.415521323617819,-5.412760302604079,-5.37858451261207,-5.345387376506782,-5.462084331000183,-5.6020599913279625,-5.6020599913279625,-5.6020599913279625,-5.6020599913279625,-5.6020599913279625,-5.6020599913279625,-5.6020599913279625,-5.6020599913279625,-5.6020599913279625,-5.6020599913279625,-5.6020599913279625,-5.6020599913279625,-5.6020599913279625,-5.6020599913279625,-5.6020599913279625,-5.6020599913279625,-5.6020599913279625,-5.6020599913279625,-5.6020599913279625,-5.6020599913279625
-5.8462393256196625,-5.781873841604512,-5.8426251935768825,-5.831390878603602,-5.8777804367142945,-5.721794588614079,-5.8238346028067625,-5.858039543237097,-5.836282246901465,-5.846597019378226,-5.871322099956393,-5.809041354656656,-5.844342178535302,-5.856353484371148,-5.750832371311667,-5.788004858770515,-5.805993901338814,-5.783069351164769,-5.844197242977953,-5.801911771211513,-6.236572006437063,-6.236572006437063,-6.236572006437063,-6.236572006437063,-6.236572006437063,-6.236572006437063,-6.236572006437063,-6.236572006437063,-6.236572006437063,-6.236572006437063,-6.236572006437063,-6.236572006437063,-6.236572006437063,-6.236572006437063,-6.236572006437063,-6.236572006437063,-6.236572006437063,-6.236572006437063,-6.236572006437063,-6.236572006437063
-5.459934661379981,-5.345004884201498,-5.5292266626688855,-5.398012263000676,-5.477758456331214,-5.405090802422944,-5.494250271668052,-5.437481586328134,-5.457259421041095,-5.516328457929216,-5.4898322385259,-5.466821134442602,-5.548096957500559,-5.580505630485504,-5.447197142307169,-5.476028502497958,-5.48634340462685,-5.496549294081398,-5.5591850015766076,-5.452435400474102,-6.00436480540245,-6.00436480540245,-6.00436480540245,-6.00436480540245,-6.00436480540245,-6.00436480540245,-6.00436480540245,-6.00436480540245,-6.00436480540245,-6.00436480540245,-6.00436480540245,-6.00436480540245,-6.00436480540245,-6.00436480540245,-6.00436480540245,-6.00436480540245,-6.00436480540245,-6.00436480540245,-6.00436480540245,-6.00436480540245
-5.4463886415773155,-5.3949928238510365,-5.426385921521674,-5.396127563909893,-5.401971457872638,-5.381906983493292,-5.3961023668481864,-5.447518770375887,-5.515509899309916,-5.3843388733142366,-5.368160589917113,-5.439572984827941,-5.473442164742522,-5.4526903112504925,-5.322378253810216,-5.34084361805762,-5.3245598219954315,-5.317754698237318,-5.254146938956658,-5.3744942061837895,-5.958607314841775,-5.958607314841775,-5.958607314841775,-5.958607314841775,-5.958607314841775,-5.958607314841775,-5.958607314841775,-5.958607314841775,-5.958607314841775,-5.958607314841775,-5.958607314841775,-5.958607314841775,-5.958607314841775,-5.958607314841775,-5.958607314841775,-5.958607314841775,-5.958607314841775,-5.958607314841775,-5.958607314841775,-5.958607314841775
-5.41588003099509,-5.331939254144641,-5.497358176431022,-5.338631797462969,-5.424718418772395,-5.369107717933266,-5.439455175759447,-5.389600971428402,-5.413822512361248,-5.445443752046024,-5.423750119771336,-5.432655926681775,-5.446209981163371,-5.532113535793226,-5.416514520259589,-5.376694498785217,-5.405282874060116,-5.457778582173789,-5.446963528980377,-5.3637896783005905,-6.2076083105017466,-6.2076083105017466,-6.2076083105017466,-6.2076083105017466,-6.2076083105017466,-6.2076083105017466,-6.2076083105017466,-6.2076083105017466,-6.2076083105017466,-6.2076083105017466,-6.2076083105017466,-6.2076083105017466,-6.2076083105017466,-6.2076083105017466,-6.2076083105017466,-6.2076083105017466,-6.2076083105017466,-6.2076083105017466,-6.2076083105017466,-6.2076083105017466
-5.3894317802986,-5.313671698024224,-5.365952798841646,-5.317689296641439,-5.327395072877567,-5.30946987842513,-5.3194406248996255,-5.377255577984434,-5.428845513169579,-5.315846498619365,-5.2918160798064875,-5.360222689096647,-5.373465627776015,-5.386775227199107,-5.260882317168362,-5.269119097834262,-5.248548238940119,-5.276823928610876,-5.187749345838168,-5.290263994839975,-4.958607314841775,-4.958607314841775,-4.958607314841775,-4.958607314841775,-4.958607314841775,-4.958607314841775,-4.958607314841775,-4.958607314841775,-4.958607314841775,-4.958607314841775,-4.958607314841775,-4.958607314841775,-4.958607314841775,-4.958607314841775,-4.958607314841775,-4.958607314841775,-4.958607314841775,-4.958607314841775,-4.958607314841775,-4.958607314841775
-5.503053417876388,-5.394676930216727,-5.594622891537432,-5.388928124858219,-5.539115471263865,-5.486190818871383,-5.584959409169062,-5.4693914283923375,-5.408582817475464,-5.535423401080415,-5.5233695298613785,-5.479185887389785,-5.579253599124662,-5.651954291219174,-5.6315639271575915,-5.5300278860886785,-5.603153175821336,-5.59581808271281,-5.727329556334287,-5.5179224609258615,-6.055517327849832,-6.055517327849832,-6.055517327849832,-6.055517327849832,-6.055517327849832,-6.055517327849832,-6.055517327849832,-6.055517327849832,-6.055517327849832,-6.055517327849832,-6.055517327849832,-6.055517327849832,-6.055517327849832,-6.055517327849832,-6.055517327849832,-6.055517327849832,-6.055517327849832,-6.055517327849832,-6.055517327849832,-6.055517327849832
-5.932566062725676,-5.8542182656531505,-5.909087592886492,-5.905978485856439,-5.899297773077086,-5.785058770971088,-5.889453973951427,-5.931182522276047,-5.870728468340744,-5.944668118828233,-5.946263590473196,-5.8720108667916,-5.915515111877204,-5.921059716191519,-5.849002829325336,-5.901306615241004,-5.8931137128088755,-5.892235074219541,-5.911634323874687,-5.870465932280877,-6.036212172654444,-6.036212172654444,-6.036212172654444,-6.036212172654444,-6.036212172654444,-6.036212172654444,-6.036212172654444,-6.036212172654444,-6.036212172654444,-6.036212172654444,-6.036212172654444,-6.036212172654444,-6.036212172654444,-6.036212172654444,-6.036212172654444,-6.036212172654444,-6.036212172654444,-6.036212172654444,-6.036212172654444,-6.036212172654444
-5.477515797202942,-5.535531928922558,-5.586341472374692,-5.4750121557014,-5.542418273488722,-5.552248899936163,-5.532047670074653,-5.47078233369563,-5.5593265317225855,-5.569806095888212,-5.5450593671833515,-5.598222385054751,-5.57346851234106,-5.599367704105117,-5.53991482805651,-5.508991833164645,-5.51396416306929,-5.538292955623717,-5.4815379040089685,-5.5227106853531875,-5.113509274827519,-5.113509274827519,-5.113509274827519,-5.113509274827519,-5.113509274827519,-5.113509274827519,-5.113509274827519,-5.113509274827519,-5.113509274827519,-5.113509274827519,-5.113509274827519,-5.113509274827519,-5.113509274827519,-5.113509274827519,-5.113509274827519,-5.113509274827519,-5.113509274827519,-5.113509274827519,-5.113509274827519,-5.113509274827519
-5.4777242338523955,-5.39782385377425,-5.460849117164359,-5.4358404136581076,-5.507326823964732,-5.430513882227408,-5.509686001332195,-5.421099131943146,-5.4179020255093615,-5.573346545845613,-5.585212122644185,-5.45116973482926,-5.618535129380769,-5.493358483356253,-5.512793665490405,-5.5380131424060695,-5.601695594395841,-5.480499641732235,-5.62379082187265,-5.479892694195697,-5.259637310505756,-5.259637310505756,-5.259637310505756,-5.259637310505756,-5.259637310505756,-5.259637310505756,-5.259637310505756,-5.259637310505756,-5.259637310505756,-5.259637310505756,-5.259637310505756,-5.259637310505756,-5.259637310505756,-5.259637310505756,-5.259637310505756,-5.259637310505756,-5.259637310505756,-5.259637310505756,-5.259637310505756,-5.259637310505756
-5.396761120139185,-5.437785304162908,-5.449523305792919,-5.304135773929899,-5.3498327328070046,-5.408252250725896,-5.3500068185574055,-5.3387525014181545,-5.396409238321606,-5.372162649503585,-5.324365432741883,-5.447407521848379,-5.288992902154897,-5.4389254658860935,-5.417063077205892,-5.287895572306413,-5.261258877190791,-5.435238336642754,-5.191559015375267,-5.301622804372485,-5.795880017344075,-5.795880017344075,-5.795880017344075,-5.795880017344075,-5.795880017344075,-5.795880017344075,-5.795880017344075,-5.795880017344075,-5.795880017344075,-5.795880017344075,-5.795880017344075,-5.795880017344075,-5.795880017344075,-5.795880017344075,-5.795880017344075,-5.795880017344075,-5.795880017344075,-5.795880017344075,-5.795880017344075,-5.795880017344075
-5.689529917244794,-5.583679987325303,-5.703318960126411,-5.635107852495286,-5.704783622832441,-5.65373495236403,-5.705127421080259,-5.626461124091169,-5.631653909525347,-5.756207835237506,-5.72178514181731,-5.645320367555545,-5.758671308019592,-5.744497500944169,-5.713469550290936,-5.766951755862736,-5.7703777266849015,-5.755792091801952,-5.881261926359786,-5.719004424742998,-5.823908740944319,-5.823908740944319,-5.823908740944319,-5.823908740944319,-5.823908740944319,-5.823908740944319,-5.823908740944319,-5.823908740944319,-5.823908740944319,-5.823908740944319,-5.823908740944319,-5.823908740944319,-5.823908740944319,-5.823908740944319,-5.823908740944319,-5.823908740944319,-5.823908740944319,-5.823908740944319,-5.823908740944319,-5.823908740944319
-5.422012664624184,-5.403938369994068,-5.452186465147626,-5.372431975336664,-5.421912645588967,-5.397425116617235,-5.361798599355591,-5.399201553277753,-5.441279190267055,-5.414262956811187,-5.390116518659246,-5.418017636010738,-5.333360018488108,-5.417725796861175,-5.378696267361732,-5.3436140795513705,-5.343750396953712,-5.416942774218002,-5.292039221986043,-5.354647174553362,-6.0,-6.0,-6.0,-6.0,-6.0,-6.0,-6.0,-6.0,-6.0,-6.0,-6.0,-6.0,-6.0,-6.0,-6.0,-6.0,-6.0,-6.0,-6.0,-6.0
-5.6146047805150205,-5.748316668780674,-5.741063795553578,-5.671320666814323,-5.772546715904081,-5.801396836259548,-5.771376710055801,-5.567951468027438,-5.7797168494947355,-5.913113646982707,-5.8885775576408355,-5.888085833638088,-5.982063872752464,-5.852892021668061,-5.806870223277422,-5.827261953402376,-5.818786804579348,-5.782051088339442,-5.908220027157936,-5.842138293954891,-6.113509274827519,-6.113509274827519,-6.113509274827519,-6.113509274827519,-6.113509274827519,-6.113509274827519,-6.113509274827519,-6.113509274827519,-6.113509274827519,-6.113509274827519,-6.113509274827519,-6.113509274827519,-6.113509274827519,-6.113509274827519,-6.113509274827519,-6.113509274827519,-6.113509274827519,-6.113509274827519,-6.113509274827519,-6.113509274827519
-5.662078512656664,-5.3402463628459325,-5.927942252823229,-5.926489688623133,-5.387146647957325,-5.904194206320349,-5.332523296697397,-5.232590437816563,-5.910129404059159,-5.116861783304417,-5.268349894161805,-5.9417920117583884,-5.195330862107533,-6.005754989217485,-5.570741089023777,-6.091360369727842,-5.98585980793466,-6.023660377908281,-5.957382831305969,-5.988749521393138,-5.0655015487564325,-5.0655015487564325,-5.0655015487564325,-5.0655015487564325,-5.0655015487564325,-5.0655015487564325,-5.0655015487564325,-5.0655015487564325,-5.0655015487564325,-5.0655015487564325,-5.0655015487564325,-5.0655015487564325,-5.0655015487564325,-5.0655015487564325,-5.0655015487564325,-5.0655015487564325,-5.0655015487564325,-5.0655015487564325,-5.0655015487564325,-5.0655015487564325
-5.6487040106980935,-5.363856999759432,-5.874056679848128,-5.760804429668487,-5.583560982168887,-5.733668559744673,-5.454425831628658,-5.518794440956946,-5.840033386936933,-5.521337762210116,-5.583655817839888,-5.835755484706844,-5.429197842603339,-5.94503810062725,-5.418790251238108,-5.78141793993094,-5.860490742886486,-5.826635518351608,-5.888504258208417,-5.785657617310346,-5.920818753952375,-5.920818753952375,-5.920818753952375,-5.920818753952375,-5.920818753952375,-5.920818753952375,-5.920818753952375,-5.920818753952375,-5.920818753952375,-5.920818753952375,-5.920818753952375,-5.920818753952375,-5.920818753952375,-5.920818753952375,-5.920818753952375,-5.920818753952375,-5.920818753952375,-5.920818753952375,-5.920818753952375,-5.920818753952375
-5.635470242390705,-5.351577742245155,-5.895519799346303,-5.8826339739558104,-5.357634916801521,-5.872030485883481,-5.359074367808124,-5.210721045476084,-5.868711888585651,-5.109220174769216,-5.273747077016058,-5.909643683626875,-5.206873403661997,-5.96748958015239,-5.523917536141751,-6.0458471915751035,-5.961448785778455,-5.981883242475316,-5.937871486674777,-5.947033503749658,-4.823908740944319,-4.823908740944319,-4.823908740944319,-4.823908740944319,-4.823908740944319,-4.823908740944319,-4.823908740944319,-4.823908740944319,-4.823908740944319,-4.823908740944319,-4.823908740944319,-4.823908740944319,-4.823908740944319,-4.823908740944319,-4.823908740944319,-4.823908740944319,-4.823908740944319,-4.823908740944319,-4.823908740944319,-4.823908740944319
-5.230287230808309,-5.176193693539873,-5.2344230461022825,-5.210444752514945,-5.278448779340882,-5.2604940395909745,-5.146407262061885,-5.206434123937914,-5.257278165505083,-5.258021080158644,-5.2467937892301855,-5.210726881270331,-5.190767466055604,-5.098367531919175,-5.156409033931152,-5.191117975824156,-5.239518559052938,-5.123587300385421,-5.1709661060872865,-5.190762928719229,-5.619788758288394,-5.619788758288394,-5.619788758288394,-5.619788758288394,-5.619788758288394,-5.619788758288394,-5.619788758288394,-5.619788758288394,-5.619788758288394,-5.619788758288394,-5.619788758288394,-5.619788758288394,-5.619788758288394,-5.619788758288394,-5.619788758288394,-5.619788758288394,-5.619788758288394,-5.619788758288394,-5.619788758288394,-5.619788758288394
-5.2921477353067665,-5.18631117763351,-5.236113022251424,-5.231834234231922,-5.289647853896682,-5.269514993553018,-5.146181404057897,-5.244657458892368,-5.264265977821123,-5.238368891134671,-5.244033812050709,-5.2048837813740825,-5.169890476476159,-5.083227169431167,-5.156758557308496,-5.178835528517953,-5.203531875741447,-5.124458172990046,-5.18426325767172,-5.194577264974525,-5.00436480540245,-5.00436480540245,-5.00436480540245,-5.00436480540245,-5.00436480540245,-5.00436480540245,-5.00436480540245,-5.00436480540245,-5.00436480540245,-5.00436480540245,-5.00436480540245,-5.00436480540245,-5.00436480540245,-5.00436480540245,-5.00436480540245,-5.00436480540245,-5.00436480540245,-5.00436480540245,-5.00436480540245,-5.00436480540245
-5.27085325576347,-5.155546581696137,-5.34808441389909,-5.180193763688325,-5.3429802472128545,-5.338356262018648,-5.3446293416990995,-5.204278480249342,-5.253491280333831,-5.384286978029048,-5.364746407536181,-5.301118025449704,-5.412360005883076,-5.339948741971144,-5.367624538168916,-5.340755684605754,-5.406553526987978,-5.335116097537475,-5.550728683065689,-5.325810078502381,-5.795880017344075,-5.795880017344075,-5.795880017344075,-5.795880017344075,-5.795880017344075,-5.795880017344075,-5.795880017344075,-5.795880017344075,-5.795880017344075,-5.795880017344075,-5.795880017344075,-5.795880017344075,-5.795880017344075,-5.795880017344075,-5.795880017344075,-5.795880017344075,-5.795880017344075,-5.795880017344075,-5.795880017344075,-5.795880017344075
-5.225729659438655,-5.224188977804886,-5.293338317940419,-5.215323740441116,-5.273251428310902,-5.258171042061882,-5.1598848859681326,-5.207646185192584,-5.275543217996449,-5.273987932471931,-5.2287710751285585,-5.243838225584922,-5.127387254202519,-5.173534433444983,-5.177877952167754,-5.197516964715003,-5.213438975697885,-5.220409406166244,-5.099311709740075,-5.18012786815105,-6.0,-6.0,-6.0,-6.0,-6.0,-6.0,-6.0,-6.0,-6.0,-6.0,-6.0,-6.0,-6.0,-6.0,-6.0,-6.0,-6.0,-6.0,-6.0,-6.0
-5.239019808187464,-5.1432331605228105,-5.1566968529178725,-5.144159608859282,-5.1826900127039774,-5.191276066328705,-5.045265427182526,-5.170111097453374,-5.196175984332111,-5.150509951038128,-5.147640773198784,-5.134979989105573,-5.0405520502155925,-5.010003092059094,-5.100168396186997,-5.065393647332145,-5.0774548704223506,-5.071181963257277,-5.035707758169238,-5.082748760918596,-5.721246399047171,-5.721246399047171,-5.721246399047171,-5.721246399047171,-5.721246399047171,-5.721246399047171,-5.721246399047171,-5.721246399047171,-5.721246399047171,-5.721246399047171,-5.721246399047171,-5.721246399047171,-5.721246399047171,-5.721246399047171,-5.721246399047171,-5.721246399047171,-5.721246399047171,-5.721246399047171,-5.721246399047171,-5.721246399047171
-5.303646667284905,-5.18561781335984,-5.189479646791986,-5.233270169736579,-5.273795890808979,-5.276430012884137,-5.12965326481611,-5.249333517054122,-5.265859611402708,-5.227618171561209,-5.249449190442987,-5.19980310387431,-5.206321251319433,-5.036479177822105,-5.148240219457944,-5.164891682379351,-5.194179448043543,-5.060590826290513,-5.1771974553879625,-5.1944125243898664,-5.568636235841013,-5.568636235841013,-5.568636235841013,-5.568636235841013,-5.568636235841013,-5.568636235841013,-5.568636235841013,-5.568636235841013,-5.568636235841013,-5.568636235841013,-5.568636235841013,-5.568636235841013,-5.568636235841013,-5.568636235841013,-5.568636235841013,-5.568636235841013,-5.568636235841013,-5.568636235841013,-5.568636235841013,-5.568636235841013
-5.2673823505547634,-5.456521541074232,-5.549622562079824,-5.425826391828759,-5.56394504811447,-5.509392637376378,-5.52972390539632,-5.346967448599853,-5.556154546788835,-5.663049053840522,-5.584521990000719,-5.611400545138406,-5.704504661314571,-5.668265619290835,-5.486855195485452,-5.577388623645524,-5.666171630571433,-5.520494970844939,-5.539735616624193,-5.543322639730125,-5.958607314841775,-5.958607314841775,-5.958607314841775,-5.958607314841775,-5.958607314841775,-5.958607314841775,-5.958607314841775,-5.958607314841775,-5.958607314841775,-5.958607314841775,-5.958607314841775,-5.958607314841775,-5.958607314841775,-5.958607314841775,-5.958607314841775,-5.958607314841775,-5.958607314841775,-5.958607314841775,-5.958607314841775,-5.958607314841775
-5.287325985771078,-5.446904565118042,-5.564471970876287,-5.437497668192782,-5.599256476277806,-5.52312640757765,-5.55599382639012,-5.369736987244162,-5.5552349545882835,-5.678884132601248,-5.602969523241089,-5.6125834796794924,-5.732434921713382,-5.672666729604445,-5.5036171505196885,-5.597199778381302,-5.7124706324291274,-5.5119314061556,-5.599195708376172,-5.568470350082927,-5.853871964321762,-5.853871964321762,-5.853871964321762,-5.853871964321762,-5.853871964321762,-5.853871964321762,-5.853871964321762,-5.853871964321762,-5.853871964321762,-5.853871964321762,-5.853871964321762,-5.853871964321762,-5.853871964321762,-5.853871964321762,-5.853871964321762,-5.853871964321762,-5.853871964321762,-5.853871964321762,-5.853871964321762,-5.853871964321762
-5.216214438916886,-5.234870553404572,-5.347115976433978,-5.246850318083608,-5.326606893355768,-5.289797471544267,-5.2456103582419935,-5.2431221646966355,-5.307106522433258,-5.2999975601829465,-5.259337795125516,-5.289091420944635,-5.235698221188624,-5.257329709446469,-5.196156260560761,-5.252920453417995,-5.285303739645404,-5.233878506758274,-5.154984765730046,-5.235452251844564,-5.7447274948966935,-5.7447274948966935,-5.7447274948966935,-5.7447274948966935,-5.7447274948966935,-5.7447274948966935,-5.7447274948966935,-5.7447274948966935,-5.7447274948966935,-5.7447274948966935,-5.7447274948966935,-5.7447274948966935,-5.7447274948966935,-5.7447274948966935,-5.7447274948966935,-5.7447274948966935,-5.7447274948966935,-5.7447274948966935,-5.7447274948966935,-5.7447274948966935
-5.23674094601834,-5.120534189396203,-5.180969498042914,-5.170556096825798,-5.22347936288869,-5.195270326286609,-5.091331163923311,-5.185953903036527,-5.227842787288515,-5.209614976535496,-5.198427627942389,-5.153332151331769,-5.122060868647443,-5.069762604831762,-5.103586268190373,-5.136588722983927,-5.147452216540654,-5.1128670673213685,-5.134935828896688,-5.140594615939635,-5.42021640338319,-5.42021640338319,-5.42021640338319,-5.42021640338319,-5.42021640338319,-5.42021640338319,-5.42021640338319,-5.42021640338319,-5.42021640338319,-5.42021640338319,-5.42021640338319,-5.42021640338319,-5.42021640338319,-5.42021640338319,-5.42021640338319,-5.42021640338319,-5.42021640338319,-5.42021640338319,-5.42021640338319,-5.42021640338319
-5.888636422849455,-5.7902331674516745,-5.942812372290697,-5.8308529425389475,-5.918444712403479,-5.87720096346681,-6.006243167156828,-5.872775324472356,-5.797594465210008,-6.026796454832804,-5.979056915600842,-5.897898087083134,-6.012458487948393,-6.009594949994265,-5.9870040861863485,-6.033996770949223,-5.9937916755478815,-5.980904955137503,-6.155192155084571,-6.0092926319066775,-5.958607314841775,-5.958607314841775,-5.958607314841775,-5.958607314841775,-5.958607314841775,-5.958607314841775,-5.958607314841775,-5.958607314841775,-5.958607314841775,-5.958607314841775,-5.958607314841775,-5.958607314841775,-5.958607314841775,-5.958607314841775,-5.958607314841775,-5.958607314841775,-5.958607314841775,-5.958607314841775,-5.958607314841775,-5.958607314841775
-5.206211317374164,-5.113667838980704,-5.3293786968766375,-5.1322685460589055,-5.299207847955483,-5.260519129579904,-5.27665119796045,-5.159120241078197,-5.228038310639932,-5.320400118987123,-5.296528248299704,-5.250218829888372,-5.289845555905902,-5.315379402145547,-5.289521967354206,-5.2488105022099845,-5.323273640150474,-5.306423328370553,-5.425554599554328,-5.236662191449236,-5.3872161432802645,-5.3872161432802645,-5.3872161432802645,-5.3872161432802645,-5.3872161432802645,-5.3872161432802645,-5.3872161432802645,-5.3872161432802645,-5.3872161432802645,-5.3872161432802645,-5.3872161432802645,-5.3872161432802645,-5.3872161432802645,-5.3872161432802645,-5.3872161432802645,-5.3872161432802645,-5.3872161432802645,-5.3872161432802645,-5.3872161432802645,-5.3872161432802645
-5.242290715883067,-5.112306225819465,-5.150939565314049,-5.151753458608378,-5.214703860561129,-5.192797759920613,-5.066581388056733,-5.180279118182523,-5.213729758044057,-5.176774935929364,-5.191344901532636,-5.136327984696613,-5.1148288705559635,-5.028540652615252,-5.1074977280889975,-5.084379022660889,-5.130757731993991,-5.0543012904532585,-5.136842486351346,-5.113200287749167,-5.769551078621726,-5.769551078621726,-5.769551078621726,-5.769551078621726,-5.769551078621726,-5.769551078621726,-5.769551078621726,-5.769551078621726,-5.769551078621726,-5.769551078621726,-5.769551078621726,-5.769551078621726,-5.769551078621726,-5.769551078621726,-5.769551078621726,-5.769551078621726,-5.769551078621726,-5.769551078621726,-5.769551078621726,-5.769551078621726
-5.786265101716312,-5.881693059790324,-5.913539567684732,-5.861121497903467,-5.90539206254991,-5.904863348516061,-5.90330061986975,-5.866421968852588,-5.862383183109225,-5.762016024068118,-5.895477060071388,-5.8585613076645675,-5.934717491835769,-5.895925033078101,-5.898560308320345,-5.890802739352204,-5.939321276760977,-5.908745755933515,-5.941850749361417,-5.877887610994569,-5.200659450546418,-5.200659450546418,-5.200659450546418,-5.200659450546418,-5.200659450546418,-5.200659450546418,-5.200659450546418,-5.200659450546418,-5.200659450546418,-5.200659450546418,-5.200659450546418,-5.200659450546418,-5.200659450546418,-5.200659450546418,-5.200659450546418,-5.200659450546418,-5.200659450546418,-5.200659450546418,-5.200659450546418,-5.200659450546418
-5.530017808606016,-5.474362381723016,-5.548041917941034,-5.378603713470512,-5.446002186363165,-5.496072563531827,-5.479906062431605,-5.432025547020324,-5.42652362520398,-5.395609670946044,-5.465344801895179,-5.502402909845357,-5.431015096768835,-5.546957981042427,-5.590150772641627,-5.411449036042423,-5.428503796066982,-5.55915290336296,-5.49797670307496,-5.401083199193999,-5.337242168318426,-5.337242168318426,-5.337242168318426,-5.337242168318426,-5.337242168318426,-5.337242168318426,-5.337242168318426,-5.337242168318426,-5.337242168318426,-5.337242168318426,-5.337242168318426,-5.337242168318426,-5.337242168318426,-5.337242168318426,-5.337242168318426,-5.337242168318426,-5.337242168318426,-5.337242168318426,-5.337242168318426,-5.337242168318426
-5.632574487972674,-5.594949330964732,-5.661455700827468,-5.522329190250126,-5.58277567784442,-5.639724739724072,-5.619694482872837,-5.549971416145804,-5.574082064575582,-5.5094437474425,-5.617568364285636,-5.64249317715904,-5.609405347329899,-5.664378633915431,-5.702075876486203,-5.581668128705802,-5.585708496956755,-5.675198201058077,-5.6619086469737505,-5.575525513978371,-6.040958607678906,-6.040958607678906,-6.040958607678906,-6.040958607678906,-6.040958607678906,-6.040958607678906,-6.040958607678906,-6.040958607678906,-6.040958607678906,-6.040958607678906,-6.040958607678906,-6.040958607678906,-6.040958607678906,-6.040958607678906,-6.040958607678906,-6.040958607678906,-6.040958607678906,-6.040958607678906,-6.040958607678906,-6.040958607678906
-5.512762244204591,-5.46617960508988,-5.539939484447768,-5.362168474407877,-5.4353208474213055,-5.493432287307507,-5.466107657763382,-5.42014563555335,-5.4157268164766394,-5.380175476573035,-5.430370704958253,-5.488416980822818,-5.403686288979467,-5.539590621855828,-5.578540328907142,-5.4012928730243575,-5.415491346702534,-5.562196119788047,-5.468791624413197,-5.3913322224551266,-6.0,-6.0,-6.0,-6.0,-6.0,-6.0,-6.0,-6.0,-6.0,-6.0,-6.0,-6.0,-6.0,-6.0,-6.0,-6.0,-6.0,-6.0,-6.0,-6.0
-5.936186321641646,-5.912545709284038,-5.917080477656973,-5.959522723026643,-5.9662021954616735,-5.907468053847431,-5.946681137642564,-5.923054570391002,-5.953420833741498,-5.993408923635217,-6.015498847499295,-5.95407084887288,-6.030415688923729,-5.907914454413353,-5.888095646192984,-5.961442676209821,-5.966639658540215,-5.867130011739014,-5.979611707764587,-5.964406658121929,-5.522878745280337,-5.522878745280337,-5.522878745280337,-5.522878745280337,-5.522878745280337,-5.522878745280337,-5.522878745280337,-5.522878745280337,-5.522878745280337,-5.522878745280337,-5.522878745280337,-5.522878745280337,-5.522878745280337,-5.522878745280337,-5.522878745280337,-5.522878745280337,-5.522878745280337,-5.522878745280337,-5.522878745280337,-5.522878745280337
-5.7439195663821225,-5.650944784309152,-5.642398642199986,-5.743013042020738,-5.691720153149593,-5.689117441191649,-5.693538714340318,-5.731938292694278,-5.679108287391221,-5.7910529742302375,-4.9877684577411605,-5.637792119378283,-5.819428087824619,-5.667611311515676,-5.732990910731975,-5.820470789753571,-5.771926643429901,-5.688192336022156,-5.742244582900465,-5.776347091178524,-5.853871964321762,-5.853871964321762,-5.853871964321762,-5.853871964321762,-5.853871964321762,-5.853871964321762,-5.853871964321762,-5.853871964321762,-5.853871964321762,-5.853871964321762,-5.853871964321762,-5.853871964321762,-5.853871964321762,-5.853871964321762,-5.853871964321762,-5.853871964321762,-5.853871964321762,-5.853871964321762,-5.853871964321762,-5.853871964321762
-5.3964762306300225,-5.583597024769712,-5.336484367410923,-5.275373194542705,-5.380447262496292,-5.420847340523429,-5.356170475365699,-5.349844909151181,-5.32994032770864,-5.40232469798242,-5.512458734344757,-5.374442385119049,-5.464792191307682,-5.407898522691628,-5.589038259947968,-5.3304205784517285,-5.50731219131023,-5.427466045720454,-5.532390294171481,-5.332354897475773,-5.356547323513812,-5.356547323513812,-5.356547323513812,-5.356547323513812,-5.356547323513812,-5.356547323513812,-5.356547323513812,-5.356547323513812,-5.356547323513812,-5.356547323513812,-5.356547323513812,-5.356547323513812,-5.356547323513812,-5.356547323513812,-5.356547323513812,-5.356547323513812,-5.356547323513812,-5.356547323513812,-5.356547323513812,-5.356547323513812
-6.350634085014106,-6.406338579393733,-6.347931510627358,-6.407567864404786,-6.347715748107957,-6.2372856655302,-6.299003961492625,-6.401630132412033,-6.402397365860121,-6.250260368578228,-6.265961044327573,-6.261069864740876,-6.277547659816395,-6.353356996527568,-6.302356812065202,-6.287734551005959,-6.310315227376901,-6.305180412826898,-6.228859471423022,-6.29268294332813,-6.4089353929735005,-6.4089353929735005,-6.4089353929735005,-6.4089353929735005,-6.4089353929735005,-6.4089353929735005,-6.4089353929735005,-6.4089353929735005,-6.4089353929735005,-6.4089353929735005,-6.4089353929735005,-6.4089353929735005,-6.4089353929735005,-6.4089353929735005,-6.4089353929735005,-6.4089353929735005,-6.4089353929735005,-6.4089353929735005,-6.4089353929735005,-6.4089353929735005
-5.6559811614198985,-5.723114705081165,-5.68745284475874,-5.675512392523091,-5.735684259829496,-5.654550919157235,-5.63977360529084,-5.620654426608634,-5.684590768698454,-5.708116717669602,-5.767524776128865,-5.721676930360066,-5.685751561766197,-5.670498609187903,-5.6547944133885855,-5.638236107873241,-5.640085989239187,-5.6735679943753485,-5.648118633630013,-5.678095324341517,-6.0,-6.0,-6.0,-6.0,-6.0,-6.0,-6.0,-6.0,-6.0,-6.0,-6.0,-6.0,-6.0,-6.0,-6.0,-6.0,-6.0,-6.0,-6.0,-6.0
-5.586129673381886,-5.590164959453636,-5.545403727927962,-5.587827252433516,-5.62602339845287,-5.527811683376966,-5.485411467952921,-5.561860243293654,-5.61271113243918,-5.599028700592775,-5.641811590685205,-5.590653527365122,-5.524835323506736,-5.495097619102865,-5.4831703878349565,-5.493508437446776,-5.482088386700002,-5.499332994296364,-5.474718275509962,-5.554032775675913,-5.886056647693163,-5.886056647693163,-5.886056647693163,-5.886056647693163,-5.886056647693163,-5.886056647693163,-5.886056647693163,-5.886056647693163,-5.886056647693163,-5.886056647693163,-5.886056647693163,-5.886056647693163,-5.886056647693163,-5.886056647693163,-5.886056647693163,-5.886056647693163,-5.886056647693163,-5.886056647693163,-5.886056647693163,-5.886056647693163
-5.714436551247762,-5.751780850377332,-5.747607573668547,-5.726299275835325,-5.825793636302475,-5.709750262994874,-5.717660376170601,-5.706935616043658,-5.734269248112449,-5.723263178786676,-5.7936846884290505,-5.74892540905691,-5.788643392023909,-5.759118437239758,-5.731282043817081,-5.687661714771238,-5.746154658582433,-5.702686948961514,-5.801562605931759,-5.744166874928467,-6.060480747381382,-6.060480747381382,-6.060480747381382,-6.060480747381382,-6.060480747381382,-6.060480747381382,-6.060480747381382,-6.060480747381382,-6.060480747381382,-6.060480747381382,-6.060480747381382,-6.060480747381382,-6.060480747381382,-6.060480747381382,-6.060480747381382,-6.060480747381382,-6.060480747381382,-6.060480747381382,-6.060480747381382,-6.060480747381382
-5.614163322810936,-5.645110768897366,-5.586463847476314,-5.60323258985038,-5.643115226497921,-5.582424599859868,-5.519015605393194,-5.5628881094404985,-5.640665550702432,-5.625097645662821,-5.674675026241452,-5.640772646860554,-5.566256584215292,-5.538912381817049,-5.55695073436643,-5.523288294728441,-5.507349022699621,-5.559377479264096,-5.523796476503872,-5.586166199602426,-5.853871964321762,-5.853871964321762,-5.853871964321762,-5.853871964321762,-5.853871964321762,-5.853871964321762,-5.853871964321762,-5.853871964321762,-5.853871964321762,-5.853871964321762,-5.853871964321762,-5.853871964321762,-5.853871964321762,-5.853871964321762,-5.853871964321762,-5.853871964321762,-5.853871964321762,-5.853871964321762,-5.853871964321762,-5.853871964321762
-5.644376479651101,-5.611883190565073,-5.6144054157078145,-5.636868556565262,-5.6833382127954595,-5.575339245252829,-5.566118779138792,-5.639200511986647,-5.681283288266275,-5.6593672740405605,-5.675538510092641,-5.629440336013417,-5.612083851663062,-5.5953899843434876,-5.543463545930713,-5.561729962450979,-5.58599589779183,-5.567804503463242,-5.561401284670199,-5.598546912017025,-6.136677139879544,-6.136677139879544,-6.136677139879544,-6.136677139879544,-6.136677139879544,-6.136677139879544,-6.136677139879544,-6.136677139879544,-6.136677139879544,-6.136677139879544,-6.136677139879544,-6.136677139879544,-6.136677139879544,-6.136677139879544,-6.136677139879544,-6.136677139879544,-6.136677139879544,-6.136677139879544,-6.136677139879544,-6.136677139879544
-5.511912327272922,-5.412002814721957,-5.48351217367041,-5.403968742209615,-5.482943693174448,-5.440302721905161,-5.453016467179075,-5.445712096113192,-5.422153737396411,-5.5228397506981715,-5.506327401943653,-5.440219071062912,-5.484866513556534,-5.5044772192521085,-5.5364904729586,-5.470699455071918,-5.510373133752301,-5.524426936216909,-5.566738270754087,-5.452152701283888,-6.259637310505756,-6.259637310505756,-6.259637310505756,-6.259637310505756,-6.259637310505756,-6.259637310505756,-6.259637310505756,-6.259637310505756,-6.259637310505756,-6.259637310505756,-6.259637310505756,-6.259637310505756,-6.259637310505756,-6.259637310505756,-6.259637310505756,-6.259637310505756,-6.259637310505756,-6.259637310505756,-6.259637310505756,-6.259637310505756
-5.819279427985085,-5.9294932563639,-5.960901340092369,-5.8627791771171385,-5.934714228632376,-5.953179823561436,-5.963622525365528,-5.84939661697336,-5.940900506591184,-5.930520603459954,-5.964566753334496,-5.943451808972478,-6.060504593622077,-6.051372859648357,-6.022048522628765,-5.959731592161523,-5.992997242727818,-6.007633052866921,-6.127511954936118,-5.971993795629084,-6.229147988357856,-6.229147988357856,-6.229147988357856,-6.229147988357856,-6.229147988357856,-6.229147988357856,-6.229147988357856,-6.229147988357856,-6.229147988357856,-6.229147988357856,-6.229147988357856,-6.229147988357856,-6.229147988357856,-6.229147988357856,-6.229147988357856,-6.229147988357856,-6.229147988357856,-6.229147988357856,-6.229147988357856,-6.229147988357856
-6.041678739956248,-6.030593600904386,-6.02054272411263,-6.035141549782276,-6.015242692418427,-5.966783627747926,-6.004936095867989,-6.0112335219965,-6.0317671945424225,-6.049581008149152,-6.049610217018347,-6.020844857392495,-6.03600134598906,-6.009510972436429,-5.981114469525508,-6.022162739154526,-5.996520122619635,-6.007456455545675,-6.00258518747583,-6.018367202765732,-6.091514981121351,-6.091514981121351,-6.091514981121351,-6.091514981121351,-6.091514981121351,-6.091514981121351,-6.091514981121351,-6.091514981121351,-6.091514981121351,-6.091514981121351,-6.091514981121351,-6.091514981121351,-6.091514981121351,-6.091514981121351,-6.091514981121351,-6.091514981121351,-6.091514981121351,-6.091514981121351,-6.091514981121351,-6.091514981121351
-5.964453648720738,-6.0474063939338025,-6.147620342209587,-6.0365595962134755,-6.125026521647094,-6.06762733410111,-6.1291727963817335,-6.0256476633534035,-6.0510451294707375,-6.104941800270689,-6.136722370883336,-6.094075911985129,-6.145980823035369,-6.161466163338482,-6.112316314605421,-6.114454192275884,-6.136794382161463,-6.136261987264153,-6.235395281290529,-6.137317338132592,-6.0,-6.0,-6.0,-6.0,-6.0,-6.0,-6.0,-6.0,-6.0,-6.0,-6.0,-6.0,-6.0,-6.0,-6.0,-6.0,-6.0,-6.0,-6.0,-6.0
-6.222864496409096,-6.287310205154953,-6.2761898559001255,-6.231946268463253,-6.297431832208894,-6.156712820617052,-6.234232788148931,-6.273728531952765,-6.152810321939227,-6.067606850650595,-6.151153551168062,-6.147873693104792,-6.148475636672106,-6.2599348662151355,-6.233615247127825,-6.102338354145261,-6.223808169582324,-6.208437039418523,-6.222206812868016,-6.118260760037847,-6.481486060122113,-6.481486060122113,-6.481486060122113,-6.481486060122113,-6.481486060122113,-6.481486060122113,-6.481486060122113,-6.481486060122113,-6.481486060122113,-6.481486060122113,-6.481486060122113,-6.481486060122113,-6.481486060122113,-6.481486060122113,-6.481486060122113,-6.481486060122113,-6.481486060122113,-6.481486060122113,-6.481486060122113,-6.481486060122113
-6.114434584520697,-6.072947076331315,-6.051539516579684,-6.117056935479697,-6.02613785018206,-5.980723706061242,-6.064498570727182,-6.08246316021247,-5.987750687784171,-6.10601074804123,-6.067574166349306,-6.027424391198606,-6.097881273727401,-6.097529068785731,-6.082721069580041,-6.17583676892866,-6.090005475299291,-6.110820728512461,-6.101595150128221,-6.0824832290111,-5.3979400086720375,-5.3979400086720375,-5.3979400086720375,-5.3979400086720375,-5.3979400086720375,-5.3979400086720375,-5.3979400086720375,-5.3979400086720375,-5.3979400086720375,-5.3979400086720375,-5.3979400086720375,-5.3979400086720375,-5.3979400086720375,-5.3979400086720375,-5.3979400086720375,-5.3979400086720375,-5.3979400086720375,-5.3979400086720375,-5.3979400086720375,-5.3979400086720375
-5.749035077825881,-5.6800853923902945,-5.66485277663946,-5.698191310295296,-5.687414706871331,-5.681168517923836,-5.675607979447939,-5.718310537839503,-5.69053884194141,-5.7501734245388105,-5.757473507322556,-5.67907700634085,-5.763707126888246,-5.66274315159967,-5.711691845126446,-5.726643033771006,-5.716143732420269,-5.682383634118941,-5.752795500486173,-5.62278718465884,-6.3872161432802645,-6.3872161432802645,-6.3872161432802645,-6.3872161432802645,-6.3872161432802645,-6.3872161432802645,-6.3872161432802645,-6.3872161432802645,-6.3872161432802645,-6.3872161432802645,-6.3872161432802645,-6.3872161432802645,-6.3872161432802645,-6.3872161432802645,-6.3872161432802645,-6.3872161432802645,-6.3872161432802645,-6.3872161432802645,-6.3872161432802645,-6.3872161432802645
-6.314185619065404,-6.321233087662212,-6.188209978438016,-6.3344922245067,-6.242489991012581,-6.234854931030089,-6.229465103063869,-6.30770829337394,-6.278747244818797,-6.258657662736904,-6.31350296670901,-6.271667536112616,-6.313069870362388,-6.099525895041092,-6.1617640193451075,-6.2408960001547555,-6.192062432871664,-6.1206510458303685,-6.185314281711445,-6.119351157952682,-6.119186407719209,-6.119186407719209,-6.119186407719209,-6.119186407719209,-6.119186407719209,-6.119186407719209,-6.119186407719209,-6.119186407719209,-6.119186407719209,-6.119186407719209,-6.119186407719209,-6.119186407719209,-6.119186407719209,-6.119186407719209,-6.119186407719209,-6.119186407719209,-6.119186407719209,-6.119186407719209,-6.119186407719209,-6.119186407719209
-6.065903284504015,-6.064775976286766,-6.015370109139397,-6.060747549150193,-6.023638732746881,-6.053102849620361,-6.029755510665562,-6.037028740917504,-6.076308611609602,-6.089232061549931,-6.09705249337057,-6.079880748140022,-6.105346010030272,-5.970973720260664,-6.0072033125079844,-6.056160825650551,-6.000809339393354,-5.989223646509919,-6.033585318452276,-5.936229901235221,-6.119186407719209,-6.119186407719209,-6.119186407719209,-6.119186407719209,-6.119186407719209,-6.119186407719209,-6.119186407719209,-6.119186407719209,-6.119186407719209,-6.119186407719209,-6.119186407719209,-6.119186407719209,-6.119186407719209,-6.119186407719209,-6.119186407719209,-6.119186407719209,-6.119186407719209,-6.119186407719209,-6.119186407719209,-6.119186407719209
-5.800522976913613,-5.708869080282306,-5.654008420730305,-5.726380495058456,-5.755338568931638,-5.753725135957347,-5.741461713576736,-5.769234755082906,-5.705022483941013,-5.810073028351489,-5.792686614845718,-5.691460285773394,-5.855359257471843,-5.685074375755206,-5.799237770912377,-5.825360174693056,-5.837567627214998,-5.726285126005117,-5.882182770948353,-5.676882010433719,-6.0,-6.0,-6.0,-6.0,-6.0,-6.0,-6.0,-6.0,-6.0,-6.0,-6.0,-6.0,-6.0,-6.0,-6.0,-6.0,-6.0,-6.0,-6.0,-6.0
-6.037285276306364,-6.086302334031033,-6.184098254032902,-6.098003111757229,-6.170801868247562,-6.105602502636166,-6.18360631991953,-6.065548916791061,-6.135518687462724,-5.70853014196473,-6.184733536673772,-6.141811764158284,-6.1771625150726335,-6.199254294219605,-6.1799180477047235,-6.2256653532921105,-6.206107214121953,-6.228960067394893,-6.287776943054077,-6.254224400694519,-5.769551078621726,-5.769551078621726,-5.769551078621726,-5.769551078621726,-5.769551078621726,-5.769551078621726,-5.769551078621726,-5.769551078621726,-5.769551078621726,-5.769551078621726,-5.769551078621726,-5.769551078621726,-5.769551078621726,-5.769551078621726,-5.769551078621726,-5.769551078621726,-5.769551078621726,-5.769551078621726,-5.769551078621726,-5.769551078621726
-5.602401087369221,-5.52490020159105,-5.493677684534565,-5.550679107535118,-5.583131225770202,-5.5638815126535315,-5.567679531634729,-5.564337918191592,-5.522074184914045,-5.277040435082166,-5.682620353124064,-5.538308896242411,-5.6832442855492475,-5.505836400063574,-5.617348113325331,-5.658715930395752,-5.666735556998017,-5.554702902203655,-5.687116141403089,-5.625513485341519,-6.4089353929735005,-6.4089353929735005,-6.4089353929735005,-6.4089353929735005,-6.4089353929735005,-6.4089353929735005,-6.4089353929735005,-6.4089353929735005,-6.4089353929735005,-6.4089353929735005,-6.4089353929735005,-6.4089353929735005,-6.4089353929735005,-6.4089353929735005,-6.4089353929735005,-6.4089353929735005,-6.4089353929735005,-6.4089353929735005,-6.4089353929735005,-6.4089353929735005
-4.658632650098036,-4.831885289720647,-5.139918680416436,-4.7567853369886794,-5.164711323178508,-4.816964836673281,-5.144863801451966,-4.799716975515267,-4.800156510661806,-5.034090143649238,-5.264744144174661,-4.908344914977092,-4.980349851622097,-5.116000588479467,-5.203975970301212,-4.793549749310129,-5.240787645211311,-5.001508888866939,-5.192365288914146,-4.849918626322544,-6.267606240177032,-6.267606240177032,-6.267606240177032,-6.267606240177032,-6.267606240177032,-6.267606240177032,-6.267606240177032,-6.267606240177032,-6.267606240177032,-6.267606240177032,-6.267606240177032,-6.267606240177032,-6.267606240177032,-6.267606240177032,-6.267606240177032,-6.267606240177032,-6.267606240177032,-6.267606240177032,-6.267606240177032,-6.267606240177032
-6.385518725552942,-6.393845810587345,-6.2865062777907985,-6.386222615150965,-6.2787475310428125,-6.2762352397887815,-6.2663994839034585,-6.36957312077874,-6.396625466605445,-6.295275128842955,-6.3468113170689255,-6.3405314832982365,-6.316101801811477,-6.208090593402361,-6.238181665753278,-6.278708722388983,-6.161594034433452,-6.218881670840273,-6.196075993107512,-6.324282654933333,-5.508638306165727,-5.508638306165727,-5.508638306165727,-5.508638306165727,-5.508638306165727,-5.508638306165727,-5.508638306165727,-5.508638306165727,-5.508638306165727,-5.508638306165727,-5.508638306165727,-5.508638306165727,-5.508638306165727,-5.508638306165727,-5.508638306165727,-5.508638306165727,-5.508638306165727,-5.508638306165727,-5.508638306165727,-5.508638306165727
-6.176324410846038,-6.211077362103577,-6.176546630069769,-6.134400121102865,-6.14036317165792,-6.087891639610214,-6.089192605146125,-6.166704678877379,-6.191915156994007,-6.015634421082729,-6.07366407702933,-6.103257219487937,-6.12914768905863,-6.222606657871574,-6.194013937807202,-6.041269280264541,-6.088938590305141,-6.153209714077428,-6.179286995213677,-6.1027653938657105,-5.920818753952375,-5.920818753952375,-5.920818753952375,-5.920818753952375,-5.920818753952375,-5.920818753952375,-5.920818753952375,-5.920818753952375,-5.920818753952375,-5.920818753952375,-5.920818753952375,-5.920818753952375,-5.920818753952375,-5.920818753952375,-5.920818753952375,-5.920818753952375,-5.920818753952375,-5.920818753952375,-5.920818753952375,-5.920818753952375
-6.307605324183223,-6.321815784472866,-6.269145521869804,-6.322865893393848,-6.247808772792616,-6.243004199594838,-6.236811985456558,-6.2810138719435935,-6.332501567882984,-6.262763752972205,-6.323453092929682,-6.308163428264997,-6.295616397902229,-6.1994962804155325,-6.2198096900535,-6.252416443791081,-6.139284369725984,-6.20667366904897,-6.224375416844998,-6.303641358751992,-6.214670164989233,-6.214670164989233,-6.214670164989233,-6.214670164989233,-6.214670164989233,-6.214670164989233,-6.214670164989233,-6.214670164989233,-6.214670164989233,-6.214670164989233,-6.214670164989233,-6.214670164989233,-6.214670164989233,-6.214670164989233,-6.214670164989233,-6.214670164989233,-6.214670164989233,-6.214670164989233,-6.214670164989233,-6.214670164989233
-5.918460036147651,-5.8326313821577465,-5.942333931385315,-5.883973478508791,-5.9434259212407285,-5.819678103232466,-5.9771084169876625,-5.956583547231711,-5.80334844346309,-5.9645275215101,-5.936483577983062,-5.8272859010879,-5.977411359108543,-6.0482448567202525,-5.988967313766127,-6.024407120059867,-6.0376936918848125,-6.014281936561874,-6.119973440775838,-5.966975315899934,-5.107905397309519,-5.107905397309519,-5.107905397309519,-5.107905397309519,-5.107905397309519,-5.107905397309519,-5.107905397309519,-5.107905397309519,-5.107905397309519,-5.107905397309519,-5.107905397309519,-5.107905397309519,-5.107905397309519,-5.107905397309519,-5.107905397309519,-5.107905397309519,-5.107905397309519,-5.107905397309519,-5.107905397309519,-5.107905397309519
-5.836928533657296,-5.876762473932703,-5.854372807129729,-5.7979102492003465,-5.819127641103983,-5.8631029739439455,-5.874765509431129,-5.800812577454062,-5.853176558582654,-5.836964661348765,-5.857630166555827,-5.886020029541389,-5.935748027636481,-5.875792056698266,-5.883959367790244,-5.8338940583712935,-5.789817099985642,-5.800694718700757,-5.938019000509354,-5.842192013241507,-5.958607314841775,-5.958607314841775,-5.958607314841775,-5.958607314841775,-5.958607314841775,-5.958607314841775,-5.958607314841775,-5.958607314841775,-5.958607314841775,-5.958607314841775,-5.958607314841775,-5.958607314841775,-5.958607314841775,-5.958607314841775,-5.958607314841775,-5.958607314841775,-5.958607314841775,-5.958607314841775,-5.958607314841775,-5.958607314841775
-5.785721265186485,-5.687090045951443,-5.837873660791114,-5.730751792724246,-5.849061686435459,-5.706814099592488,-5.866662072929531,-5.812512904068267,-5.656220646922235,-5.843781231137541,-5.823088155656808,-5.701997422007648,-5.86267067353555,-5.943465397343074,-5.901946006678305,-5.8902321692400035,-5.955496875685311,-5.9044665957591835,-6.0548780718697595,-5.838621043077007,-6.026872146400302,-6.026872146400302,-6.026872146400302,-6.026872146400302,-6.026872146400302,-6.026872146400302,-6.026872146400302,-6.026872146400302,-6.026872146400302,-6.026872146400302,-6.026872146400302,-6.026872146400302,-6.026872146400302,-6.026872146400302,-6.026872146400302,-6.026872146400302,-6.026872146400302,-6.026872146400302,-6.026872146400302,-6.026872146400302
-5.816429826390323,-5.961473349779425,-5.9198240032955045,-5.868127964124462,-6.014062820436414,-5.912459262602919,-5.900195382947492,-5.837395916583203,-5.8858919639374845,-5.883102718515075,-5.946394769167783,-5.941065106024505,-6.017650367323145,-5.9767390324162015,-5.934063014885218,-5.859171303485302,-5.988500509614795,-5.890845776846395,-6.029419614720955,-5.896801657395338,-5.853871964321762,-5.853871964321762,-5.853871964321762,-5.853871964321762,-5.853871964321762,-5.853871964321762,-5.853871964321762,-5.853871964321762,-5.853871964321762,-5.853871964321762,-5.853871964321762,-5.853871964321762,-5.853871964321762,-5.853871964321762,-5.853871964321762,-5.853871964321762,-5.853871964321762,-5.853871964321762,-5.853871964321762,-5.853871964321762
-5.429483644104342,-5.372435207426785,-5.442793615945698,-5.391352284937031,-5.417730760958345,-5.367242016397945,-5.364665801071227,-5.389789618354516,-5.441462324443491,-5.515020370847512,-5.46946097055459,-5.437431844622283,-5.374393237134768,-5.443124825453372,-5.385235914807409,-5.416849757807042,-5.371158032406373,-5.4700105373370125,-5.377474072776949,-5.39628029035193,-5.1249387366083,-5.1249387366083,-5.1249387366083,-5.1249387366083,-5.1249387366083,-5.1249387366083,-5.1249387366083,-5.1249387366083,-5.1249387366083,-5.1249387366083,-5.1249387366083,-5.1249387366083,-5.1249387366083,-5.1249387366083,-5.1249387366083,-5.1249387366083,-5.1249387366083,-5.1249387366083,-5.1249387366083,-5.1249387366083
-5.592877325835234,-5.51541924900775,-5.602036883526423,-5.53751228539874,-5.578085354142804,-5.538741934895763,-5.576898622077342,-5.56591813592803,-5.596846842721452,-5.600549401281111,-5.61468279601996,-5.597315742874334,-5.620034609374453,-5.581092062647032,-5.518935689025936,-5.525382671267687,-5.527378414301124,-5.518192738178688,-5.567928156738482,-5.544371004291164,-4.638272163982407,-4.638272163982407,-4.638272163982407,-4.638272163982407,-4.638272163982407,-4.638272163982407,-4.638272163982407,-4.638272163982407,-4.638272163982407,-4.638272163982407,-4.638272163982407,-4.638272163982407,-4.638272163982407,-4.638272163982407,-4.638272163982407,-4.638272163982407,-4.638272163982407,-4.638272163982407,-4.638272163982407,-4.638272163982407
-5.385137996491134,-5.476650902270521,-5.709491522422661,-5.355248839718127,-5.523789046292032,-5.554952758877271,-5.6216204795338545,-5.392379811205055,-5.442107799645211,-5.506315157257591,-5.462901932924726,-5.577587900320604,-5.48886422127996,-5.719449872131995,-5.631338441689336,-5.477384343545955,-5.53786591700903,-5.6521322092821125,-5.57207305121928,-5.459911658268756,-6.080921907623926,-6.080921907623926,-6.080921907623926,-6.080921907623926,-6.080921907623926,-6.080921907623926,-6.080921907623926,-6.080921907623926,-6.080921907623926,-6.080921907623926,-6.080921907623926,-6.080921907623926,-6.080921907623926,-6.080921907623926,-6.080921907623926,-6.080921907623926,-6.080921907623926,-6.080921907623926,-6.080921907623926,-6.080921907623926
-5.633666959997204,-5.716255364813697,-5.818854216500313,-5.64979912575232,-5.768086753543182,-5.747661890590784,-5.7968371797045215,-5.668985976309396,-5.778103625101969,-5.738676419264709,-5.743649388529928,-5.801714011621714,-5.8251851121079765,-5.854679621370182,-5.757080251849058,-5.665422419825226,-5.769949258400616,-5.720541203917208,-5.779843482479356,-5.698707458189328,-6.346787486224656,-6.346787486224656,-6.346787486224656,-6.346787486224656,-6.346787486224656,-6.346787486224656,-6.346787486224656,-6.346787486224656,-6.346787486224656,-6.346787486224656,-6.346787486224656,-6.346787486224656,-6.346787486224656,-6.346787486224656,-6.346787486224656,-6.346787486224656,-6.346787486224656,-6.346787486224656,-6.346787486224656,-6.346787486224656
-5.567204344279071,-5.670036255818797,-5.787332006406973,-5.556313735034919,-5.699693834754391,-5.694023004962566,-5.744322491858888,-5.595103980519286,-5.698151117458769,-5.651131137705106,-5.648976151147084,-5.746575110040297,-5.727286157692179,-5.836907821363798,-5.738484341679696,-5.571334261695189,-5.694841905144705,-5.69755079273369,-5.701296085597237,-5.604183636355742,-5.366531544420414,-5.366531544420414,-5.366531544420414,-5.366531544420414,-5.366531544420414,-5.366531544420414,-5.366531544420414,-5.366531544420414,-5.366531544420414,-5.366531544420414,-5.366531544420414,-5.366531544420414,-5.366531544420414,-5.366531544420414,-5.366531544420414,-5.366531544420414,-5.366531544420414,-5.366531544420414,-5.366531544420414,-5.366531544420414
-5.531363264876391,-5.466733017339304,-5.54622864240648,-5.467195004647668,-5.509296533330663,-5.489959937306781,-5.513794809684674,-5.49921645522536,-5.546994063691487,-5.5278514900428855,-5.540961901948118,-5.551286533248476,-5.546829528254944,-5.518379210790917,-5.457406426822884,-5.4379512244055865,-5.441848341560316,-5.451698673046401,-5.463245582028389,-5.464319016838875,-5.568636235841013,-5.568636235841013,-5.568636235841013,-5.568636235841013,-5.568636235841013,-5.568636235841013,-5.568636235841013,-5.568636235841013,-5.568636235841013,-5.568636235841013,-5.568636235841013,-5.568636235841013,-5.568636235841013,-5.568636235841013,-5.568636235841013,-5.568636235841013,-5.568636235841013,-5.568636235841013,-5.568636235841013,-5.568636235841013
-5.324611648231363,-5.331924663890263,-5.531359348686592,-5.16696992300727,-5.330542318225348,-5.429029922634896,-5.452918130227884,-5.268548904777865,-5.236848197663983,-5.283372555605607,-5.237655250065636,-5.393046780028972,-5.274299768631886,-5.505924470374088,-5.515796880103037,-5.264099862226123,-5.327400944479835,-5.482566665622101,-5.390283174150861,-5.238482533563815,-5.229147988357856,-5.229147988357856,-5.229147988357856,-5.229147988357856,-5.229147988357856,-5.229147988357856,-5.229147988357856,-5.229147988357856,-5.229147988357856,-5.229147988357856,-5.229147988357856,-5.229147988357856,-5.229147988357856,-5.229147988357856,-5.229147988357856,-5.229147988357856,-5.229147988357856,-5.229147988357856,-5.229147988357856,-5.229147988357856
-5.6002044217372,-5.6854351433248205,-5.80555507176938,-5.609297646005554,-5.7488463284429,-5.715998244854138,-5.774650769248835,-5.647673579738923,-5.733814545129524,-5.676618052883078,-5.68250665233761,-5.755266192311832,-5.784306812865845,-5.85734766630974,-5.746435518962807,-5.624011871638701,-5.752125066361149,-5.702592639081759,-5.762601666182308,-5.655848858698247,-6.229147988357856,-6.229147988357856,-6.229147988357856,-6.229147988357856,-6.229147988357856,-6.229147988357856,-6.229147988357856,-6.229147988357856,-6.229147988357856,-6.229147988357856,-6.229147988357856,-6.229147988357856,-6.229147988357856,-6.229147988357856,-6.229147988357856,-6.229147988357856,-6.229147988357856,-6.229147988357856,-6.229147988357856,-6.229147988357856
-5.384913751923683,-5.449850799117959,-5.733348095559013,-5.346847585804681,-5.549748350695222,-5.54654375469804,-5.6641668560467195,-5.420852587060802,-5.426421063956782,-5.468390804812066,-5.436276527807585,-5.547847631243658,-5.516392879661584,-5.752671410757085,-5.642481695234137,-5.475568631205826,-5.587770176620413,-5.640350858848639,-5.640797040013864,-5.4491926683617535,-5.958607314841775,-5.958607314841775,-5.958607314841775,-5.958607314841775,-5.958607314841775,-5.958607314841775,-5.958607314841775,-5.958607314841775,-5.958607314841775,-5.958607314841775,-5.958607314841775,-5.958607314841775,-5.958607314841775,-5.958607314841775,-5.958607314841775,-5.958607314841775,-5.958607314841775,-5.958607314841775,-5.958607314841775,-5.958607314841775
-5.295874193674513,-5.416307048990195,-5.53762072994958,-5.212052642896383,-5.382234026740274,-5.475005530005552,-5.449088822655176,-5.278017999533094,-5.3611686307877155,-5.3128534796224915,-5.273251299864743,-5.481388341529348,-5.381015541268139,-5.59205233626834,-5.531587517453584,-5.247230708085065,-5.368176656406529,-5.476864691621867,-5.345362892543846,-5.265868347197208,-6.080921907623926,-6.080921907623926,-6.080921907623926,-6.080921907623926,-6.080921907623926,-6.080921907623926,-6.080921907623926,-6.080921907623926,-6.080921907623926,-6.080921907623926,-6.080921907623926,-6.080921907623926,-6.080921907623926,-6.080921907623926,-6.080921907623926,-6.080921907623926,-6.080921907623926,-6.080921907623926,-6.080921907623926,-6.080921907623926
-5.354335954879449,-5.302678268897801,-5.129328334161581,-5.253603127193356,-5.244614505416189,-5.313520951344209,-5.192026862504639,-5.276239951947562,-5.332197168589551,-5.354427762938651,-5.390475723688379,-5.25025320305062,-5.406629121301994,-5.131414133360226,-5.351375372051166,-5.282562628953852,-5.32946144120978,-5.202754964376683,-5.305765545746578,-5.294338053657708,-4.795880017344075,-4.795880017344075,-4.795880017344075,-4.795880017344075,-4.795880017344075,-4.795880017344075,-4.795880017344075,-4.795880017344075,-4.795880017344075,-4.795880017344075,-4.795880017344075,-4.795880017344075,-4.795880017344075,-4.795880017344075,-4.795880017344075,-4.795880017344075,-4.795880017344075,-4.795880017344075,-4.795880017344075,-4.795880017344075
-6.075030780177695,-6.143757855257415,-6.1553570621351055,-6.079538979243715,-6.099450293695381,-6.1215251253624565,-6.063259357630852,-6.097775659923987,-6.1701137918017315,-6.059858970761323,-6.070971637781847,-6.0945688850580595,-6.135102708020174,-6.16888062740625,-6.179392524892065,-6.067421217269235,-6.137710146054722,-6.164387343102488,-6.167257943911673,-6.102211525213625,-6.356547323513812,-6.356547323513812,-6.356547323513812,-6.356547323513812,-6.356547323513812,-6.356547323513812,-6.356547323513812,-6.356547323513812,-6.356547323513812,-6.356547323513812,-6.356547323513812,-6.356547323513812,-6.356547323513812,-6.356547323513812,-6.356547323513812,-6.356547323513812,-6.356547323513812,-6.356547323513812,-6.356547323513812,-6.356547323513812
-6.281157847819076,-6.405116552877892,-6.401788843714387,-6.324231190472504,-6.320614220243411,-6.37711354629859,-6.3376090545588,-6.323075610683273,-6.326783500962477,-6.267386788741853,-6.307928871389434,-6.326611834557684,-6.328881846978712,-6.342829130514771,-6.364599904711554,-6.2959280675552876,-6.387093259967467,-6.390874302677022,-6.363345921548855,-6.269524767978159,-6.251811972993799,-6.251811972993799,-6.251811972993799,-6.251811972993799,-6.251811972993799,-6.251811972993799,-6.251811972993799,-6.251811972993799,-6.251811972993799,-6.251811972993799,-6.251811972993799,-6.251811972993799,-6.251811972993799,-6.251811972993799,-6.251811972993799,-6.251811972993799,-6.251811972993799,-6.251811972993799,-6.251811972993799,-6.251811972993799
-6.272979457264085,-6.223315608021234,-6.368092371794938,-6.3475714865809465,-6.325661222322687,-6.279769297622352,-6.30915754354925,-6.341863751387271,-6.375784933822448,-6.338577559759751,-6.325126680659456,-6.279172416787689,-6.354295571450201,-6.366102460854613,-6.31269217638334,-6.431898402328804,-6.371095750442574,-6.381962364347044,-6.404315274994839,-6.446481917833146,-6.3872161432802645,-6.3872161432802645,-6.3872161432802645,-6.3872161432802645,-6.3872161432802645,-6.3872161432802645,-6.3872161432802645,-6.3872161432802645,-6.3872161432802645,-6.3872161432802645,-6.3872161432802645,-6.3872161432802645,-6.3872161432802645,-6.3872161432802645,-6.3872161432802645,-6.3872161432802645,-6.3872161432802645,-6.3872161432802645,-6.3872161432802645,-6.3872161432802645
-6.025034196411862,-5.917673623346176,-5.95124827587614,-5.933861115582962,-5.94886905326575,-5.9429219534187805,-5.991985958982103,-5.962158758695664,-5.833621861692205,-6.079540203497683,-6.01416445594863,-5.949022669052485,-6.039008673129291,-5.993875018197737,-6.0507714399402905,-6.094815430782855,-6.048785118258525,-6.055807476461574,-6.118761334173796,-6.0351749048164836,-6.031517051446065,-6.031517051446065,-6.031517051446065,-6.031517051446065,-6.031517051446065,-6.031517051446065,-6.031517051446065,-6.031517051446065,-6.031517051446065,-6.031517051446065,-6.031517051446065,-6.031517051446065,-6.031517051446065,-6.031517051446065,-6.031517051446065,-6.031517051446065,-6.031517051446065,-6.031517051446065,-6.031517051446065,-6.031517051446065
-6.01524389813121,-6.0389454205249224,-6.09593186198688,-5.986361377237861,-6.03514360028557,-6.108307245849055,-6.159927332982936,-5.988658542557331,-6.0780705104190895,-6.156844157958362,-6.154241090930119,-6.143529615275986,-6.2426937791603665,-6.199815989143631,-6.182189088429699,-6.128723521419813,-6.0770076353807605,-6.1110567291872835,-6.320901707788899,-6.167662934092738,-6.431798275933005,-6.431798275933005,-6.431798275933005,-6.431798275933005,-6.431798275933005,-6.431798275933005,-6.431798275933005,-6.431798275933005,-6.431798275933005,-6.431798275933005,-6.431798275933005,-6.431798275933005,-6.431798275933005,-6.431798275933005,-6.431798275933005,-6.431798275933005,-6.431798275933005,-6.431798275933005,-6.431798275933005,-6.431798275933005
-5.899180414865544,-5.961597562773576,-6.138970768211246,-5.886540015140637,-6.0553395310818665,-6.033897020841388,-6.157976183466774,-5.933762032277355,-5.979760013779927,-6.049484468769606,-6.044490770514594,-6.052340460564133,-6.127516470969656,-6.2629472539387105,-6.183409865934228,-6.036331140079042,-6.122508391875473,-6.139620615953305,-6.321379021712107,-6.068523793397654,-6.356547323513812,-6.356547323513812,-6.356547323513812,-6.356547323513812,-6.356547323513812,-6.356547323513812,-6.356547323513812,-6.356547323513812,-6.356547323513812,-6.356547323513812,-6.356547323513812,-6.356547323513812,-6.356547323513812,-6.356547323513812,-6.356547323513812,-6.356547323513812,-6.356547323513812,-6.356547323513812,-6.356547323513812,-6.356547323513812
-6.006656650631694,-6.028052649883067,-6.127040741078029,-5.972217729240388,-6.066116931452976,-6.120734411549036,-6.202542899818803,-5.98905529521702,-6.068527401401588,-6.173081516333643,-6.162287787424033,-6.1547429499533965,-6.270263393832484,-6.258697800096594,-6.2222544553425845,-6.147150536444461,-6.123830961035396,-6.143090509342081,-6.395136069842848,-6.188697621951393,-6.6020599913279625,-6.6020599913279625,-6.6020599913279625,-6.6020599913279625,-6.6020599913279625,-6.6020599913279625,-6.6020599913279625,-6.6020599913279625,-6.6020599913279625,-6.6020599913279625,-6.6020599913279625,-6.6020599913279625,-6.6020599913279625,-6.6020599913279625,-6.6020599913279625,-6.6020599913279625,-6.6020599913279625,-6.6020599913279625,-6.6020599913279625,-6.6020599913279625
-6.031552164625681,-6.0439203661235075,-6.076438255896572,-6.025312114718939,-6.059232012421639,-6.051062965949794,-6.113153821311774,-6.051667870222599,-6.041694032732014,-6.0525169601341355,-6.081754557532433,-6.052633704983915,-6.137787687027002,-6.103094539467523,-6.095766173788524,-6.067818283248717,-6.069962292470784,-6.045125926514455,-6.194415121986329,-6.086719073275749,-6.0655015487564325,-6.0655015487564325,-6.0655015487564325,-6.0655015487564325,-6.0655015487564325,-6.0655015487564325,-6.0655015487564325,-6.0655015487564325,-6.0655015487564325,-6.0655015487564325,-6.0655015487564325,-6.0655015487564325,-6.0655015487564325,-6.0655015487564325,-6.0655015487564325,-6.0655015487564325,-6.0655015487564325,-6.0655015487564325,-6.0655015487564325,-6.0655015487564325
-6.038896170548021,-6.0751405036219275,-6.1829085450721495,-6.033465838117256,-6.126612659448949,-6.093694847192235,-6.200859675732107,-6.072818806343207,-6.075915808078492,-6.0989419600088395,-6.128364749654727,-6.108203378204053,-6.167265159810651,-6.244208763079184,-6.195662386087188,-6.104976923122165,-6.134882351789425,-6.153915331699439,-6.315324348961341,-6.140901007389926,-6.376750709602099,-6.376750709602099,-6.376750709602099,-6.376750709602099,-6.376750709602099,-6.376750709602099,-6.376750709602099,-6.376750709602099,-6.376750709602099,-6.376750709602099,-6.376750709602099,-6.376750709602099,-6.376750709602099,-6.376750709602099,-6.376750709602099,-6.376750709602099,-6.376750709602099,-6.376750709602099,-6.376750709602099,-6.376750709602099
-6.0277900010218035,-6.093121097966689,-6.191422654691817,-5.998567650983813,-6.036795872486369,-6.196439571041004,-6.1358718319569,-5.988599615940053,-6.049002366211908,-6.194283147181615,-6.182948232071071,-6.218227687891137,-6.16733462637251,-6.135867118610778,-6.249830640657427,-6.113298410091024,-6.130266305046116,-6.227546373633819,-6.238124016270925,-6.120197724767573,-6.376750709602099,-6.376750709602099,-6.376750709602099,-6.376750709602099,-6.376750709602099,-6.376750709602099,-6.376750709602099,-6.376750709602099,-6.376750709602099,-6.376750709602099,-6.376750709602099,-6.376750709602099,-6.376750709602099,-6.376750709602099,-6.376750709602099,-6.376750709602099,-6.376750709602099,-6.376750709602099,-6.376750709602099,-6.376750709602099
-5.924161432047692,-5.98365841550309,-6.142182233740314,-5.9595242694648265,-6.083908183078598,-6.0377552266077075,-6.147505662821293,-5.963385565585997,-5.991587311373954,-6.078426064069166,-6.107387028309124,-6.060090653544043,-6.141263008754062,-6.2123291929280455,-6.145455526507347,-6.091947775563262,-6.111592676954229,-6.1394050402818525,-6.31393747367992,-6.11595771864953,-6.638272163982407,-6.638272163982407,-6.638272163982407,-6.638272163982407,-6.638272163982407,-6.638272163982407,-6.638272163982407,-6.638272163982407,-6.638272163982407,-6.638272163982407,-6.638272163982407,-6.638272163982407,-6.638272163982407,-6.638272163982407,-6.638272163982407,-6.638272163982407,-6.638272163982407,-6.638272163982407,-6.638272163982407,-6.638272163982407
-5.8584968946770895,-5.839283420594587,-5.790892427186075,-5.837364249490935,-5.796935369601818,-5.752191619538709,-5.775969895240817,-5.858703578727371,-5.782254960885631,-5.806531752436417,-5.830132588244968,-5.768038710662506,-5.804018169005003,-5.779829045517867,-5.795879665782189,-5.797109835048724,-5.802749270804754,-5.804136400106751,-5.765870351987476,-5.751921545613309,-6.075720713938118,-6.075720713938118,-6.075720713938118,-6.075720713938118,-6.075720713938118,-6.075720713938118,-6.075720713938118,-6.075720713938118,-6.075720713938118,-6.075720713938118,-6.075720713938118,-6.075720713938118,-6.075720713938118,-6.075720713938118,-6.075720713938118,-6.075720713938118,-6.075720713938118,-6.075720713938118,-6.075720713938118,-6.075720713938118
-6.089045840867277,-6.210639871751083,-6.325668340072642,-6.110326787704299,-6.287113687667867,-6.149179042258867,-6.274512840337279,-6.226349652507013,-6.032205978613033,-5.995294786617133,-6.0547832437487115,-6.076126735003885,-6.0811600137517905,-6.349279559021437,-6.3068539424114105,-6.079216101598762,-6.320128433947234,-6.3079709903200465,-6.303835772638958,-6.0450449411617395,-6.537602002101044,-6.537602002101044,-6.537602002101044,-6.537602002101044,-6.537602002101044,-6.537602002101044,-6.537602002101044,-6.537602002101044,-6.537602002101044,-6.537602002101044,-6.537602002101044,-6.537602002101044,-6.537602002101044,-6.537602002101044,-6.537602002101044,-6.537602002101044,-6.537602002101044,-6.537602002101044,-6.537602002101044,-6.537602002101044
-5.862445262592608,-5.9162638124637965,-5.868609257432142,-5.867394502206062,-5.912347899018449,-5.856040923870651,-5.826477546947306,-5.849304988643038,-5.877185387299778,-5.855079344759426,-5.906580626913724,-5.890686591454317,-5.885018027542735,-5.860450182310357,-5.864138261766054,-5.825003651952328,-5.818956917581047,-5.853533812340766,-5.871436099112317,-5.878823097937562,-6.366531544420414,-6.366531544420414,-6.366531544420414,-6.366531544420414,-6.366531544420414,-6.366531544420414,-6.366531544420414,-6.366531544420414,-6.366531544420414,-6.366531544420414,-6.366531544420414,-6.366531544420414,-6.366531544420414,-6.366531544420414,-6.366531544420414,-6.366531544420414,-6.366531544420414,-6.366531544420414,-6.366531544420414,-6.366531544420414
-6.029911844006507,-6.050571995443541,-6.098589529403317,-6.022634877639151,-6.069288690298543,-5.973910855936268,-6.059425798158168,-6.067459397637895,-6.023243156675413,-5.957875263974606,-5.97945809450942,-5.983294527355398,-6.0088668409201835,-6.135329134549101,-6.078410802023883,-5.97896344477663,-6.058637572240937,-6.075102089179056,-6.082391800826965,-5.990967619349646,-5.886056647693163,-5.886056647693163,-5.886056647693163,-5.886056647693163,-5.886056647693163,-5.886056647693163,-5.886056647693163,-5.886056647693163,-5.886056647693163,-5.886056647693163,-5.886056647693163,-5.886056647693163,-5.886056647693163,-5.886056647693163,-5.886056647693163,-5.886056647693163,-5.886056647693163,-5.886056647693163,-5.886056647693163,-5.886056647693163
-5.971352709909739,-5.947375437063827,-5.908483185615928,-5.934401067635455,-5.880657550366045,-5.8522010037703565,-5.832557927734417,-5.915942892712432,-5.908199450794969,-5.929529293532428,-5.9308211820872145,-5.8772023108455365,-5.561869367453017,-5.89372896073052,-5.902650955931104,-5.890589134378766,-5.865070031832709,-5.90951065075352,-5.830657812014637,-5.874540569855705,-5.886056647693163,-5.886056647693163,-5.886056647693163,-5.886056647693163,-5.886056647693163,-5.886056647693163,-5.886056647693163,-5.886056647693163,-5.886056647693163,-5.886056647693163,-5.886056647693163,-5.886056647693163,-5.886056647693163,-5.886056647693163,-5.886056647693163,-5.886056647693163,-5.886056647693163,-5.886056647693163,-5.886056647693163,-5.886056647693163
-5.791872463781333,-5.700288413030323,-5.773065927127487,-5.7631084779161155,-5.780192633993855,-5.703787331021937,-5.743918675603071,-5.742490625516906,-5.692642874100071,-5.82305321823601,-5.794230376266029,-5.6911847052521845,-5.3912687406882585,-5.820192050226935,-5.778455100481715,-5.863578628653892,-5.849503196643342,-5.7850927067475295,-5.865797738298948,-5.792490278295345,-6.275724130399211,-6.275724130399211,-6.275724130399211,-6.275724130399211,-6.275724130399211,-6.275724130399211,-6.275724130399211,-6.275724130399211,-6.275724130399211,-6.275724130399211,-6.275724130399211,-6.275724130399211,-6.275724130399211,-6.275724130399211,-6.275724130399211,-6.275724130399211,-6.275724130399211,-6.275724130399211,-6.275724130399211,-6.275724130399211
-5.811494748423442,-5.779355898101055,-5.861178828563542,-5.825033966089332,-5.866974059579286,-5.791416544160336,-5.814680923044533,-5.785790187047932,-5.821521390083421,-5.928905925285308,-5.914526933369752,-5.822351695940408,-5.4733113995396305,-5.8839329295951694,-5.821542478456581,-5.890274598434964,-5.8987492409814655,-5.833006066266852,-5.9165235665035585,-5.865802500282672,-6.055517327849832,-6.055517327849832,-6.055517327849832,-6.055517327849832,-6.055517327849832,-6.055517327849832,-6.055517327849832,-6.055517327849832,-6.055517327849832,-6.055517327849832,-6.055517327849832,-6.055517327849832,-6.055517327849832,-6.055517327849832,-6.055517327849832,-6.055517327849832,-6.055517327849832,-6.055517327849832,-6.055517327849832,-6.055517327849832
-5.8320474382497975,-5.753445562349363,-5.843672170245829,-5.832233105440781,-5.844691482995273,-5.769151626704379,-5.814162622635958,-5.801291191792083,-5.772437090412922,-5.8874480745590105,-5.865909566749876,-5.770492365364241,-5.426392171203165,-5.874999393846081,-5.802613252899984,-5.922557314136722,-5.8982100980350225,-5.827835465270316,-5.918688363897518,-5.858141772848931,-6.040958607678906,-6.040958607678906,-6.040958607678906,-6.040958607678906,-6.040958607678906,-6.040958607678906,-6.040958607678906,-6.040958607678906,-6.040958607678906,-6.040958607678906,-6.040958607678906,-6.040958607678906,-6.040958607678906,-6.040958607678906,-6.040958607678906,-6.040958607678906,-6.040958607678906,-6.040958607678906,-6.040958607678906,-6.040958607678906
-5.999509525214672,-5.911744442875356,-5.860961396157746,-5.953698527048141,-5.880169797717882,-5.8452575451362145,-5.8810670513613,-5.979959850304504,-5.841826673497844,-5.952334243411618,-5.939506370976125,-5.853005711032769,-5.967426439989041,-5.869936652477976,-5.911318292047637,-5.987726064515522,-5.954621188448676,-5.922412494312181,-5.943548827581249,-5.9046469398976775,-6.096910013008056,-6.096910013008056,-6.096910013008056,-6.096910013008056,-6.096910013008056,-6.096910013008056,-6.096910013008056,-6.096910013008056,-6.096910013008056,-6.096910013008056,-6.096910013008056,-6.096910013008056,-6.096910013008056,-6.096910013008056,-6.096910013008056,-6.096910013008056,-6.096910013008056,-6.096910013008056,-6.096910013008056,-6.096910013008056
-5.922574434496739,-5.918660064802952,-5.967496868651083,-5.936588904111899,-5.980825090008606,-5.932354095343645,-5.9686152791547755,-5.947654941486438,-5.935974381870287,-5.9714064698897555,-5.980792132217702,-5.929375254131856,-6.004475476750534,-5.969154867323838,-5.9629272840229595,-5.975169032667745,-6.010269548422287,-5.963704903738109,-6.0552078389880615,-5.9758362269205065,-6.026872146400302,-6.026872146400302,-6.026872146400302,-6.026872146400302,-6.026872146400302,-6.026872146400302,-6.026872146400302,-6.026872146400302,-6.026872146400302,-6.026872146400302,-6.026872146400302,-6.026872146400302,-6.026872146400302,-6.026872146400302,-6.026872146400302,-6.026872146400302,-6.026872146400302,-6.026872146400302,-6.026872146400302,-6.026872146400302
-5.970028944067435,-5.890995209968454,-5.843424884565429,-5.923230717384502,-5.856988051904641,-5.826690453295998,-5.859333574039923,-5.955130760599955,-5.82545470528886,-5.914666677664008,-5.909852916080018,-5.827368509254028,-5.951759320984698,-5.8599161810871285,-5.9013282777993785,-5.950994242821468,-5.939913736525423,-5.900219394948229,-5.932153060225904,-5.871076573332643,-6.337242168318426,-6.337242168318426,-6.337242168318426,-6.337242168318426,-6.337242168318426,-6.337242168318426,-6.337242168318426,-6.337242168318426,-6.337242168318426,-6.337242168318426,-6.337242168318426,-6.337242168318426,-6.337242168318426,-6.337242168318426,-6.337242168318426,-6.337242168318426,-6.337242168318426,-6.337242168318426,-6.337242168318426,-6.337242168318426
-5.687344090649953,-5.676543641810683,-5.718397500120257,-5.713980551949009,-5.735989726636058,-5.668391985416394,-5.710713243135176,-5.70379530174864,-5.734087938250247,-5.773813077649273,-5.773480700646345,-5.719831616485864,-5.7617819379650115,-5.712237538913584,-5.659078022825942,-5.731406349182565,-5.722821184488979,-5.695535959950942,-5.715926907480907,-5.71468928225013,-5.958607314841775,-5.958607314841775,-5.958607314841775,-5.958607314841775,-5.958607314841775,-5.958607314841775,-5.958607314841775,-5.958607314841775,-5.958607314841775,-5.958607314841775,-5.958607314841775,-5.958607314841775,-5.958607314841775,-5.958607314841775,-5.958607314841775,-5.958607314841775,-5.958607314841775,-5.958607314841775,-5.958607314841775,-5.958607314841775
-6.235575467796476,-6.275389344452817,-6.178073362996891,-6.261631328184794,-6.199532769557916,-6.1452090085893865,-6.166709104818151,-6.263351175587254,-6.248463827877669,-6.156909255841682,-6.182523896161652,-6.18129332770426,-6.185697713754095,-6.142178475372495,-6.140918326358927,-6.152394517592206,-6.145320669510385,-6.13396313020344,-6.100275613787973,-6.168199149364401,-6.2839966563652006,-6.2839966563652006,-6.2839966563652006,-6.2839966563652006,-6.2839966563652006,-6.2839966563652006,-6.2839966563652006,-6.2839966563652006,-6.2839966563652006,-6.2839966563652006,-6.2839966563652006,-6.2839966563652006,-6.2839966563652006,-6.2839966563652006,-6.2839966563652006,-6.2839966563652006,-6.2839966563652006,-6.2839966563652006,-6.2839966563652006,-6.2839966563652006
-6.2686188016564595,-6.225384522062508,-6.200090018765421,-6.255027378501957,-6.211333878658024,-6.081091352729522,-6.208333620394918,-6.297442272281972,-6.1324628499341305,-6.167303202121053,-6.175665832572912,-6.120932156056611,-6.168205838681772,-6.2063614850177515,-6.170623579753434,-6.206670975039447,-6.21786850316981,-6.1948124913710805,-6.179526898836067,-6.152232141398296,-5.6777807052660805,-5.6777807052660805,-5.6777807052660805,-5.6777807052660805,-5.6777807052660805,-5.6777807052660805,-5.6777807052660805,-5.6777807052660805,-5.6777807052660805,-5.6777807052660805,-5.6777807052660805,-5.6777807052660805,-5.6777807052660805,-5.6777807052660805,-5.6777807052660805,-5.6777807052660805,-5.6777807052660805,-5.6777807052660805,-5.6777807052660805,-5.6777807052660805
-5.893029879555659,-5.819554795660232,-5.761967124976724,-5.755802323501642,-5.722531900080642,-5.811404212320669,-5.74043752110893,-5.777754989745555,-5.7488106346967625,-5.825699259865733,-5.778384479126887,-5.794262349402804,-5.8164496040433695,-5.782548513740803,-5.886064109786105,-5.802454677017831,-5.780723837436886,-5.8511719349583,-5.825818339068765,-5.77141780583852,-6.0,-6.0,-6.0,-6.0,-6.0,-6.0,-6.0,-6.0,-6.0,-6.0,-6.0,-6.0,-6.0,-6.0,-6.0,-6.0,-6.0,-6.0,-6.0,-6.0
-5.962166268037899,-6.022602504400262,-6.219662003591267,-6.022868940379925,-6.096529626804334,-6.172782426841075,-6.16883296733812,-5.992224559149881,-6.086817129104628,-6.190998499418446,-6.181463825993443,-6.169181201571375,-6.192757609593149,-6.197001665696511,-6.205830439639114,-6.227997402584738,-6.20458162791538,-6.279175260952175,-6.35889686074068,-6.223440177810904,-5.958607314841775,-5.958607314841775,-5.958607314841775,-5.958607314841775,-5.958607314841775,-5.958607314841775,-5.958607314841775,-5.958607314841775,-5.958607314841775,-5.958607314841775,-5.958607314841775,-5.958607314841775,-5.958607314841775,-5.958607314841775,-5.958607314841775,-5.958607314841775,-5.958607314841775,-5.958607314841775,-5.958607314841775,-5.958607314841775
-6.119299851640431,-6.276154369673759,-6.317177267805039,-6.255497475613612,-6.179270851684943,-6.3622030004826735,-6.328680074303278,-6.142853976894125,-6.303575206581993,-6.351730268376548,-6.407527783380183,-6.350232895929629,-6.42827896954471,-6.214504711578641,-6.299332354283406,-6.343254698370171,-6.34471748461705,-6.294870179667306,-6.4035668375270465,-6.352898526994374,-6.0,-6.0,-6.0,-6.0,-6.0,-6.0,-6.0,-6.0,-6.0,-6.0,-6.0,-6.0,-6.0,-6.0,-6.0,-6.0,-6.0,-6.0,-6.0,-6.0
-5.879422155247851,-5.927651443677227,-6.140253370358235,-5.919436931603389,-5.822613090159921,-6.079572692463805,-6.164288657610063,-5.877673936223091,-5.985665006680073,-6.1832833713265405,-6.145379156508662,-6.114383468000349,-6.195921569637186,-6.20370095540061,-6.142744202184893,-6.16649376595794,-6.12431244664708,-6.1658733750183545,-6.33655251773462,-6.183753151952074,-5.823908740944319,-5.823908740944319,-5.823908740944319,-5.823908740944319,-5.823908740944319,-5.823908740944319,-5.823908740944319,-5.823908740944319,-5.823908740944319,-5.823908740944319,-5.823908740944319,-5.823908740944319,-5.823908740944319,-5.823908740944319,-5.823908740944319,-5.823908740944319,-5.823908740944319,-5.823908740944319,-5.823908740944319,-5.823908740944319
-5.871768492028458,-5.903406272723018,-6.085763111118114,-5.87700648948647,-5.836842580352396,-6.061141810299765,-6.1070429306277285,-5.863354993992431,-5.950847379741908,-6.092928450597666,-6.05612701473632,-6.049262929333683,-6.14296102407574,-6.161497690423287,-6.125833710290713,-6.099510650054315,-6.088683753784345,-6.123212302790023,-6.309237767150549,-6.121859240823264,-6.070581074285707,-6.070581074285707,-6.070581074285707,-6.070581074285707,-6.070581074285707,-6.070581074285707,-6.070581074285707,-6.070581074285707,-6.070581074285707,-6.070581074285707,-6.070581074285707,-6.070581074285707,-6.070581074285707,-6.070581074285707,-6.070581074285707,-6.070581074285707,-6.070581074285707,-6.070581074285707,-6.070581074285707,-6.070581074285707
-5.835909708823036,-5.889953315732011,-6.078441646510361,-5.851901339178402,-5.7741387000506785,-6.066486672485808,-6.116174030110637,-5.801348374448317,-5.951560366063668,-6.15588594822412,-6.119995284708462,-6.104706424295754,-6.18466046353378,-6.13903104198099,-6.118558418426568,-6.104292184767207,-6.064098838897442,-6.102247599683612,-6.296152053353042,-6.131743990610888,-6.107905397309519,-6.107905397309519,-6.107905397309519,-6.107905397309519,-6.107905397309519,-6.107905397309519,-6.107905397309519,-6.107905397309519,-6.107905397309519,-6.107905397309519,-6.107905397309519,-6.107905397309519,-6.107905397309519,-6.107905397309519,-6.107905397309519,-6.107905397309519,-6.107905397309519,-6.107905397309519,-6.107905397309519,-6.107905397309519
-6.152863171451886,-6.294401460568934,-6.288516699685258,-6.23013299286632,-6.221812297895936,-6.258339007961063,-6.238141474355687,-6.240201317674683,-6.265564754239747,-6.129080155129829,-6.201744072432345,-6.193892688362704,-6.250680731237382,-6.247852727106064,-6.252031781891851,-6.198180442045483,-6.290673447176715,-6.279636899044387,-6.269054408169914,-6.173392633668548,-6.113509274827519,-6.113509274827519,-6.113509274827519,-6.113509274827519,-6.113509274827519,-6.113509274827519,-6.113509274827519,-6.113509274827519,-6.113509274827519,-6.113509274827519,-6.113509274827519,-6.113509274827519,-6.113509274827519,-6.113509274827519,-6.113509274827519,-6.113509274827519,-6.113509274827519,-6.113509274827519,-6.113509274827519,-6.113509274827519
-5.146765748750444,-5.600667738540508,-5.268462202091229,-5.044838727329147,-5.0534322754199374,-5.341738572561143,-5.136669838747886,-5.094832942899828,-5.1062524009407735,-5.077551888059756,-5.049014216398035,-5.294414718801094,-5.112421387572877,-5.258149890578746,-5.151630969374477,-5.073792220694864,-5.06211347267139,-5.176364899916483,-5.195071009865222,-5.143430353117714,-6.040958607678906,-6.040958607678906,-6.040958607678906,-6.040958607678906,-6.040958607678906,-6.040958607678906,-6.040958607678906,-6.040958607678906,-6.040958607678906,-6.040958607678906,-6.040958607678906,-6.040958607678906,-6.040958607678906,-6.040958607678906,-6.040958607678906,-6.040958607678906,-6.040958607678906,-6.040958607678906,-6.040958607678906,-6.040958607678906
-5.268934272396107,-5.56785498181473,-5.690763656629654,-5.152705762739371,-5.091073905828193,-5.353856767399963,-5.478669379889902,-5.194150319205715,-5.151005693704656,-5.443100598525896,-5.404970315248045,-5.498189758644313,-5.319980646917983,-5.5915542912561165,-5.232017330229169,-5.305445448590357,-5.417472712960813,-5.612156315379737,-5.443132246078546,-5.31439073328448,-5.4089353929735005,-5.4089353929735005,-5.4089353929735005,-5.4089353929735005,-5.4089353929735005,-5.4089353929735005,-5.4089353929735005,-5.4089353929735005,-5.4089353929735005,-5.4089353929735005,-5.4089353929735005,-5.4089353929735005,-5.4089353929735005,-5.4089353929735005,-5.4089353929735005,-5.4089353929735005,-5.4089353929735005,-5.4089353929735005,-5.4089353929735005,-5.4089353929735005
-5.186880023645704,-5.436153078342657,-5.518337594436144,-5.067263081511684,-5.002896499971473,-5.27762166355933,-5.36829549400678,-5.127518084365083,-5.0577901121552165,-5.40733964376256,-5.340753584496708,-5.416020743407935,-5.303626761770817,-5.427281448719399,-5.210660198563894,-5.296995324045094,-5.347783243777299,-5.452801880706592,-5.3899965085065045,-5.318638304209821,-5.619788758288394,-5.619788758288394,-5.619788758288394,-5.619788758288394,-5.619788758288394,-5.619788758288394,-5.619788758288394,-5.619788758288394,-5.619788758288394,-5.619788758288394,-5.619788758288394,-5.619788758288394,-5.619788758288394,-5.619788758288394,-5.619788758288394,-5.619788758288394,-5.619788758288394,-5.619788758288394,-5.619788758288394,-5.619788758288394
-5.1309415567217505,-5.6350305518937684,-5.5337943952679245,-5.0095573545104575,-4.939428472362678,-5.481418841939999,-5.258900031546327,-5.078111748515805,-4.965760827691843,-5.213174861130291,-5.1586045851641495,-5.548485954313707,-5.17828709940909,-5.4111200851647085,-5.3130478410026125,-5.200331697382971,-5.2021559110708235,-5.3251443303979675,-5.318608226405412,-5.273587364630673,-5.481486060122113,-5.481486060122113,-5.481486060122113,-5.481486060122113,-5.481486060122113,-5.481486060122113,-5.481486060122113,-5.481486060122113,-5.481486060122113,-5.481486060122113,-5.481486060122113,-5.481486060122113,-5.481486060122113,-5.481486060122113,-5.481486060122113,-5.481486060122113,-5.481486060122113,-5.481486060122113,-5.481486060122113,-5.481486060122113
-5.158244815105446,-5.454222438985854,-5.63875506829384,-5.1725420550376855,-5.149544351544565,-5.720244813481103,-5.256365308744514,-5.183109600394647,-5.137141525172848,-5.433039202956505,-5.361135528128201,-5.592675692272768,-5.299845789892332,-5.47774880331504,-5.408909734337727,-5.354019275611153,-5.459092661596827,-5.4176528631553325,-5.504018453832349,-5.4211868194794155,-6.180456064458132,-6.180456064458132,-6.180456064458132,-6.180456064458132,-6.180456064458132,-6.180456064458132,-6.180456064458132,-6.180456064458132,-6.180456064458132,-6.180456064458132,-6.180456064458132,-6.180456064458132,-6.180456064458132,-6.180456064458132,-6.180456064458132,-6.180456064458132,-6.180456064458132,-6.180456064458132,-6.180456064458132,-6.180456064458132
-5.253045602484715,-5.489216127161247,-5.639173873244347,-5.203143264500203,-5.121330520902924,-5.4519409287150165,-5.351756710648749,-5.207623708767069,-5.2017993257901445,-5.512595811369259,-5.412973063544984,-5.478270183150862,-5.3435940172804415,-5.475720007120151,-5.309520574573193,-5.407591471617289,-5.5065119836745415,-5.493749328960535,-5.513282727153905,-5.437703554186881,-6.0655015487564325,-6.0655015487564325,-6.0655015487564325,-6.0655015487564325,-6.0655015487564325,-6.0655015487564325,-6.0655015487564325,-6.0655015487564325,-6.0655015487564325,-6.0655015487564325,-6.0655015487564325,-6.0655015487564325,-6.0655015487564325,-6.0655015487564325,-6.0655015487564325,-6.0655015487564325,-6.0655015487564325,-6.0655015487564325,-6.0655015487564325,-6.0655015487564325
-5.037591510181623,-5.6001233199634255,-5.502331769352716,-4.9240488792800505,-4.770271069590147,-5.461915491533834,-5.261362173465139,-4.981251760888348,-4.9042422404898804,-5.1861116024981415,-5.153942035743754,-5.506423046519165,-5.145667124525116,-5.406333154286345,-5.2416952891878745,-5.172698503251407,-5.208962428747796,-5.3252170172966435,-5.289464767422401,-5.239337546373934,-5.6020599913279625,-5.6020599913279625,-5.6020599913279625,-5.6020599913279625,-5.6020599913279625,-5.6020599913279625,-5.6020599913279625,-5.6020599913279625,-5.6020599913279625,-5.6020599913279625,-5.6020599913279625,-5.6020599913279625,-5.6020599913279625,-5.6020599913279625,-5.6020599913279625,-5.6020599913279625,-5.6020599913279625,-5.6020599913279625,-5.6020599913279625,-5.6020599913279625
-5.213019511298112,-5.48411132073228,-5.7074639074936115,-5.196446641868265,-5.136889942301929,-5.634065351609356,-5.306586235408398,-5.219945420078049,-5.170436710432,-5.508127058738578,-5.42384928799275,-5.610220266092435,-5.325188323605267,-5.509939970228388,-5.359368398770027,-5.409661306825952,-5.491048551405365,-5.46937510806078,-5.521260158783234,-5.457815373310082,-5.795880017344075,-5.795880017344075,-5.795880017344075,-5.795880017344075,-5.795880017344075,-5.795880017344075,-5.795880017344075,-5.795880017344075,-5.795880017344075,-5.795880017344075,-5.795880017344075,-5.795880017344075,-5.795880017344075,-5.795880017344075,-5.795880017344075,-5.795880017344075,-5.795880017344075,-5.795880017344075,-5.795880017344075,-5.795880017344075
-5.163248407404324,-5.426027371885176,-5.691337866930541,-5.217469863738184,-5.241106954567311,-5.718930654292925,-5.3112444958068386,-5.193036844386887,-5.189905230642548,-5.484360396296856,-5.3422238372795565,-5.635464738356983,-5.2695769268540165,-5.463992774900042,-5.432633767775712,-5.5165481258687885,-5.540833102407885,-5.480984744139892,-5.575138555868986,-5.483207606355485,-5.0,-5.0,-5.0,-5.0,-5.0,-5.0,-5.0,-5.0,-5.0,-5.0,-5.0,-5.0,-5.0,-5.0,-5.0,-5.0,-5.0,-5.0,-5.0,-5.0
-5.3676093971245065,-5.021728895378753,-5.25772608433752,-5.4467572106825575,-5.654056775213332,-5.450409186973599,-5.158916766648681,-5.42401713191562,-5.436285638004935,-5.454594089766118,-5.227680620587437,-5.217719977855487,-5.2852731028785485,-5.141297834426379,-5.390431594826182,-5.567552489981525,-5.437302361589622,-5.269809239894668,-5.508191359802591,-5.468161760306926,-5.920818753952375,-5.920818753952375,-5.920818753952375,-5.920818753952375,-5.920818753952375,-5.920818753952375,-5.920818753952375,-5.920818753952375,-5.920818753952375,-5.920818753952375,-5.920818753952375,-5.920818753952375,-5.920818753952375,-5.920818753952375,-5.920818753952375,-5.920818753952375,-5.920818753952375,-5.920818753952375,-5.920818753952375,-5.920818753952375
-5.163248814770071,-5.572115064733518,-5.294894712641067,-5.045346151845838,-4.985589934085178,-5.326334200985824,-5.169601929529956,-5.091655104053584,-5.0822485949786405,-5.073421904853362,-5.063941121143895,-5.298586135855278,-5.130307481714638,-5.321784644163986,-5.135510482821767,-5.054040620275225,-5.09329696220058,-5.216043518969097,-5.20364396862393,-5.133722875209509,-6.017728766960432,-6.017728766960432,-6.017728766960432,-6.017728766960432,-6.017728766960432,-6.017728766960432,-6.017728766960432,-6.017728766960432,-6.017728766960432,-6.017728766960432,-6.017728766960432,-6.017728766960432,-6.017728766960432,-6.017728766960432,-6.017728766960432,-6.017728766960432,-6.017728766960432,-6.017728766960432,-6.017728766960432,-6.017728766960432
-5.091956402239004,-5.731286510053743,-5.214977218878944,-4.98018281505796,-5.028508156577091,-5.375302671810356,-5.086942504190923,-5.039982126793408,-5.044394814862156,-5.051221731524222,-5.026480418570223,-5.302953550993826,-5.111091360459353,-5.193575180472516,-5.164076580827063,-5.031209902455041,-5.016928819843789,-5.112194792608039,-5.157435425771736,-5.122453216474449,-5.698970004336019,-5.698970004336019,-5.698970004336019,-5.698970004336019,-5.698970004336019,-5.698970004336019,-5.698970004336019,-5.698970004336019,-5.698970004336019,-5.698970004336019,-5.698970004336019,-5.698970004336019,-5.698970004336019,-5.698970004336019,-5.698970004336019,-5.698970004336019,-5.698970004336019,-5.698970004336019,-5.698970004336019,-5.698970004336019
-5.196376990197578,-5.53066163486872,-5.701408863995917,-5.157741667125776,-5.038419639820573,-5.493355293330643,-5.3905474799295385,-5.1582645819451916,-5.167249998676321,-5.539150029034395,-5.463036287611353,-5.53104413014677,-5.3409106939359905,-5.537627681887468,-5.2636599726449615,-5.41617038071959,-5.537954625209349,-5.5481942389718375,-5.525275306835709,-5.431040803275634,-5.958607314841775,-5.958607314841775,-5.958607314841775,-5.958607314841775,-5.958607314841775,-5.958607314841775,-5.958607314841775,-5.958607314841775,-5.958607314841775,-5.958607314841775,-5.958607314841775,-5.958607314841775,-5.958607314841775,-5.958607314841775,-5.958607314841775,-5.958607314841775,-5.958607314841775,-5.958607314841775,-5.958607314841775,-5.958607314841775
-5.413788742278675,-5.017773215150246,-5.2616717765021495,-5.466191706911691,-5.670917241305004,-5.343712129836296,-5.201129140667606,-5.480051094830508,-5.5039445935021725,-5.531499900603638,-5.366657608545385,-5.147951261533526,-5.340483201075911,-5.192771120998117,-5.216465072088372,-5.5033143267463975,-5.411445842600718,-5.327702822327258,-5.466253479917048,-5.41117877577458,-6.040958607678906,-6.040958607678906,-6.040958607678906,-6.040958607678906,-6.040958607678906,-6.040958607678906,-6.040958607678906,-6.040958607678906,-6.040958607678906,-6.040958607678906,-6.040958607678906,-6.040958607678906,-6.040958607678906,-6.040958607678906,-6.040958607678906,-6.040958607678906,-6.040958607678906,-6.040958607678906,-6.040958607678906,-6.040958607678906
-5.07345360060086,-5.927312563798491,-5.25313875953415,-4.930888723340907,-5.0225866343341785,-5.331942650065368,-5.181520935076642,-4.986016360320926,-5.008045604505386,-5.1067158252080835,-5.074738609359098,-5.345336655800105,-5.159477672950501,-5.256252414954681,-5.059307937698294,-5.073477263726406,-5.089444192241797,-5.204390265034129,-5.183202523288396,-5.12196723765784,-6.091514981121351,-6.091514981121351,-6.091514981121351,-6.091514981121351,-6.091514981121351,-6.091514981121351,-6.091514981121351,-6.091514981121351,-6.091514981121351,-6.091514981121351,-6.091514981121351,-6.091514981121351,-6.091514981121351,-6.091514981121351,-6.091514981121351,-6.091514981121351,-6.091514981121351,-6.091514981121351,-6.091514981121351,-6.091514981121351
-5.257343169662823,-5.578922557306819,-5.327324056090083,-5.123811311776491,-5.132758457852653,-5.266569413295324,-5.183971486779919,-5.182771221399703,-5.164500770624514,-5.132671789883811,-5.102967364891248,-5.301542974940812,-5.1722814653642875,-5.311430081230214,-5.159979891773587,-5.081029339569933,-5.103697058965109,-5.23934239274005,-5.2246058066807946,-5.158783144318924,-6.008773924307505,-6.008773924307505,-6.008773924307505,-6.008773924307505,-6.008773924307505,-6.008773924307505,-6.008773924307505,-6.008773924307505,-6.008773924307505,-6.008773924307505,-6.008773924307505,-6.008773924307505,-6.008773924307505,-6.008773924307505,-6.008773924307505,-6.008773924307505,-6.008773924307505,-6.008773924307505,-6.008773924307505,-6.008773924307505
-6.01839484410407,-5.093249095705739,-5.151529523017598,-5.9743229662723065,-5.949447591476492,-5.72821548134992,-5.23123527060686,-6.038420020848862,-5.814580216452808,-5.138313112127794,-5.038128506623005,-5.087238912327848,-5.269300261297367,-5.609686989612422,-5.179948202540646,-5.320339541447355,-5.129991382839378,-5.278567910783978,-5.39103445836932,-5.358197240243182,-6.107905397309519,-6.107905397309519,-6.107905397309519,-6.107905397309519,-6.107905397309519,-6.107905397309519,-6.107905397309519,-6.107905397309519,-6.107905397309519,-6.107905397309519,-6.107905397309519,-6.107905397309519,-6.107905397309519,-6.107905397309519,-6.107905397309519,-6.107905397309519,-6.107905397309519,-6.107905397309519,-6.107905397309519,-6.107905397309519
-6.137449574426707,-6.222778977455099,-6.29578385151326,-6.202888027884878,-6.2320580088665976,-6.122709968032959,-6.290450515557313,-6.263891878250795,-6.167269641023976,-6.105460463622928,-6.151777992685888,-6.123222490041038,-6.18502227982171,-6.3579380420905665,-6.2540685393331055,-6.188038806661647,-6.255592027429552,-6.287367602195524,-6.282915883800026,-6.162241548136572,-6.537602002101044,-6.537602002101044,-6.537602002101044,-6.537602002101044,-6.537602002101044,-6.537602002101044,-6.537602002101044,-6.537602002101044,-6.537602002101044,-6.537602002101044,-6.537602002101044,-6.537602002101044,-6.537602002101044,-6.537602002101044,-6.537602002101044,-6.537602002101044,-6.537602002101044,-6.537602002101044,-6.537602002101044,-6.537602002101044
-6.053963070258994,-6.220956382728703,-6.235131654123973,-6.04661615377526,-6.216521858700777,-6.205157527080298,-6.166871514330831,-6.147143035203212,-5.99861046314871,-5.943473371897572,-5.981380871986255,-6.028093325212026,-6.051923298583932,-6.210688673733296,-6.2788742587113,-6.019324140057011,-6.302589864363548,-6.245517686531293,-6.255320522815612,-5.984382835585916,-5.920818753952375,-5.920818753952375,-5.920818753952375,-5.920818753952375,-5.920818753952375,-5.920818753952375,-5.920818753952375,-5.920818753952375,-5.920818753952375,-5.920818753952375,-5.920818753952375,-5.920818753952375,-5.920818753952375,-5.920818753952375,-5.920818753952375,-5.920818753952375,-5.920818753952375,-5.920818753952375,-5.920818753952375,-5.920818753952375
-5.814457375395893,-5.856605340771097,-5.9930953699439735,-5.800590486036629,-5.894305433420066,-5.9252770895045055,-5.941481343384652,-5.8439949073982085,-5.859773820242462,-5.921123285066677,-5.913513450000774,-5.92843010151265,-5.917838976157796,-6.0204082244049975,-5.99230499614681,-5.90821963924278,-5.915311036114569,-6.01005873713507,-6.034577140292164,-5.929597507532157,-6.292429823902063,-6.292429823902063,-6.292429823902063,-6.292429823902063,-6.292429823902063,-6.292429823902063,-6.292429823902063,-6.292429823902063,-6.292429823902063,-6.292429823902063,-6.292429823902063,-6.292429823902063,-6.292429823902063,-6.292429823902063,-6.292429823902063,-6.292429823902063,-6.292429823902063,-6.292429823902063,-6.292429823902063,-6.292429823902063
-5.832963621898547,-5.930970397027396,-5.974717375108705,-5.870315198716596,-5.938221005691411,-5.942979535767901,-5.935874327522252,-5.868516271912752,-5.90127406241399,-5.869182826561905,-5.910042435031931,-5.899069459212325,-5.954315772052782,-6.008087445350735,-5.99820370154206,-5.90899642865809,-5.972340242050845,-6.005851803954462,-6.046689771106925,-5.915213423914386,-6.6020599913279625,-6.6020599913279625,-6.6020599913279625,-6.6020599913279625,-6.6020599913279625,-6.6020599913279625,-6.6020599913279625,-6.6020599913279625,-6.6020599913279625,-6.6020599913279625,-6.6020599913279625,-6.6020599913279625,-6.6020599913279625,-6.6020599913279625,-6.6020599913279625,-6.6020599913279625,-6.6020599913279625,-6.6020599913279625,-6.6020599913279625,-6.6020599913279625
-6.350846325579455,-6.298646272541161,-6.207938404000557,-6.311992927685648,-6.150039080474262,-6.172815651110627,-6.18300991540467,-6.314341353706298,-6.264747002702674,-6.269773465394262,-6.260703738230272,-6.233414450566536,-6.24714946736247,-6.166608327161734,-6.200300514411332,-6.261209227744955,-6.170207532563124,-6.20616795466471,-6.135772670068299,-6.238773317644532,-6.468521082957745,-6.468521082957745,-6.468521082957745,-6.468521082957745,-6.468521082957745,-6.468521082957745,-6.468521082957745,-6.468521082957745,-6.468521082957745,-6.468521082957745,-6.468521082957745,-6.468521082957745,-6.468521082957745,-6.468521082957745,-6.468521082957745,-6.468521082957745,-6.468521082957745,-6.468521082957745,-6.468521082957745,-6.468521082957745
-6.161751394521707,-6.179101825365561,-6.2154880121880485,-6.190609455562675,-6.196107176668098,-6.139438026484968,-6.175926201530037,-6.198239806131499,-6.184919922092671,-6.135269297625904,-6.1504265888335885,-6.1296295634205,-6.194811002167124,-6.235834373749936,-6.181340385637603,-6.1990707247053285,-6.20582695492193,-6.2158650128812445,-6.253743149134908,-6.217660045164997,-6.187086643357144,-6.187086643357144,-6.187086643357144,-6.187086643357144,-6.187086643357144,-6.187086643357144,-6.187086643357144,-6.187086643357144,-6.187086643357144,-6.187086643357144,-6.187086643357144,-6.187086643357144,-6.187086643357144,-6.187086643357144,-6.187086643357144,-6.187086643357144,-6.187086643357144,-6.187086643357144,-6.187086643357144,-6.187086643357144
-5.900595872894037,-5.972043011118932,-6.178915294509169,-5.941267382648534,-6.094660382143499,-6.029003585198897,-6.159515741294367,-5.939150012884326,-5.9746163088429665,-6.063236560107884,-6.108126458186038,-6.060200848675207,-6.158476031752005,-6.270953800811215,-6.173881692347152,-6.080591394718198,-6.147741615980359,-6.174059132417845,-6.367900928755111,-6.096437724068526,-6.468521082957745,-6.468521082957745,-6.468521082957745,-6.468521082957745,-6.468521082957745,-6.468521082957745,-6.468521082957745,-6.468521082957745,-6.468521082957745,-6.468521082957745,-6.468521082957745,-6.468521082957745,-6.468521082957745,-6.468521082957745,-6.468521082957745,-6.468521082957745,-6.468521082957745,-6.468521082957745,-6.468521082957745,-6.468521082957745
-5.777927251212885,-5.88232163714383,-5.98990634235387,-5.8479815387398535,-5.941501416487865,-5.928096376156911,-5.9467050960481815,-5.817637777677355,-5.872668495845958,-5.9087949986580925,-5.942278174356581,-5.9061013008192464,-5.955422574238683,-6.012483566133382,-5.977798036461611,-5.94074600104963,-5.976306645569588,-6.017470649230933,-6.067291883653006,-5.945921136677331,-6.552841968657781,-6.552841968657781,-6.552841968657781,-6.552841968657781,-6.552841968657781,-6.552841968657781,-6.552841968657781,-6.552841968657781,-6.552841968657781,-6.552841968657781,-6.552841968657781,-6.552841968657781,-6.552841968657781,-6.552841968657781,-6.552841968657781,-6.552841968657781,-6.552841968657781,-6.552841968657781,-6.552841968657781,-6.552841968657781
-6.154114448968941,-6.124446553604982,-6.06714384323495,-6.154950017606136,-6.091156354124367,-6.054072866277191,-6.084740900350135,-6.144756885804783,-6.127999407760299,-6.08560698068903,-6.121041821420539,-6.090516955778638,-6.156645861649553,-6.041370985882106,-6.047483507849062,-6.093930104078306,-6.074345643106707,-6.014563901200279,-6.073235548125316,-6.106648698529983,-6.522878745280337,-6.522878745280337,-6.522878745280337,-6.522878745280337,-6.522878745280337,-6.522878745280337,-6.522878745280337,-6.522878745280337,-6.522878745280337,-6.522878745280337,-6.522878745280337,-6.522878745280337,-6.522878745280337,-6.522878745280337,-6.522878745280337,-6.522878745280337,-6.522878745280337,-6.522878745280337,-6.522878745280337,-6.522878745280337
-6.0720542886834314,-6.152603448757553,-6.129608860836582,-6.1736782691183,-6.139954440923261,-6.164459831307181,-6.219688297532544,-6.04839986554536,-6.139648676286557,-6.260309808784695,-6.233049991583997,-6.180716369483757,-6.2879237794430045,-6.160767774227494,-6.194084007187542,-6.287142399597262,-6.200906415376991,-6.170852112023838,-6.278819204759091,-6.274749105851897,-6.075720713938118,-6.075720713938118,-6.075720713938118,-6.075720713938118,-6.075720713938118,-6.075720713938118,-6.075720713938118,-6.075720713938118,-6.075720713938118,-6.075720713938118,-6.075720713938118,-6.075720713938118,-6.075720713938118,-6.075720713938118,-6.075720713938118,-6.075720713938118,-6.075720713938118,-6.075720713938118,-6.075720713938118,-6.075720713938118
-6.024694034639216,-6.089747326112532,-6.120078650705958,-6.059951134407138,-6.100779172961503,-6.0997031514819176,-6.115761311103266,-6.064169452207732,-6.046360834848153,-6.070905465918625,-6.103482475737631,-6.075308116220567,-6.135145797628388,-6.120977247413041,-6.127118786963584,-6.122690625038899,-6.132073121596566,-6.151104521193243,-6.208637222417693,-6.115193301620164,-6.508638306165727,-6.508638306165727,-6.508638306165727,-6.508638306165727,-6.508638306165727,-6.508638306165727,-6.508638306165727,-6.508638306165727,-6.508638306165727,-6.508638306165727,-6.508638306165727,-6.508638306165727,-6.508638306165727,-6.508638306165727,-6.508638306165727,-6.508638306165727,-6.508638306165727,-6.508638306165727,-6.508638306165727,-6.508638306165727
-5.870460312240607,-5.963623252889,-6.019183192664034,-5.903889570114784,-5.990596321636164,-5.96273003940525,-6.052570891710557,-5.905347862861092,-5.983351299227166,-5.974554653789633,-6.004230027562525,-5.990075277382944,-6.126434192099709,-6.1605646382629695,-6.082928100144125,-6.008831992556904,-6.044079735877429,-6.035686621804529,-6.206737326602548,-6.023775557943533,-6.366531544420414,-6.366531544420414,-6.366531544420414,-6.366531544420414,-6.366531544420414,-6.366531544420414,-6.366531544420414,-6.366531544420414,-6.366531544420414,-6.366531544420414,-6.366531544420414,-6.366531544420414,-6.366531544420414,-6.366531544420414,-6.366531544420414,-6.366531544420414,-6.366531544420414,-6.366531544420414,-6.366531544420414,-6.366531544420414
-6.268024813184921,-6.347616983713246,-6.290714495980854,-6.351376339783447,-6.279403829207706,-6.179699638606993,-6.309156269394161,-6.301427871292224,-6.217646263831512,-6.282276477112808,-6.291726942534297,-6.237622703481177,-6.268544244552704,-6.258533158682998,-6.242325079916648,-6.3156373919792825,-6.292069362459371,-6.273022489730697,-6.218347908233261,-6.2469165553343675,-6.468521082957745,-6.468521082957745,-6.468521082957745,-6.468521082957745,-6.468521082957745,-6.468521082957745,-6.468521082957745,-6.468521082957745,-6.468521082957745,-6.468521082957745,-6.468521082957745,-6.468521082957745,-6.468521082957745,-6.468521082957745,-6.468521082957745,-6.468521082957745,-6.468521082957745,-6.468521082957745,-6.468521082957745,-6.468521082957745
-5.975205077413643,-6.035803909133065,-6.069157742282804,-6.028891462388036,-6.006813664573768,-6.096492356168064,-6.063866288793852,-5.980711061088051,-6.067516971506665,-6.13464287864514,-6.150603411310759,-6.104385412734452,-6.198966790192287,-6.054459257076336,-6.068158161118539,-6.147189097962369,-6.095114258229005,-6.104033544239918,-6.170330042081324,-6.129205890593246,-5.920818753952375,-5.920818753952375,-5.920818753952375,-5.920818753952375,-5.920818753952375,-5.920818753952375,-5.920818753952375,-5.920818753952375,-5.920818753952375,-5.920818753952375,-5.920818753952375,-5.920818753952375,-5.920818753952375,-5.920818753952375,-5.920818753952375,-5.920818753952375,-5.920818753952375,-5.920818753952375,-5.920818753952375,-5.920818753952375
-6.033114555042869,-6.021846269880853,-5.972996389736216,-6.018515189090754,-5.9657742023529545,-5.969791259188633,-5.978434409629642,-6.006411091692212,-5.948901747214728,-6.034668056270213,-5.9941233065445685,-5.974676175869973,-6.036206460154837,-5.990091767612371,-6.037779110489805,-6.076754421614001,-6.012884308341381,-6.02592929013169,-6.0349350471155665,-6.017856531163621,-5.657577319177793,-5.657577319177793,-5.657577319177793,-5.657577319177793,-5.657577319177793,-5.657577319177793,-5.657577319177793,-5.657577319177793,-5.657577319177793,-5.657577319177793,-5.657577319177793,-5.657577319177793,-5.657577319177793,-5.657577319177793,-5.657577319177793,-5.657577319177793,-5.657577319177793,-5.657577319177793,-5.657577319177793,-5.657577319177793
-5.724854533325338,-5.5763371270431366,-5.747221201218314,-5.677546685824272,-5.760160777559407,-5.667442480989999,-5.775333121808868,-5.715008640092635,-5.632265923610661,-5.793792306435019,-5.766276572437029,-5.667560303611513,-5.827724798240659,-5.780363929927547,-5.725523286557116,-5.82593868199623,-5.824171049621016,-5.750503547815931,-5.9703067256755356,-5.7698225590541,-6.455931955649724,-6.455931955649724,-6.455931955649724,-6.455931955649724,-6.455931955649724,-6.455931955649724,-6.455931955649724,-6.455931955649724,-6.455931955649724,-6.455931955649724,-6.455931955649724,-6.455931955649724,-6.455931955649724,-6.455931955649724,-6.455931955649724,-6.455931955649724,-6.455931955649724,-6.455931955649724,-6.455931955649724,-6.455931955649724
-6.123438096839632,-6.0280224443809995,-6.026532312796326,-6.001421950521376,-6.026409428472517,-6.059668292054648,-6.113436211859502,-6.095500738193532,-6.012704527880314,-6.096213156614918,-6.04777110568151,-6.043379700725444,-6.13153801695543,-6.121432831110936,-6.152994531005565,-6.096514889972809,-6.068118472013017,-6.0741351329631685,-6.215811722404124,-6.114653293828592,-6.468521082957745,-6.468521082957745,-6.468521082957745,-6.468521082957745,-6.468521082957745,-6.468521082957745,-6.468521082957745,-6.468521082957745,-6.468521082957745,-6.468521082957745,-6.468521082957745,-6.468521082957745,-6.468521082957745,-6.468521082957745,-6.468521082957745,-6.468521082957745,-6.468521082957745,-6.468521082957745,-6.468521082957745,-6.468521082957745
-5.952715073042205,-5.995462074589957,-6.169594815021649,-5.972904300593252,-6.121823938576697,-6.0585028959368445,-6.20388082609415,-5.99681208488177,-6.007487690202186,-6.103638678641488,-6.110337623583688,-6.088442884575441,-6.224190257405953,-6.287066847278234,-6.184247519784678,-6.12897712192171,-6.189462204605271,-6.153782566465307,-6.39729084198678,-6.135194213712851,-5.958607314841775,-5.958607314841775,-5.958607314841775,-5.958607314841775,-5.958607314841775,-5.958607314841775,-5.958607314841775,-5.958607314841775,-5.958607314841775,-5.958607314841775,-5.958607314841775,-5.958607314841775,-5.958607314841775,-5.958607314841775,-5.958607314841775,-5.958607314841775,-5.958607314841775,-5.958607314841775,-5.958607314841775,-5.958607314841775
-5.356385468747855,-5.308254795862272,-6.171666575941351,-5.561062675839505,-5.859564175817825,-5.096494310464515,-5.934196224380682,-5.728452351823769,-5.702183695574037,-5.7502793300372925,-5.862976164775619,-5.4378832131525465,-5.687323017576685,-6.612243275434616,-5.844715076995146,-5.784263290975552,-5.95207563522947,-6.047036036270719,-6.2012020375528065,-5.842824696200186,-6.698970004336019,-6.698970004336019,-6.698970004336019,-6.698970004336019,-6.698970004336019,-6.698970004336019,-6.698970004336019,-6.698970004336019,-6.698970004336019,-6.698970004336019,-6.698970004336019,-6.698970004336019,-6.698970004336019,-6.698970004336019,-6.698970004336019,-6.698970004336019,-6.698970004336019,-6.698970004336019,-6.698970004336019,-6.698970004336019
-5.897658703278021,-5.906896760202944,-6.118430588828316,-5.809351456258073,-6.020777904233004,-6.018787062541432,-6.174493216439528,-5.892446627760586,-5.909961497925886,-6.045535822271306,-6.020301827454259,-6.037746329297721,-6.122432988482406,-6.3081724197723235,-6.230444902378343,-6.029469606574163,-6.08083141407752,-6.153991538390675,-6.410826246547337,-6.073422045957323,-6.958607314841775,-6.958607314841775,-6.958607314841775,-6.958607314841775,-6.958607314841775,-6.958607314841775,-6.958607314841775,-6.958607314841775,-6.958607314841775,-6.958607314841775,-6.958607314841775,-6.958607314841775,-6.958607314841775,-6.958607314841775,-6.958607314841775,-6.958607314841775,-6.958607314841775,-6.958607314841775,-6.958607314841775,-6.958607314841775
-5.936099137924858,-5.863501514218194,-5.8571799126342965,-5.867516511601338,-5.833774366479488,-5.859818497060419,-5.909423014701626,-5.916751896403299,-5.871687087706648,-5.935673337674635,-5.89736412850433,-5.862648200510105,-5.963221439158965,-5.915651861141074,-5.920247994894924,-5.957013660207231,-5.88597144751577,-5.8954389083082335,-5.983346617858793,-5.922589560262282,-6.795880017344075,-6.795880017344075,-6.795880017344075,-6.795880017344075,-6.795880017344075,-6.795880017344075,-6.795880017344075,-6.795880017344075,-6.795880017344075,-6.795880017344075,-6.795880017344075,-6.795880017344075,-6.795880017344075,-6.795880017344075,-6.795880017344075,-6.795880017344075,-6.795880017344075,-6.795880017344075,-6.795880017344075,-6.795880017344075
-6.049947754984136,-6.071381238210266,-6.184479706164949,-6.059915078093517,-6.102570638178755,-6.171764014475207,-6.143567445147102,-6.0715643318542085,-6.11970505071655,-6.13112607342218,-6.133256466478796,-6.133709478060865,-6.229344545522162,-6.222938490007883,-6.226469279190198,-6.186350619436722,-6.202550136204424,-6.242853002385766,-6.361367740902294,-6.200369180558035,-6.552841968657781,-6.552841968657781,-6.552841968657781,-6.552841968657781,-6.552841968657781,-6.552841968657781,-6.552841968657781,-6.552841968657781,-6.552841968657781,-6.552841968657781,-6.552841968657781,-6.552841968657781,-6.552841968657781,-6.552841968657781,-6.552841968657781,-6.552841968657781,-6.552841968657781,-6.552841968657781,-6.552841968657781,-6.552841968657781
-6.279643944915619,-6.26283644094741,-6.431524120620603,-6.367297182515278,-6.3823127423484065,-6.320127477293706,-6.406930740034876,-6.397312099406886,-6.358721492498066,-6.324021212813426,-6.339259149201035,-6.283580427383226,-6.410115413124908,-6.463001444111246,-6.358988172222189,-6.47615197624643,-6.466378431141613,-6.460582069687569,-6.564553079089726,-6.490093569782681,-6.508638306165727,-6.508638306165727,-6.508638306165727,-6.508638306165727,-6.508638306165727,-6.508638306165727,-6.508638306165727,-6.508638306165727,-6.508638306165727,-6.508638306165727,-6.508638306165727,-6.508638306165727,-6.508638306165727,-6.508638306165727,-6.508638306165727,-6.508638306165727,-6.508638306165727,-6.508638306165727,-6.508638306165727,-6.508638306165727
-5.505104046264278,-5.535389387848281,-5.642042840780934,-5.5512044194696495,-5.565420233353934,-5.584936018097608,-5.631468989739773,-5.546229569047303,-5.54565502202942,-5.498653988387215,-5.506305494705954,-5.553293816528895,-5.647792806325668,-5.53163660513073,-5.4837294063274244,-5.6090068119370375,-5.576415134104425,-5.467382402143879,-5.577910984738014,-5.52621315115629,-5.619788758288394,-5.619788758288394,-5.619788758288394,-5.619788758288394,-5.619788758288394,-5.619788758288394,-5.619788758288394,-5.619788758288394,-5.619788758288394,-5.619788758288394,-5.619788758288394,-5.619788758288394,-5.619788758288394,-5.619788758288394,-5.619788758288394,-5.619788758288394,-5.619788758288394,-5.619788758288394,-5.619788758288394,-5.619788758288394
-5.745647252073508,-5.592188597570638,-5.627024855492766,-5.585302781357997,-5.488069963376698,-5.626469930112881,-5.5504536809193175,-5.632655981698813,-5.48873804398021,-5.467149986962095,-5.453596960970533,-5.491848442446657,-5.470770209247268,-5.41886923787396,-5.584327411137901,-5.613918397190332,-5.473229460895322,-5.552737509861289,-5.601968669554742,-5.5024233859013005,-5.958607314841775,-5.958607314841775,-5.958607314841775,-5.958607314841775,-5.958607314841775,-5.958607314841775,-5.958607314841775,-5.958607314841775,-5.958607314841775,-5.958607314841775,-5.958607314841775,-5.958607314841775,-5.958607314841775,-5.958607314841775,-5.958607314841775,-5.958607314841775,-5.958607314841775,-5.958607314841775,-5.958607314841775,-5.958607314841775
-5.960275834620908,-5.827999902233112,-5.873568706851643,-5.923275167135281,-5.8698846311799855,-5.707471157641161,-5.902910297009217,-5.948009882111334,-5.703645832878898,-6.008941403886701,-6.004704343700343,-5.825721354051495,-5.946519168285535,-5.884719956409863,-5.8722715546078295,-6.009487493320011,-5.956733020822243,-5.909506395179886,-5.934660125743604,-5.872691587125401,-6.337242168318426,-6.337242168318426,-6.337242168318426,-6.337242168318426,-6.337242168318426,-6.337242168318426,-6.337242168318426,-6.337242168318426,-6.337242168318426,-6.337242168318426,-6.337242168318426,-6.337242168318426,-6.337242168318426,-6.337242168318426,-6.337242168318426,-6.337242168318426,-6.337242168318426,-6.337242168318426,-6.337242168318426,-6.337242168318426
-5.619737572981962,-5.488930448700953,-5.721541603733952,-5.58126972892861,-5.701180401227152,-5.647624526473284,-5.764230444521928,-5.630856653013014,-5.574318365008126,-5.624041959951806,-5.638053071754423,-5.5942949105299435,-5.8117890961684555,-5.702196893766669,-5.641260483534492,-5.716561853949076,-5.766095612472874,-5.609827486523412,-5.9688033129738844,-5.65799678336468,-6.356547323513812,-6.356547323513812,-6.356547323513812,-6.356547323513812,-6.356547323513812,-6.356547323513812,-6.356547323513812,-6.356547323513812,-6.356547323513812,-6.356547323513812,-6.356547323513812,-6.356547323513812,-6.356547323513812,-6.356547323513812,-6.356547323513812,-6.356547323513812,-6.356547323513812,-6.356547323513812,-6.356547323513812,-6.356547323513812
-5.841233010232342,-5.87792547572215,-5.893441907019386,-5.817561032782178,-5.7315465733155,-5.8476929441416905,-5.845591625581204,-5.810793640462999,-5.7385062584868205,-5.726144409207358,-5.691406893110914,-5.791788802163013,-5.781883226926726,-5.746034508824547,-5.8009846074087745,-5.891678734961863,-5.748832433484848,-5.791636676805205,-5.7824646560112924,-5.761685010129776,-6.0655015487564325,-6.0655015487564325,-6.0655015487564325,-6.0655015487564325,-6.0655015487564325,-6.0655015487564325,-6.0655015487564325,-6.0655015487564325,-6.0655015487564325,-6.0655015487564325,-6.0655015487564325,-6.0655015487564325,-6.0655015487564325,-6.0655015487564325,-6.0655015487564325,-6.0655015487564325,-6.0655015487564325,-6.0655015487564325,-6.0655015487564325,-6.0655015487564325
-5.650153683005879,-5.518098841532333,-5.755187660854124,-5.611861342080113,-5.733876168872281,-5.690371006970792,-5.791970913576629,-5.645946395517125,-5.6012938972667525,-5.6832619827636135,-5.6764510681023,-5.635208146636629,-5.834651735785511,-5.73054741821053,-5.676350748059559,-5.773580463928607,-5.805139734588717,-5.672546840124384,-6.014318427894961,-5.707959285040489,-6.366531544420414,-6.366531544420414,-6.366531544420414,-6.366531544420414,-6.366531544420414,-6.366531544420414,-6.366531544420414,-6.366531544420414,-6.366531544420414,-6.366531544420414,-6.366531544420414,-6.366531544420414,-6.366531544420414,-6.366531544420414,-6.366531544420414,-6.366531544420414,-6.366531544420414,-6.366531544420414,-6.366531544420414,-6.366531544420414
-5.724469055406888,-5.560206133534144,-5.699004099068732,-5.652891467961164,-5.714904973911273,-5.653833583117114,-5.726794171632845,-5.710794717322139,-5.611668370804867,-5.67623457622973,-5.669433893737404,-5.607820696690967,-5.75586850757051,-5.680039452893981,-5.6553230138820965,-5.74090521828547,-5.73611262347135,-5.651471412645382,-5.8844514712299425,-5.6942991475606455,-6.327902142064283,-6.327902142064283,-6.327902142064283,-6.327902142064283,-6.327902142064283,-6.327902142064283,-6.327902142064283,-6.327902142064283,-6.327902142064283,-6.327902142064283,-6.327902142064283,-6.327902142064283,-6.327902142064283,-6.327902142064283,-6.327902142064283,-6.327902142064283,-6.327902142064283,-6.327902142064283,-6.327902142064283,-6.327902142064283
-5.880973526291773,-5.760871075729392,-5.83852569803732,-5.855170105610252,-5.872994796608558,-5.76364823128616,-5.892344506438123,-5.870683687191714,-5.7220746267391185,-5.978848395302792,-5.935578931222402,-5.814241238883933,-5.974852944535623,-5.882204586524877,-5.847629779274604,-6.000252567846375,-5.978943038436449,-5.900672937466008,-6.009796406184326,-5.891582726309262,-6.1938200260161125,-6.1938200260161125,-6.1938200260161125,-6.1938200260161125,-6.1938200260161125,-6.1938200260161125,-6.1938200260161125,-6.1938200260161125,-6.1938200260161125,-6.1938200260161125,-6.1938200260161125,-6.1938200260161125,-6.1938200260161125,-6.1938200260161125,-6.1938200260161125,-6.1938200260161125,-6.1938200260161125,-6.1938200260161125,-6.1938200260161125,-6.1938200260161125
-5.833812136784987,-5.87487476606335,-5.8615304762737495,-5.774523839434171,-5.728415830662639,-5.904606542444082,-5.8717487953239385,-5.771638523392142,-5.752006608602719,-5.77972616715765,-5.725770401778124,-5.837195175016619,-5.9105243213559815,-5.791965557566859,-5.891226061731051,-5.9154130041241295,-5.822006737260045,-5.788049279292513,-5.9236786179121,-5.8020740874589345,-5.886056647693163,-5.886056647693163,-5.886056647693163,-5.886056647693163,-5.886056647693163,-5.886056647693163,-5.886056647693163,-5.886056647693163,-5.886056647693163,-5.886056647693163,-5.886056647693163,-5.886056647693163,-5.886056647693163,-5.886056647693163,-5.886056647693163,-5.886056647693163,-5.886056647693163,-5.886056647693163,-5.886056647693163,-5.886056647693163
-5.798198661704551,-5.827050568974231,-5.754094740191457,-5.718482056147114,-5.578692203831093,-5.771232018534329,-5.717516254324078,-5.726557663956446,-5.706018713049121,-5.638806913763414,-5.598824149852344,-5.724096236070311,-5.721810311413438,-5.663783110646248,-5.746889344504494,-5.76997578999942,-5.599842244945652,-5.6833603989679125,-5.66213198050382,-5.657506511053105,-6.221848749616356,-6.221848749616356,-6.221848749616356,-6.221848749616356,-6.221848749616356,-6.221848749616356,-6.221848749616356,-6.221848749616356,-6.221848749616356,-6.221848749616356,-6.221848749616356,-6.221848749616356,-6.221848749616356,-6.221848749616356,-6.221848749616356,-6.221848749616356,-6.221848749616356,-6.221848749616356,-6.221848749616356,-6.221848749616356
-5.835106186434934,-5.864044121637832,-5.756556645135438,-5.7456325660339465,-5.601213411409239,-5.862126064814608,-5.7603924828523105,-5.726217337706631,-5.749236331036246,-5.736341679503629,-5.6750887817022155,-5.804616749646677,-5.846378727114956,-5.678448190348468,-5.814622029452801,-5.8547474833235915,-5.669417879145314,-5.710025353744019,-5.766131775815015,-5.743477094253662,-6.318758762624412,-6.318758762624412,-6.318758762624412,-6.318758762624412,-6.318758762624412,-6.318758762624412,-6.318758762624412,-6.318758762624412,-6.318758762624412,-6.318758762624412,-6.318758762624412,-6.318758762624412,-6.318758762624412,-6.318758762624412,-6.318758762624412,-6.318758762624412,-6.318758762624412,-6.318758762624412,-6.318758762624412,-6.318758762624412
-5.83303929276978,-5.879367641878788,-5.871373686125329,-5.780820702246323,-5.726100278724059,-5.917297612670706,-5.87869882905955,-5.755333489019439,-5.754239225178189,-5.821518269651864,-5.752767790822661,-5.863353970493728,-5.93233936950491,-5.808207335657012,-5.901854046654742,-5.9551269685427,-5.830231380436735,-5.825046036442847,-5.9430689612009715,-5.828763559712795,-6.309803919971486,-6.309803919971486,-6.309803919971486,-6.309803919971486,-6.309803919971486,-6.309803919971486,-6.309803919971486,-6.309803919971486,-6.309803919971486,-6.309803919971486,-6.309803919971486,-6.309803919971486,-6.309803919971486,-6.309803919971486,-6.309803919971486,-6.309803919971486,-6.309803919971486,-6.309803919971486,-6.309803919971486,-6.309803919971486
-6.151878920381751,-6.2344099391953565,-6.209374423128267,-6.19801768584187,-6.177193168761488,-6.246012670879185,-6.203793283803212,-6.141894375184258,-6.221118882449892,-6.2317615938079225,-6.241760514274523,-6.238561614611181,-6.312481632743554,-6.19399411207343,-6.239773794688878,-6.253414247534718,-6.249961357294758,-6.241067697964347,-6.302152941322628,-6.250993722574437,-6.455931955649724,-6.455931955649724,-6.455931955649724,-6.455931955649724,-6.455931955649724,-6.455931955649724,-6.455931955649724,-6.455931955649724,-6.455931955649724,-6.455931955649724,-6.455931955649724,-6.455931955649724,-6.455931955649724,-6.455931955649724,-6.455931955649724,-6.455931955649724,-6.455931955649724,-6.455931955649724,-6.455931955649724,-6.455931955649724
-6.265517328926974,-6.251455678380319,-6.218880527593443,-6.251993023670303,-6.193107314560981,-6.14553692892051,-6.219461640894472,-6.282949660307383,-6.221356723502686,-6.2047682584399,-6.204719295242257,-6.194470568636743,-6.218188760290078,-6.212209005283349,-6.1940027295689495,-6.206929447098108,-6.19880907969234,-6.196336346244801,-6.180475813702684,-6.196259823176728,-6.366531544420414,-6.366531544420414,-6.366531544420414,-6.366531544420414,-6.366531544420414,-6.366531544420414,-6.366531544420414,-6.366531544420414,-6.366531544420414,-6.366531544420414,-6.366531544420414,-6.366531544420414,-6.366531544420414,-6.366531544420414,-6.366531544420414,-6.366531544420414,-6.366531544420414,-6.366531544420414,-6.366531544420414,-6.366531544420414
-6.147518724315499,-6.274909904769013,-6.342079785336089,-6.195905443628272,-6.312918781210793,-6.179600764329122,-6.340937553646742,-6.275858616409471,-6.107647815721477,-6.04523351377021,-6.107225819107522,-6.121857813442026,-6.137922957706632,-6.361830233773012,-6.292745765668967,-6.157104846702062,-6.323668252867937,-6.325974323734726,-6.301696910088002,-6.123037182558564,-6.2076083105017466,-6.2076083105017466,-6.2076083105017466,-6.2076083105017466,-6.2076083105017466,-6.2076083105017466,-6.2076083105017466,-6.2076083105017466,-6.2076083105017466,-6.2076083105017466,-6.2076083105017466,-6.2076083105017466,-6.2076083105017466,-6.2076083105017466,-6.2076083105017466,-6.2076083105017466,-6.2076083105017466,-6.2076083105017466,-6.2076083105017466,-6.2076083105017466
-6.2134476079310605,-6.34709238501383,-6.3828571432232275,-6.276935248110714,-6.342881971153161,-6.226076397611585,-6.377468041200559,-6.324877303960176,-6.1896905474494375,-6.138103567143042,-6.191875727988958,-6.201491017063438,-6.196942836715355,-6.385189436310607,-6.326601273295073,-6.223898831725874,-6.348035042602665,-6.363280662661289,-6.308953090608018,-6.189430346894409,-5.958607314841775,-5.958607314841775,-5.958607314841775,-5.958607314841775,-5.958607314841775,-5.958607314841775,-5.958607314841775,-5.958607314841775,-5.958607314841775,-5.958607314841775,-5.958607314841775,-5.958607314841775,-5.958607314841775,-5.958607314841775,-5.958607314841775,-5.958607314841775,-5.958607314841775,-5.958607314841775,-5.958607314841775,-5.958607314841775
-5.9679680897958125,-5.8464892203899,-5.819248077216743,-5.825527067476267,-5.765198427163519,-5.820046900572914,-5.810647015629403,-5.8487140261338615,-5.7620740239784665,-5.935750282815891,-5.893409567687722,-5.858394479058663,-5.90895601358164,-5.834520225643012,-5.926670525703672,-5.898769599307563,-5.84834461851723,-5.89589583151804,-5.896945576577134,-5.838521970426191,-6.3979400086720375,-6.3979400086720375,-6.3979400086720375,-6.3979400086720375,-6.3979400086720375,-6.3979400086720375,-6.3979400086720375,-6.3979400086720375,-6.3979400086720375,-6.3979400086720375,-6.3979400086720375,-6.3979400086720375,-6.3979400086720375,-6.3979400086720375,-6.3979400086720375,-6.3979400086720375,-6.3979400086720375,-6.3979400086720375,-6.3979400086720375,-6.3979400086720375
-5.8347170043131555,-5.904736002944599,-6.124040106324719,-5.869023487071017,-5.995514062846605,-5.990370198917764,-6.07937348994781,-5.853282509555005,-5.939083180739412,-6.038948178139465,-6.041763888258535,-6.032705888645609,-6.068009465529872,-6.171099470745813,-6.087873299985497,-6.017675757822435,-6.05642933512043,-6.109694355660289,-6.199652017931191,-6.037088652086701,-6.327902142064283,-6.327902142064283,-6.327902142064283,-6.327902142064283,-6.327902142064283,-6.327902142064283,-6.327902142064283,-6.327902142064283,-6.327902142064283,-6.327902142064283,-6.327902142064283,-6.327902142064283,-6.327902142064283,-6.327902142064283,-6.327902142064283,-6.327902142064283,-6.327902142064283,-6.327902142064283,-6.327902142064283,-6.327902142064283
-5.687879834972917,-5.602694476702179,-5.570335085184386,-5.429581101570213,-5.539404760959691,-5.876667356185088,-5.632226750373783,-5.375116934768426,-5.500852982416386,-5.884995281580543,-5.78784025654641,-5.828167885657849,-5.8192766270209155,-5.525010025641175,-5.899915804827063,-5.6999733505400085,-5.687721731743759,-5.728668536134383,-5.8884430122039255,-5.71903532649624,-6.522878745280337,-6.522878745280337,-6.522878745280337,-6.522878745280337,-6.522878745280337,-6.522878745280337,-6.522878745280337,-6.522878745280337,-6.522878745280337,-6.522878745280337,-6.522878745280337,-6.522878745280337,-6.522878745280337,-6.522878745280337,-6.522878745280337,-6.522878745280337,-6.522878745280337,-6.522878745280337,-6.522878745280337,-6.522878745280337
-6.381545635907639,-6.50344471326926,-6.500252112744207,-6.454078153107746,-6.427044822539875,-6.435335560802539,-6.48656089332645,-6.469705981102018,-6.459295469920377,-6.356426578719355,-6.4057111268950155,-6.41738091672167,-6.450037296591222,-6.460445521363044,-6.464298168037139,-6.400413580556518,-6.484521510101795,-6.457381892237343,-6.471796450006428,-6.400509178912342,-6.309803919971486,-6.309803919971486,-6.309803919971486,-6.309803919971486,-6.309803919971486,-6.309803919971486,-6.309803919971486,-6.309803919971486,-6.309803919971486,-6.309803919971486,-6.309803919971486,-6.309803919971486,-6.309803919971486,-6.309803919971486,-6.309803919971486,-6.309803919971486,-6.309803919971486,-6.309803919971486,-6.309803919971486,-6.309803919971486
-5.869045745550493,-5.7790386272498235,-5.814828349624482,-5.83715339127918,-5.843797308253244,-5.783410567577654,-5.842269166001309,-5.859330019199955,-5.784229116390976,-5.8971856715155,-5.879399372623373,-5.7935435949922915,-5.89571649720563,-5.821326785318135,-5.8187908216317386,-5.90785156343744,-5.8854935838214555,-5.845490321129742,-5.9280625975831756,-5.860634175266223,-6.2076083105017466,-6.2076083105017466,-6.2076083105017466,-6.2076083105017466,-6.2076083105017466,-6.2076083105017466,-6.2076083105017466,-6.2076083105017466,-6.2076083105017466,-6.2076083105017466,-6.2076083105017466,-6.2076083105017466,-6.2076083105017466,-6.2076083105017466,-6.2076083105017466,-6.2076083105017466,-6.2076083105017466,-6.2076083105017466,-6.2076083105017466,-6.2076083105017466
-5.975279666370972,-5.96746448539919,-5.9620203844001045,-5.9903300084977,-5.9408645547099095,-5.927951749742023,-5.961575946379464,-5.985832546736091,-5.972216928759711,-6.0134159230621185,-6.007818848499853,-5.958313261796052,-6.007874301981091,-5.955369180749456,-5.93907007322342,-6.015902870209291,-5.964510345134334,-5.978605196861876,-5.972305937786932,-5.98291241684825,-6.2076083105017466,-6.2076083105017466,-6.2076083105017466,-6.2076083105017466,-6.2076083105017466,-6.2076083105017466,-6.2076083105017466,-6.2076083105017466,-6.2076083105017466,-6.2076083105017466,-6.2076083105017466,-6.2076083105017466,-6.2076083105017466,-6.2076083105017466,-6.2076083105017466,-6.2076083105017466,-6.2076083105017466,-6.2076083105017466,-6.2076083105017466,-6.2076083105017466
-6.204750525205079,-6.170677952807446,-6.137762549873819,-6.215740060457877,-6.178864192880708,-6.063913430066175,-6.16045802959056,-6.266159386818588,-6.119389111429932,-6.140746068494861,-6.149904045834467,-6.0970158521317455,-6.161984134295589,-6.130236294590938,-6.1100904401126,-6.164706719099456,-6.165735590218999,-6.115870399406296,-6.157418225767122,-6.137163117689769,-5.920818753952375,-5.920818753952375,-5.920818753952375,-5.920818753952375,-5.920818753952375,-5.920818753952375,-5.920818753952375,-5.920818753952375,-5.920818753952375,-5.920818753952375,-5.920818753952375,-5.920818753952375,-5.920818753952375,-5.920818753952375,-5.920818753952375,-5.920818753952375,-5.920818753952375,-5.920818753952375,-5.920818753952375,-5.920818753952375
-6.037932971114763,-6.171613084603982,-6.260895837184122,-6.0947253349760135,-6.234242988892791,-6.12100613461555,-6.238488016434931,-6.136944215642018,-6.023068938497957,-6.029553577143787,-6.076724237577158,-6.093610417261214,-6.1114336609153135,-6.285878266259176,-6.22809953091782,-6.10495051926785,-6.249594764509792,-6.266182643125224,-6.278963911110086,-6.071620064319006,-6.508638306165727,-6.508638306165727,-6.508638306165727,-6.508638306165727,-6.508638306165727,-6.508638306165727,-6.508638306165727,-6.508638306165727,-6.508638306165727,-6.508638306165727,-6.508638306165727,-6.508638306165727,-6.508638306165727,-6.508638306165727,-6.508638306165727,-6.508638306165727,-6.508638306165727,-6.508638306165727,-6.508638306165727,-6.508638306165727
-5.916623036444931,-6.015908821083135,-5.9015899902554985,-5.957802012040282,-5.926809528448574,-5.887939335090894,-5.907525125538929,-5.993901212825694,-5.8737664080670635,-5.823021440247434,-5.847614920800039,-5.870377569525231,-5.810787861671882,-5.838730226071604,-5.847803947803907,-5.856962919262774,-5.851584880319933,-5.9007442142908095,-5.714332781283154,-5.811915604984663,-5.619788758288394,-5.619788758288394,-5.619788758288394,-5.619788758288394,-5.619788758288394,-5.619788758288394,-5.619788758288394,-5.619788758288394,-5.619788758288394,-5.619788758288394,-5.619788758288394,-5.619788758288394,-5.619788758288394,-5.619788758288394,-5.619788758288394,-5.619788758288394,-5.619788758288394,-5.619788758288394,-5.619788758288394,-5.619788758288394
-5.78586743367347,-5.830716031938245,-5.556802662326243,-5.847249616810663,-5.651043017683177,-5.798572385566687,-5.701139385275353,-5.679296860960889,-5.825940815685363,-5.759543735588469,-5.862489795583933,-5.716167901767678,-5.921660100859147,-5.5024851404238975,-5.597083709878925,-5.888446574957566,-5.778123076962491,-5.586970831914361,-5.673434980195904,-5.8001152570161185,-6.236572006437063,-6.236572006437063,-6.236572006437063,-6.236572006437063,-6.236572006437063,-6.236572006437063,-6.236572006437063,-6.236572006437063,-6.236572006437063,-6.236572006437063,-6.236572006437063,-6.236572006437063,-6.236572006437063,-6.236572006437063,-6.236572006437063,-6.236572006437063,-6.236572006437063,-6.236572006437063,-6.236572006437063,-6.236572006437063
-6.114672170153748,-6.24487082199776,-6.351787912920939,-6.21702118808949,-6.3347828491738465,-6.266088312338158,-6.347706818535783,-6.221947191052143,-6.200480834832262,-6.213418083675367,-6.221382540868748,-6.2270080544899935,-6.316989806376093,-6.384840300576137,-6.331166071897416,-6.301102371955422,-6.423224345897666,-6.368188974845461,-6.438399811947851,-6.282191473830471,-6.275724130399211,-6.275724130399211,-6.275724130399211,-6.275724130399211,-6.275724130399211,-6.275724130399211,-6.275724130399211,-6.275724130399211,-6.275724130399211,-6.275724130399211,-6.275724130399211,-6.275724130399211,-6.275724130399211,-6.275724130399211,-6.275724130399211,-6.275724130399211,-6.275724130399211,-6.275724130399211,-6.275724130399211,-6.275724130399211
-6.224792781780978,-6.136226773097027,-6.032859224632363,-6.191497627782856,-6.066439587204452,-6.078790831011421,-6.087011539168228,-6.174657445851095,-6.107125290309414,-6.20429932050493,-6.187779463075238,-6.123503585726117,-6.238849817121973,-6.000186570411243,-6.048278459745872,-6.209276670927117,-6.104758545676822,-6.0383782057523865,-6.0948724723707555,-6.154275913522518,-6.161150909262744,-6.161150909262744,-6.161150909262744,-6.161150909262744,-6.161150909262744,-6.161150909262744,-6.161150909262744,-6.161150909262744,-6.161150909262744,-6.161150909262744,-6.161150909262744,-6.161150909262744,-6.161150909262744,-6.161150909262744,-6.161150909262744,-6.161150909262744,-6.161150909262744,-6.161150909262744,-6.161150909262744,-6.161150909262744
-6.159451440066805,-5.861956953966827,-5.7593085445732655,-6.0017377421650515,-5.798082325924053,-5.7022392329050495,-5.783139433540173,-5.027427940818128,-5.659208353383853,-5.786029540830606,-5.919109901237864,-5.764306077623852,-5.933325730545634,-5.818083569668802,-5.851807965970741,-6.1313236552051285,-5.886465807802969,-5.938457834360892,-5.87076678394045,-5.917853807337808,-5.920818753952375,-5.920818753952375,-5.920818753952375,-5.920818753952375,-5.920818753952375,-5.920818753952375,-5.920818753952375,-5.920818753952375,-5.920818753952375,-5.920818753952375,-5.920818753952375,-5.920818753952375,-5.920818753952375,-5.920818753952375,-5.920818753952375,-5.920818753952375,-5.920818753952375,-5.920818753952375,-5.920818753952375,-5.920818753952375
-5.832257532520983,-5.920997650974613,-5.98303410434799,-5.873496510192793,-6.026353996414251,-5.851127257823661,-5.9686094468293875,-5.931725397971119,-5.828165095212851,-5.750769159223866,-5.881584603738466,-5.864335251551949,-5.871110967295357,-5.998581099385868,-5.91111158336456,-5.844392456468943,-5.910794265204344,-5.921938745328633,-5.9666415539954345,-5.866894955024512,-6.481486060122113,-6.481486060122113,-6.481486060122113,-6.481486060122113,-6.481486060122113,-6.481486060122113,-6.481486060122113,-6.481486060122113,-6.481486060122113,-6.481486060122113,-6.481486060122113,-6.481486060122113,-6.481486060122113,-6.481486060122113,-6.481486060122113,-6.481486060122113,-6.481486060122113,-6.481486060122113,-6.481486060122113,-6.481486060122113
-5.812284330624065,-5.932786370782462,-5.955983244049429,-5.8766460462734615,-5.988861831301576,-5.830582159370178,-5.9387994661029495,-5.95020528350776,-5.827857095150277,-5.731178820711071,-5.875126427419023,-5.861426418457793,-5.831639641610827,-5.947414706309654,-5.860995889470197,-5.823563150867688,-5.848880541465059,-5.892428607228552,-5.862810142047558,-5.840593782968301,-6.167491087293763,-6.167491087293763,-6.167491087293763,-6.167491087293763,-6.167491087293763,-6.167491087293763,-6.167491087293763,-6.167491087293763,-6.167491087293763,-6.167491087293763,-6.167491087293763,-6.167491087293763,-6.167491087293763,-6.167491087293763,-6.167491087293763,-6.167491087293763,-6.167491087293763,-6.167491087293763,-6.167491087293763,-6.167491087293763
-6.121330711975672,-5.974709222270822,-6.117419818612743,-5.9951632222179905,-6.1421844445297955,-6.163110935166093,-6.166864509317809,-5.96076040499217,-5.972747536573308,-6.069183218662932,-6.04721083971709,-6.041322912578974,-6.197989773776505,-6.095111250548016,-5.8320373030141335,-6.222711405676614,-6.280872730246305,-6.24566437395914,-6.440407320907058,-6.172991834133843,-6.091514981121351,-6.091514981121351,-6.091514981121351,-6.091514981121351,-6.091514981121351,-6.091514981121351,-6.091514981121351,-6.091514981121351,-6.091514981121351,-6.091514981121351,-6.091514981121351,-6.091514981121351,-6.091514981121351,-6.091514981121351,-6.091514981121351,-6.091514981121351,-6.091514981121351,-6.091514981121351,-6.091514981121351,-6.091514981121351
-5.8518034706245174,-6.058197071397643,-5.989912828405068,-6.069184183213479,-5.991890808018621,-5.998839173206379,-6.010750474958644,-6.078097960413947,-6.077859589632397,-6.089657024804667,-6.081343750269543,-6.057740857102356,-6.116944005069317,-5.952972943864191,-5.30095016769768,-6.070996423561653,-6.000738718290847,-6.000068936445183,-6.029054703424887,-6.0637459797694255,-6.075720713938118,-6.075720713938118,-6.075720713938118,-6.075720713938118,-6.075720713938118,-6.075720713938118,-6.075720713938118,-6.075720713938118,-6.075720713938118,-6.075720713938118,-6.075720713938118,-6.075720713938118,-6.075720713938118,-6.075720713938118,-6.075720713938118,-6.075720713938118,-6.075720713938118,-6.075720713938118,-6.075720713938118,-6.075720713938118
-5.9721947889168385,-6.159529526164119,-6.121695901833649,-6.195334351521328,-6.148473075678303,-6.115076131540886,-6.158686618010564,-6.217865690876311,-6.161706593201378,-6.175798428009804,-6.164195348405075,-6.13992363043585,-6.208199739748916,-6.1017407679427285,-5.495719125141999,-6.207994742963871,-6.162612135589287,-6.15112194953894,-6.1752446547807915,-6.167436686057382,-6.356547323513812,-6.356547323513812,-6.356547323513812,-6.356547323513812,-6.356547323513812,-6.356547323513812,-6.356547323513812,-6.356547323513812,-6.356547323513812,-6.356547323513812,-6.356547323513812,-6.356547323513812,-6.356547323513812,-6.356547323513812,-6.356547323513812,-6.356547323513812,-6.356547323513812,-6.356547323513812,-6.356547323513812,-6.356547323513812
-5.898692181770658,-5.9869783317079,-6.004079167082315,-5.974458575554824,-5.973207418942317,-6.074225583389664,-5.987511889632438,-5.938791930961363,-6.012883877155082,-6.005533474899913,-6.0326522329911,-6.006553814602665,-6.108839991564007,-5.987293062306145,-6.016269279093665,-6.0711683756071135,-6.0427394195513635,-6.054218146653354,-6.125146593451615,-6.068949005592445,-5.886056647693163,-5.886056647693163,-5.886056647693163,-5.886056647693163,-5.886056647693163,-5.886056647693163,-5.886056647693163,-5.886056647693163,-5.886056647693163,-5.886056647693163,-5.886056647693163,-5.886056647693163,-5.886056647693163,-5.886056647693163,-5.886056647693163,-5.886056647693163,-5.886056647693163,-5.886056647693163,-5.886056647693163,-5.886056647693163
-6.011577558072672,-6.024756199110653,-6.070832232719437,-6.035445562628456,-6.057419299949021,-5.992398118662529,-6.070750448897206,-6.025702175372214,-6.017861171777947,-6.060403555572437,-6.066608881558826,-6.019889377009351,-6.057420282644679,-6.074044107488905,-6.036805654111701,-6.058450459242532,-6.063020405651347,-6.054200432666051,-6.100588458372164,-6.053195887580767,-6.292429823902063,-6.292429823902063,-6.292429823902063,-6.292429823902063,-6.292429823902063,-6.292429823902063,-6.292429823902063,-6.292429823902063,-6.292429823902063,-6.292429823902063,-6.292429823902063,-6.292429823902063,-6.292429823902063,-6.292429823902063,-6.292429823902063,-6.292429823902063,-6.292429823902063,-6.292429823902063,-6.292429823902063,-6.292429823902063
-5.523568231551538,-5.640618492296286,-5.639606114273024,-5.632365065901556,-5.638270556799564,-5.660573647969939,-5.670172663281117,-5.637547976130621,-5.607342259772221,-5.562512421118579,-5.629631628915913,-5.583727974653801,-5.741035024442158,-5.646516525986263,-5.615488204059319,-5.68992802410663,-5.692548374295748,-5.649282399343605,-5.654108411831601,-5.627686793598203,-6.0,-6.0,-6.0,-6.0,-6.0,-6.0,-6.0,-6.0,-6.0,-6.0,-6.0,-6.0,-6.0,-6.0,-6.0,-6.0,-6.0,-6.0,-6.0,-6.0
-6.199339285111612,-6.275123575300003,-6.258180664048094,-6.253047378595688,-6.223376095662519,-6.20947165052289,-6.254480246955042,-6.243245990331651,-6.227239068174579,-6.189989092129007,-6.228137168563601,-6.202473966256215,-6.243246112788023,-6.2306883562138715,-6.234205475517847,-6.227240933070259,-6.253464717228746,-6.244483551330391,-6.249050038947022,-6.215128958479514,-6.275724130399211,-6.275724130399211,-6.275724130399211,-6.275724130399211,-6.275724130399211,-6.275724130399211,-6.275724130399211,-6.275724130399211,-6.275724130399211,-6.275724130399211,-6.275724130399211,-6.275724130399211,-6.275724130399211,-6.275724130399211,-6.275724130399211,-6.275724130399211,-6.275724130399211,-6.275724130399211,-6.275724130399211,-6.275724130399211
-6.069223478238128,-6.078255406561313,-5.981609323265744,-6.087534448063628,-6.003990665778196,-5.99195038036498,-6.002736007345664,-6.083360679403911,-5.982945757309202,-5.999429390415061,-6.016169208080042,-5.98524550547771,-6.007123137018573,-5.935385761851957,-5.960013649921019,-6.030525772415028,-5.99750823402599,-5.978970668158373,-5.917256883898483,-5.972203284978805,-6.221848749616356,-6.221848749616356,-6.221848749616356,-6.221848749616356,-6.221848749616356,-6.221848749616356,-6.221848749616356,-6.221848749616356,-6.221848749616356,-6.221848749616356,-6.221848749616356,-6.221848749616356,-6.221848749616356,-6.221848749616356,-6.221848749616356,-6.221848749616356,-6.221848749616356,-6.221848749616356,-6.221848749616356,-6.221848749616356
-5.8928808699607895,-5.92548442657362,-6.038982144609859,-5.686654863828195,-5.840679396296309,-6.000301553686225,-6.037286078902128,-5.8006540039156596,-5.687162598330241,-5.766061979522069,-5.71198388253809,-5.929041580680417,-5.842988070662503,-6.057789720220805,-6.13879950852406,-5.8328134043939315,-5.847954558292739,-6.005431076401418,-6.095742190311441,-5.802672062930927,-6.0,-6.0,-6.0,-6.0,-6.0,-6.0,-6.0,-6.0,-6.0,-6.0,-6.0,-6.0,-6.0,-6.0,-6.0,-6.0,-6.0,-6.0,-6.0,-6.0
-5.899022048054269,-5.8627134201468545,-6.014153185000607,-5.778977898028001,-5.885817379403126,-5.92492299799538,-6.000746223347297,-5.879340180010592,-5.710441450466503,-5.71272010184589,-5.727085106547284,-5.839577129858372,-5.826336180725974,-5.91339930708714,-5.961579501026701,-5.825446586743138,-5.857774495085544,-5.864423410072492,-6.014162728176237,-5.794061177007642,-6.017728766960432,-6.017728766960432,-6.017728766960432,-6.017728766960432,-6.017728766960432,-6.017728766960432,-6.017728766960432,-6.017728766960432,-6.017728766960432,-6.017728766960432,-6.017728766960432,-6.017728766960432,-6.017728766960432,-6.017728766960432,-6.017728766960432,-6.017728766960432,-6.017728766960432,-6.017728766960432,-6.017728766960432,-6.017728766960432
-5.818931504717856,-5.858482903706437,-5.9760486134749975,-5.57939715887522,-5.781231882908774,-5.923342703956491,-5.973346132344172,-5.7293668227664645,-5.60442403026557,-5.669315068359984,-5.613923393768503,-5.845826382606525,-5.743995239780304,-6.032714796952457,-6.112975437338049,-5.7190484633582495,-5.783571204018197,-5.954695790271548,-6.041911569741502,-5.700801558720773,-6.229147988357856,-6.229147988357856,-6.229147988357856,-6.229147988357856,-6.229147988357856,-6.229147988357856,-6.229147988357856,-6.229147988357856,-6.229147988357856,-6.229147988357856,-6.229147988357856,-6.229147988357856,-6.229147988357856,-6.229147988357856,-6.229147988357856,-6.229147988357856,-6.229147988357856,-6.229147988357856,-6.229147988357856,-6.229147988357856
-5.817449187687682,-5.844227990706619,-5.9905612045648455,-5.664001739761875,-5.800564928530904,-5.873444187461808,-5.939703548516933,-5.774381254443266,-5.632342756020388,-5.666327441736296,-5.64279040429577,-5.809393365845988,-5.708857861506517,-5.947303090864761,-5.993992624450024,-5.743830419009088,-5.782954338433868,-5.909981583734417,-5.938772119359044,-5.700391512134039,-6.698970004336019,-6.698970004336019,-6.698970004336019,-6.698970004336019,-6.698970004336019,-6.698970004336019,-6.698970004336019,-6.698970004336019,-6.698970004336019,-6.698970004336019,-6.698970004336019,-6.698970004336019,-6.698970004336019,-6.698970004336019,-6.698970004336019,-6.698970004336019,-6.698970004336019,-6.698970004336019,-6.698970004336019,-6.698970004336019
-6.075301242540052,-6.076439406524397,-6.109114199450118,-6.09211979772432,-6.0833261434223065,-5.999861583015019,-6.109199465272213,-6.139579146746445,-6.0358879839647495,-6.089608412741223,-6.078075198387509,-6.034879159728259,-6.0788743682414115,-6.132373063758676,-6.077144329047792,-6.114796544744697,-6.1028614331287985,-6.120624645739621,-6.116209688598543,-6.068668794884282,-6.187086643357144,-6.187086643357144,-6.187086643357144,-6.187086643357144,-6.187086643357144,-6.187086643357144,-6.187086643357144,-6.187086643357144,-6.187086643357144,-6.187086643357144,-6.187086643357144,-6.187086643357144,-6.187086643357144,-6.187086643357144,-6.187086643357144,-6.187086643357144,-6.187086643357144,-6.187086643357144,-6.187086643357144,-6.187086643357144
-6.071640650013062,-6.119655164315786,-6.095982985528786,-6.1205396715236215,-6.067084221313049,-6.192221392322298,-6.092074510115764,-6.004402985402167,-6.159926561974919,-6.2332626133511235,-6.2320143054596135,-6.212313663585296,-6.238444325720052,-6.0219997002012375,-6.08527316413982,-6.210532891835231,-6.069169545294295,-6.107244081925548,-6.15366734587131,-6.243705838600259,-6.698970004336019,-6.698970004336019,-6.698970004336019,-6.698970004336019,-6.698970004336019,-6.698970004336019,-6.698970004336019,-6.698970004336019,-6.698970004336019,-6.698970004336019,-6.698970004336019,-6.698970004336019,-6.698970004336019,-6.698970004336019,-6.698970004336019,-6.698970004336019,-6.698970004336019,-6.698970004336019,-6.698970004336019,-6.698970004336019
-6.355113056490053,-6.430670564490526,-6.480839053973168,-6.434379436097389,-6.41242805007437,-6.367267523313838,-6.4501477575311705,-6.441178080517174,-6.434107497382983,-6.353467640740718,-6.383808926568467,-6.375023448330964,-6.402384805280042,-6.4728524284068145,-6.417928305643792,-6.410748872050012,-6.447296163139879,-6.44032913392064,-6.435577345983318,-6.4214370074519325,-6.481486060122113,-6.481486060122113,-6.481486060122113,-6.481486060122113,-6.481486060122113,-6.481486060122113,-6.481486060122113,-6.481486060122113,-6.481486060122113,-6.481486060122113,-6.481486060122113,-6.481486060122113,-6.481486060122113,-6.481486060122113,-6.481486060122113,-6.481486060122113,-6.481486060122113,-6.481486060122113,-6.481486060122113,-6.481486060122113
-5.959453243012873,-6.032459153160567,-6.275833130961279,-6.074295201526736,-6.236012149413655,-6.213274385220184,-6.3034882253368725,-6.093703839055201,-6.0034323130554546,-6.201525300807389,-6.212483599896335,-6.143981448651329,-6.232279248035486,-6.246885785093852,-6.214997765874925,-6.313395658426025,-6.334507505429047,-6.31632515613801,-6.456387514540509,-6.259190267745886,-6.3872161432802645,-6.3872161432802645,-6.3872161432802645,-6.3872161432802645,-6.3872161432802645,-6.3872161432802645,-6.3872161432802645,-6.3872161432802645,-6.3872161432802645,-6.3872161432802645,-6.3872161432802645,-6.3872161432802645,-6.3872161432802645,-6.3872161432802645,-6.3872161432802645,-6.3872161432802645,-6.3872161432802645,-6.3872161432802645,-6.3872161432802645,-6.3872161432802645
-5.945421159723693,-5.93105564743726,-5.975542232756901,-5.933600471829652,-5.967675097377751,-5.95632849883675,-5.992958179068217,-5.928385670805488,-5.93542557957891,-6.007020231248773,-6.0005084844227685,-5.9452723656623805,-6.037118812440668,-6.003556308943313,-6.01644849136825,-6.018142128163453,-6.027990710224096,-6.002245222711548,-6.106314317481008,-6.007224643807679,-6.7447274948966935,-6.7447274948966935,-6.7447274948966935,-6.7447274948966935,-6.7447274948966935,-6.7447274948966935,-6.7447274948966935,-6.7447274948966935,-6.7447274948966935,-6.7447274948966935,-6.7447274948966935,-6.7447274948966935,-6.7447274948966935,-6.7447274948966935,-6.7447274948966935,-6.7447274948966935,-6.7447274948966935,-6.7447274948966935,-6.7447274948966935,-6.7447274948966935
-5.4802522677698455,-5.416293050911723,-5.522238609989111,-5.48533215327289,-5.136110103458217,-5.80977859544788,-5.145266985082732,-5.535677679236621,-5.4101096796835435,-5.156731089915896,-5.233268057945565,-5.179038169808918,-5.3963081419112875,-5.7561691122153364,-5.0587073963569,-5.308245861134131,-5.093503494529089,-5.396641363271423,-5.350324942341265,-5.214723992913152,-6.337242168318426,-6.337242168318426,-6.337242168318426,-6.337242168318426,-6.337242168318426,-6.337242168318426,-6.337242168318426,-6.337242168318426,-6.337242168318426,-6.337242168318426,-6.337242168318426,-6.337242168318426,-6.337242168318426,-6.337242168318426,-6.337242168318426,-6.337242168318426,-6.337242168318426,-6.337242168318426,-6.337242168318426,-6.337242168318426
-5.506738835005408,-5.406464204340322,-5.403766119490184,-5.408162746092778,-5.308350458003414,-5.44506803352134,-5.291641616740385,-5.479912862111279,-5.35416273075553,-5.327911372597837,-5.347273434522188,-5.281165885195847,-5.400979586488956,-5.505813346503604,-5.348806754700877,-5.381977440928849,-5.314537784368633,-5.23724345247897,-5.256373031625868,-5.324095455260582,-6.552841968657781,-6.552841968657781,-6.552841968657781,-6.552841968657781,-6.552841968657781,-6.552841968657781,-6.552841968657781,-6.552841968657781,-6.552841968657781,-6.552841968657781,-6.552841968657781,-6.552841968657781,-6.552841968657781,-6.552841968657781,-6.552841968657781,-6.552841968657781,-6.552841968657781,-6.552841968657781,-6.552841968657781,-6.552841968657781
-5.555509209962762,-5.511837713622792,-5.66122357568763,-5.537185586100712,-5.312093823192583,-5.877978975738067,-5.310367992383025,-5.599748594558102,-5.458831119541511,-5.282819940677595,-5.345744386275592,-5.315819599752261,-5.484970471253669,-5.762032894541718,-5.2717441274995664,-5.4038201605485785,-5.290483650267118,-5.466319643870962,-5.438257615461547,-5.321806125403616,-6.309803919971486,-6.309803919971486,-6.309803919971486,-6.309803919971486,-6.309803919971486,-6.309803919971486,-6.309803919971486,-6.309803919971486,-6.309803919971486,-6.309803919971486,-6.309803919971486,-6.309803919971486,-6.309803919971486,-6.309803919971486,-6.309803919971486,-6.309803919971486,-6.309803919971486,-6.309803919971486,-6.309803919971486,-6.309803919971486
-5.495478033570098,-5.386170720127383,-5.5371056353026,-5.398539313445258,-5.270158682766298,-5.610608684598635,-5.265816706232948,-5.477352838625748,-5.329605716839827,-5.25770512991942,-5.298693239573439,-5.25582540740169,-5.422031035386847,-5.623432398262873,-5.289658008650538,-5.343382096833567,-5.275661634570428,-5.325801661082356,-5.311350528671936,-5.279062883117167,-6.013228265733755,-6.013228265733755,-6.013228265733755,-6.013228265733755,-6.013228265733755,-6.013228265733755,-6.013228265733755,-6.013228265733755,-6.013228265733755,-6.013228265733755,-6.013228265733755,-6.013228265733755,-6.013228265733755,-6.013228265733755,-6.013228265733755,-6.013228265733755,-6.013228265733755,-6.013228265733755,-6.013228265733755,-6.013228265733755
-5.793109356184405,-5.842872478510189,-5.992379871222062,-5.662079115638759,-5.887480312550658,-5.895450726534375,-6.060448631187913,-5.818902108876923,-5.79848647712856,-5.8430631858194815,-5.813058618444192,-5.896456343085625,-5.97707562774396,-6.171749628061166,-6.189403652945422,-5.8340768690478475,-5.979572568774984,-6.017508049416344,-6.278308436922285,-5.860711774178708,-6.42021640338319,-6.42021640338319,-6.42021640338319,-6.42021640338319,-6.42021640338319,-6.42021640338319,-6.42021640338319,-6.42021640338319,-6.42021640338319,-6.42021640338319,-6.42021640338319,-6.42021640338319,-6.42021640338319,-6.42021640338319,-6.42021640338319,-6.42021640338319,-6.42021640338319,-6.42021640338319,-6.42021640338319,-6.42021640338319
-5.7748158656422905,-5.813673573883462,-5.969249038955792,-5.788468353959702,-5.889464179854073,-5.902729180863083,-5.9544696451998975,-5.8087068954895535,-5.858330612929787,-5.952079421418817,-5.968669241240965,-5.917229326222531,-5.968419741967559,-5.9996430705708965,-5.982629077989917,-5.927213080190492,-5.955146731970287,-5.9719038022703055,-6.080550039105395,-5.945176147639156,-6.031517051446065,-6.031517051446065,-6.031517051446065,-6.031517051446065,-6.031517051446065,-6.031517051446065,-6.031517051446065,-6.031517051446065,-6.031517051446065,-6.031517051446065,-6.031517051446065,-6.031517051446065,-6.031517051446065,-6.031517051446065,-6.031517051446065,-6.031517051446065,-6.031517051446065,-6.031517051446065,-6.031517051446065,-6.031517051446065
-6.0860567138362756,-6.155658839296463,-6.328068427450028,-6.14960078404292,-6.241270614252985,-6.200346890047078,-6.296065587474826,-6.155735808203315,-6.158337096481239,-6.199672097367184,-6.2118658128232145,-6.172603565641858,-6.258709029499953,-6.354928742812122,-6.3100910503983565,-6.268674842870455,-6.35113065404595,-6.350971717097498,-6.446343309480961,-6.260723482901137,-6.42021640338319,-6.42021640338319,-6.42021640338319,-6.42021640338319,-6.42021640338319,-6.42021640338319,-6.42021640338319,-6.42021640338319,-6.42021640338319,-6.42021640338319,-6.42021640338319,-6.42021640338319,-6.42021640338319,-6.42021640338319,-6.42021640338319,-6.42021640338319,-6.42021640338319,-6.42021640338319,-6.42021640338319,-6.42021640338319
-6.070216739264394,-6.072967204289713,-5.850728802790976,-6.135054272834676,-5.89703473551143,-5.9897196410919245,-5.929409033093613,-6.0871075504083825,-6.086556638964539,-6.038298447976653,-6.062969754099888,-5.975330919689232,-6.135594613657035,-5.811466073930972,-5.878550948418897,-6.113457914080803,-5.93579418489613,-5.883780266048006,-5.878397702943747,-6.057437807441066,-6.721246399047171,-6.721246399047171,-6.721246399047171,-6.721246399047171,-6.721246399047171,-6.721246399047171,-6.721246399047171,-6.721246399047171,-6.721246399047171,-6.721246399047171,-6.721246399047171,-6.721246399047171,-6.721246399047171,-6.721246399047171,-6.721246399047171,-6.721246399047171,-6.721246399047171,-6.721246399047171,-6.721246399047171,-6.721246399047171
-6.303698066508256,-6.356729608993945,-6.363249686206268,-6.368945671062836,-6.301769151560766,-6.3781727162871595,-6.376980379002123,-6.306366180077857,-6.358882387042975,-6.417547142836913,-6.421551378721401,-6.388087713111177,-6.453389233074642,-6.30349529980146,-6.349328815386598,-6.4404367962456215,-6.381147197156353,-6.367705510191551,-6.428784059687486,-6.428866529569721,-6.455931955649724,-6.455931955649724,-6.455931955649724,-6.455931955649724,-6.455931955649724,-6.455931955649724,-6.455931955649724,-6.455931955649724,-6.455931955649724,-6.455931955649724,-6.455931955649724,-6.455931955649724,-6.455931955649724,-6.455931955649724,-6.455931955649724,-6.455931955649724,-6.455931955649724,-6.455931955649724,-6.455931955649724,-6.455931955649724
-5.985700915102163,-5.305674419942889,-6.231319148459415,-5.983491342758476,-6.186621078745682,-6.179634768358161,-6.1739250447079845,-6.167928722747014,-6.258106066840684,-5.846301445518093,-5.726151127776883,-6.225976373425154,-5.524062351315411,-6.181068242298404,-6.1816794755365025,-5.6691239203986274,-6.1331135688408915,-6.197705091579697,-6.150660159139234,-5.505605910044177,-6.017728766960432,-6.017728766960432,-6.017728766960432,-6.017728766960432,-6.017728766960432,-6.017728766960432,-6.017728766960432,-6.017728766960432,-6.017728766960432,-6.017728766960432,-6.017728766960432,-6.017728766960432,-6.017728766960432,-6.017728766960432,-6.017728766960432,-6.017728766960432,-6.017728766960432,-6.017728766960432,-6.017728766960432,-6.017728766960432
-6.2465139310624185,-6.330709522933649,-6.263693604113517,-6.363886423710773,-6.20886459330178,-6.480719143346953,-6.306853161836793,-6.213795050746742,-6.360384967142189,-6.423700532114565,-6.433348368957756,-6.416337242116572,-6.5203017701750765,-6.134198992392533,-6.2790881300137125,-6.504410097636783,-6.364466844096919,-6.322998401369505,-6.407027444435394,-6.45312516587295,-6.4089353929735005,-6.4089353929735005,-6.4089353929735005,-6.4089353929735005,-6.4089353929735005,-6.4089353929735005,-6.4089353929735005,-6.4089353929735005,-6.4089353929735005,-6.4089353929735005,-6.4089353929735005,-6.4089353929735005,-6.4089353929735005,-6.4089353929735005,-6.4089353929735005,-6.4089353929735005,-6.4089353929735005,-6.4089353929735005,-6.4089353929735005,-6.4089353929735005
-6.080911026277885,-6.111812738930178,-6.0332073862694875,-6.073491319252865,-6.01696632212688,-6.1175418592483695,-5.984056344350453,-6.000974329614352,-6.134708602734521,-6.103515746640083,-6.104473452590813,-6.1178056185033505,-6.177179157070779,-6.012106234381938,-6.07939832528624,-6.109499478152205,-6.039425121871447,-6.07229485387367,-6.117291501687785,-6.1401609033458335,-6.366531544420414,-6.366531544420414,-6.366531544420414,-6.366531544420414,-6.366531544420414,-6.366531544420414,-6.366531544420414,-6.366531544420414,-6.366531544420414,-6.366531544420414,-6.366531544420414,-6.366531544420414,-6.366531544420414,-6.366531544420414,-6.366531544420414,-6.366531544420414,-6.366531544420414,-6.366531544420414,-6.366531544420414,-6.366531544420414
-5.444823323348817,-5.474060740005556,-5.604679467933623,-5.560409656553898,-5.625973515174045,-5.540549496509014,-5.622171734651676,-5.455188840273909,-5.515676836729646,-5.58312729534366,-5.623528060015137,-5.529070699112267,-5.144606504864253,-5.631329734823863,-5.565228463798472,-5.490906495371103,-5.6639041085752275,-5.563132018551928,-5.696234225913847,-5.55723145460705,-6.468521082957745,-6.468521082957745,-6.468521082957745,-6.468521082957745,-6.468521082957745,-6.468521082957745,-6.468521082957745,-6.468521082957745,-6.468521082957745,-6.468521082957745,-6.468521082957745,-6.468521082957745,-6.468521082957745,-6.468521082957745,-6.468521082957745,-6.468521082957745,-6.468521082957745,-6.468521082957745,-6.468521082957745,-6.468521082957745
-5.427338621375645,-4.862125424914961,-5.750777926119748,-5.463684243002554,-5.810479580330212,-5.534678923170568,-5.79688594360701,-5.570152431825465,-5.262234145071644,-5.442109635918877,-5.538355041616917,-5.3108853760559835,-5.153431404532098,-5.769917063386926,-5.847073495248719,-5.311383210368611,-5.905134828871272,-5.636448077125069,-5.859995519524947,-5.5370437893163444,-6.119186407719209,-6.119186407719209,-6.119186407719209,-6.119186407719209,-6.119186407719209,-6.119186407719209,-6.119186407719209,-6.119186407719209,-6.119186407719209,-6.119186407719209,-6.119186407719209,-6.119186407719209,-6.119186407719209,-6.119186407719209,-6.119186407719209,-6.119186407719209,-6.119186407719209,-6.119186407719209,-6.119186407719209,-6.119186407719209
-5.99608488456049,-5.845225801879412,-5.882357815445625,-5.862190608441641,-5.887663406020655,-5.912776923895995,-5.967852372366495,-5.961583591669078,-5.836175882719619,-5.912024323867483,-5.8703017554096055,-5.843158425361935,-6.025176658716943,-5.973448836834889,-6.005008024018651,-5.996758521902904,-5.9692253160249225,-5.927114497731507,-6.174105771209403,-5.964607262376873,-6.4089353929735005,-6.4089353929735005,-6.4089353929735005,-6.4089353929735005,-6.4089353929735005,-6.4089353929735005,-6.4089353929735005,-6.4089353929735005,-6.4089353929735005,-6.4089353929735005,-6.4089353929735005,-6.4089353929735005,-6.4089353929735005,-6.4089353929735005,-6.4089353929735005,-6.4089353929735005,-6.4089353929735005,-6.4089353929735005,-6.4089353929735005,-6.4089353929735005
-5.58447634655615,-5.641433726934258,-5.7440009540760695,-5.661408734500658,-5.6830590577639795,-5.691617938718596,-5.744242876675589,-5.645983985687455,-5.633267082998163,-5.674409778406974,-5.653340248836538,-5.666210439865933,-5.755336381380097,-5.6881036828208735,-5.63417343722247,-5.781789450681413,-5.720374628166278,-5.6477829368153785,-5.706484480924285,-5.709648875936623,-5.6020599913279625,-5.6020599913279625,-5.6020599913279625,-5.6020599913279625,-5.6020599913279625,-5.6020599913279625,-5.6020599913279625,-5.6020599913279625,-5.6020599913279625,-5.6020599913279625,-5.6020599913279625,-5.6020599913279625,-5.6020599913279625,-5.6020599913279625,-5.6020599913279625,-5.6020599913279625,-5.6020599913279625,-5.6020599913279625,-5.6020599913279625,-5.6020599913279625
-5.926430035706283,-5.95039500543037,-5.995436682554811,-5.942983001323214,-5.926462201829999,-5.920249908268604,-6.018347311097565,-5.975811248606862,-5.954638981450081,-5.9699349549027945,-5.946220451841542,-5.935495911837643,-5.9951459223110275,-6.0371151795124725,-5.967373630262962,-6.024473668768581,-5.954199316525478,-5.999986420675406,-6.011496853408377,-5.986399604422059,-6.508638306165727,-6.508638306165727,-6.508638306165727,-6.508638306165727,-6.508638306165727,-6.508638306165727,-6.508638306165727,-6.508638306165727,-6.508638306165727,-6.508638306165727,-6.508638306165727,-6.508638306165727,-6.508638306165727,-6.508638306165727,-6.508638306165727,-6.508638306165727,-6.508638306165727,-6.508638306165727,-6.508638306165727,-6.508638306165727
-5.796144883427183,-5.868534295701236,-6.0742108067438565,-5.811746107357908,-5.921291253299557,-5.949380767447395,-5.999217002910004,-5.840617415312839,-5.919899597271503,-5.97751445080726,-5.968416649898652,-5.9920171170745435,-5.989696310487995,-6.125539865248905,-6.035147993498953,-5.934641789409003,-5.9884494429080375,-6.072143642424587,-6.053000054392317,-5.958676492668055,-5.769551078621726,-5.769551078621726,-5.769551078621726,-5.769551078621726,-5.769551078621726,-5.769551078621726,-5.769551078621726,-5.769551078621726,-5.769551078621726,-5.769551078621726,-5.769551078621726,-5.769551078621726,-5.769551078621726,-5.769551078621726,-5.769551078621726,-5.769551078621726,-5.769551078621726,-5.769551078621726,-5.769551078621726,-5.769551078621726
-6.015339862176347,-6.105144133345129,-6.2599108442360825,-5.97125752314634,-6.075795327542207,-6.280414978009424,-6.175383908121396,-5.989280208375021,-6.103006924887962,-6.142933510067431,-6.120579233093165,-6.228382540835052,-6.217862204487078,-6.290156331447954,-6.332467436341049,-6.122042753727935,-6.189291364493573,-6.3338857193578875,-6.372400871252469,-6.152075746691869,-6.259637310505756,-6.259637310505756,-6.259637310505756,-6.259637310505756,-6.259637310505756,-6.259637310505756,-6.259637310505756,-6.259637310505756,-6.259637310505756,-6.259637310505756,-6.259637310505756,-6.259637310505756,-6.259637310505756,-6.259637310505756,-6.259637310505756,-6.259637310505756,-6.259637310505756,-6.259637310505756,-6.259637310505756,-6.259637310505756
-6.466224378847374,-6.513375064951891,-6.500414546780556,-6.519493135580368,-6.436343048179748,-6.38315694757254,-6.451346867177047,-6.543553593821678,-6.525751225280193,-6.363486174158875,-6.388012910012881,-6.37680960090178,-6.445718883468019,-6.507062279322127,-6.452858565639064,-6.450011549017873,-6.483616441273554,-6.4743592130199765,-6.461240468959458,-6.460208585946691,-6.853871964321762,-6.853871964321762,-6.853871964321762,-6.853871964321762,-6.853871964321762,-6.853871964321762,-6.853871964321762,-6.853871964321762,-6.853871964321762,-6.853871964321762,-6.853871964321762,-6.853871964321762,-6.853871964321762,-6.853871964321762,-6.853871964321762,-6.853871964321762,-6.853871964321762,-6.853871964321762,-6.853871964321762,-6.853871964321762
-5.980011148973024,-5.953993070295142,-5.9613138470119225,-5.978917792729315,-5.961749982394109,-5.9034076466997,-5.975193461047637,-5.9866316347567885,-5.916747068449124,-5.9859649291283645,-5.973264584733892,-5.917046502180742,-5.984390358544124,-5.97718011777163,-5.9537977969185585,-6.023300369380217,-5.991774416475457,-5.995888213048602,-6.006200790747802,-5.974856144161091,-5.070581074285707,-5.070581074285707,-5.070581074285707,-5.070581074285707,-5.070581074285707,-5.070581074285707,-5.070581074285707,-5.070581074285707,-5.070581074285707,-5.070581074285707,-5.070581074285707,-5.070581074285707,-5.070581074285707,-5.070581074285707,-5.070581074285707,-5.070581074285707,-5.070581074285707,-5.070581074285707,-5.070581074285707,-5.070581074285707
-6.443444342855044,-6.496543952005057,-6.529507234384093,-6.497310190530202,-6.46295303848876,-6.374627683636209,-6.4877270092021435,-6.541582163478957,-6.455299767997781,-6.349321760395586,-6.369856713743707,-6.361238698858659,-6.423798121582241,-6.547294284671921,-6.47402024694021,-6.455614908160818,-6.519312639136733,-6.5157111711759885,-6.501969550961154,-6.438125923350189,-6.795880017344075,-6.795880017344075,-6.795880017344075,-6.795880017344075,-6.795880017344075,-6.795880017344075,-6.795880017344075,-6.795880017344075,-6.795880017344075,-6.795880017344075,-6.795880017344075,-6.795880017344075,-6.795880017344075,-6.795880017344075,-6.795880017344075,-6.795880017344075,-6.795880017344075,-6.795880017344075,-6.795880017344075,-6.795880017344075
-5.756142085063718,-5.811773703849765,-5.862143104880465,-5.802831830375434,-5.896462869639814,-5.810485028499261,-5.861269908169523,-5.779393498523366,-5.808255382657084,-5.838478761049478,-5.899263579448783,-5.847118479762971,-5.892749044374321,-5.8536762383284895,-5.812783381845388,-5.820824915795704,-5.827237551520186,-5.791456897071462,-5.913212404954281,-5.858347916810173,-6.346787486224656,-6.346787486224656,-6.346787486224656,-6.346787486224656,-6.346787486224656,-6.346787486224656,-6.346787486224656,-6.346787486224656,-6.346787486224656,-6.346787486224656,-6.346787486224656,-6.346787486224656,-6.346787486224656,-6.346787486224656,-6.346787486224656,-6.346787486224656,-6.346787486224656,-6.346787486224656,-6.346787486224656,-6.346787486224656
-5.665999512907249,-5.744565513811466,-5.818943809344953,-5.720882589337683,-5.8307142398023695,-5.722822269718956,-5.7852212096455995,-5.694739639689509,-5.710507635952424,-5.760475334363621,-5.8043489822018834,-5.761245112757714,-5.760766998951706,-5.823300263567063,-5.750906107789578,-5.763564717900196,-5.745090698478583,-5.790367538792858,-5.820535683372112,-5.782001251581265,-6.366531544420414,-6.366531544420414,-6.366531544420414,-6.366531544420414,-6.366531544420414,-6.366531544420414,-6.366531544420414,-6.366531544420414,-6.366531544420414,-6.366531544420414,-6.366531544420414,-6.366531544420414,-6.366531544420414,-6.366531544420414,-6.366531544420414,-6.366531544420414,-6.366531544420414,-6.366531544420414,-6.366531544420414,-6.366531544420414
-5.730757914233098,-5.6393149795456425,-5.752557023023104,-5.712495562242854,-5.770617423617915,-5.687253335525884,-5.761728577636426,-5.727195355648646,-5.687931776305617,-5.786174305072984,-5.789344655105218,-5.7067854784091585,-5.813944255498613,-5.750885480665994,-5.704531347615654,-5.783732511375888,-5.783192920589941,-5.719003392171338,-5.875431561575192,-5.755705925060196,-6.366531544420414,-6.366531544420414,-6.366531544420414,-6.366531544420414,-6.366531544420414,-6.366531544420414,-6.366531544420414,-6.366531544420414,-6.366531544420414,-6.366531544420414,-6.366531544420414,-6.366531544420414,-6.366531544420414,-6.366531544420414,-6.366531544420414,-6.366531544420414,-6.366531544420414,-6.366531544420414,-6.366531544420414,-6.366531544420414
-5.827916997089087,-5.8617978979900585,-5.959113382977413,-5.862070822335707,-5.987116740940183,-5.856460707637334,-5.936541433580353,-5.8629929346837,-5.861286584117536,-5.884602984813553,-5.940354394904818,-5.889812159578316,-5.9186592788415195,-5.954820623990962,-5.889003301939961,-5.86789579597015,-5.916099020297195,-5.883110773525093,-6.01373277208117,-5.907613135084859,-6.3979400086720375,-6.3979400086720375,-6.3979400086720375,-6.3979400086720375,-6.3979400086720375,-6.3979400086720375,-6.3979400086720375,-6.3979400086720375,-6.3979400086720375,-6.3979400086720375,-6.3979400086720375,-6.3979400086720375,-6.3979400086720375,-6.3979400086720375,-6.3979400086720375,-6.3979400086720375,-6.3979400086720375,-6.3979400086720375,-6.3979400086720375,-6.3979400086720375
-5.7071523990199635,-5.764882757179003,-5.885329695623059,-5.75379884646113,-5.9171215840547156,-5.765150987153737,-5.862859394115574,-5.759002824706184,-5.745509978936914,-5.769047238947683,-5.839018608640534,-5.785698196449682,-5.831080212874482,-5.902304041857731,-5.818213011829046,-5.7813665082004695,-5.839134813079231,-5.814592363910585,-5.951962549598453,-5.820755069156582,-6.346787486224656,-6.346787486224656,-6.346787486224656,-6.346787486224656,-6.346787486224656,-6.346787486224656,-6.346787486224656,-6.346787486224656,-6.346787486224656,-6.346787486224656,-6.346787486224656,-6.346787486224656,-6.346787486224656,-6.346787486224656,-6.346787486224656,-6.346787486224656,-6.346787486224656,-6.346787486224656,-6.346787486224656,-6.346787486224656
-6.073939109645193,-6.089031104841648,-6.016986978586193,-6.089987357715405,-5.990791215137969,-5.996622364393334,-6.028683837202652,-6.044133205166751,-6.005282076649722,-6.0548853863750285,-6.065504492444036,-6.024300715194397,-6.064513739903126,-5.997902393917358,-6.023479605094581,-6.077478208481662,-6.02963394143932,-6.032958417537688,-5.989658433048349,-6.010378714456332,-6.091514981121351,-6.091514981121351,-6.091514981121351,-6.091514981121351,-6.091514981121351,-6.091514981121351,-6.091514981121351,-6.091514981121351,-6.091514981121351,-6.091514981121351,-6.091514981121351,-6.091514981121351,-6.091514981121351,-6.091514981121351,-6.091514981121351,-6.091514981121351,-6.091514981121351,-6.091514981121351,-6.091514981121351,-6.091514981121351
-6.2011837715513165,-6.051846384468008,-5.970391293449565,-6.033304847229457,-6.02271306239279,-6.034770092052786,-6.004063397050474,-6.115938664856147,-5.957561912471558,-5.97613697830585,-5.870101641891125,-5.918232328593125,-6.010796160634791,-6.082690127420384,-6.135383276061271,-6.104223743147225,-6.095145112442839,-6.1177471582566225,-6.132317343323115,-6.06624148352925,-6.886056647693163,-6.886056647693163,-6.886056647693163,-6.886056647693163,-6.886056647693163,-6.886056647693163,-6.886056647693163,-6.886056647693163,-6.886056647693163,-6.886056647693163,-6.886056647693163,-6.886056647693163,-6.886056647693163,-6.886056647693163,-6.886056647693163,-6.886056647693163,-6.886056647693163,-6.886056647693163,-6.886056647693163,-6.886056647693163
-5.833588031720025,-5.801085664643972,-5.884214320030027,-5.8488182681843615,-5.90631446151909,-5.803760860578646,-5.883788699849272,-5.84270564804363,-5.833189218888714,-5.9188760161934,-5.9005568992433215,-5.833747325849792,-5.913769610402847,-5.917756796612822,-5.856232924580402,-5.921769772550658,-5.932537543280379,-5.899715417935537,-5.988606501776595,-5.884100281228114,-5.823908740944319,-5.823908740944319,-5.823908740944319,-5.823908740944319,-5.823908740944319,-5.823908740944319,-5.823908740944319,-5.823908740944319,-5.823908740944319,-5.823908740944319,-5.823908740944319,-5.823908740944319,-5.823908740944319,-5.823908740944319,-5.823908740944319,-5.823908740944319,-5.823908740944319,-5.823908740944319,-5.823908740944319,-5.823908740944319
-6.015401057392467,-6.075350599695364,-6.023825906869493,-6.0657420240231765,-6.039805341929461,-6.041979843752611,-6.041737239042731,-6.031548064213808,-6.063522286982125,-6.039746030428855,-6.079022551052363,-6.044970216952943,-6.091843983228032,-5.977600565956253,-5.991967712288923,-6.061327227175892,-6.0258569104108775,-5.999952061190887,-6.028672671445292,-6.057821130215902,-6.0,-6.0,-6.0,-6.0,-6.0,-6.0,-6.0,-6.0,-6.0,-6.0,-6.0,-6.0,-6.0,-6.0,-6.0,-6.0,-6.0,-6.0,-6.0,-6.0
-5.653414010248161,-5.564252986535702,-5.593358399233527,-5.581847655249876,-5.642960067346828,-5.613980622269287,-5.665777473558099,-5.638706768891274,-5.605464145756974,-5.717602062870238,-5.7015825910978535,-5.592511821888431,-5.7430161319140645,-5.660955242319735,-5.7051508818443235,-5.705959680287351,-5.714876998535627,-5.640195524421299,-5.806990064233385,-5.70229124590924,-5.958607314841775,-5.958607314841775,-5.958607314841775,-5.958607314841775,-5.958607314841775,-5.958607314841775,-5.958607314841775,-5.958607314841775,-5.958607314841775,-5.958607314841775,-5.958607314841775,-5.958607314841775,-5.958607314841775,-5.958607314841775,-5.958607314841775,-5.958607314841775,-5.958607314841775,-5.958607314841775,-5.958607314841775,-5.958607314841775
-5.630722244789144,-5.72153132175103,-5.843746941198829,-5.709004799002739,-5.841006240954179,-5.751479127125955,-5.873358482283781,-5.685899842471417,-5.7002889564494446,-5.781896437343305,-5.806991420446278,-5.777401869635657,-5.891505324139777,-5.909097733684586,-5.791946634309436,-5.858170740487063,-5.822259440059203,-5.8069715872491185,-5.957358587046719,-5.846433620665921,-6.443697499232713,-6.443697499232713,-6.443697499232713,-6.443697499232713,-6.443697499232713,-6.443697499232713,-6.443697499232713,-6.443697499232713,-6.443697499232713,-6.443697499232713,-6.443697499232713,-6.443697499232713,-6.443697499232713,-6.443697499232713,-6.443697499232713,-6.443697499232713,-6.443697499232713,-6.443697499232713,-6.443697499232713,-6.443697499232713
-5.393502208674028,-5.389074987153146,-5.481036826389535,-5.392659671872733,-5.429709292975656,-5.399122514609275,-5.392831532466541,-5.398423074630915,-5.46229615590473,-5.477399170188655,-5.431359909944163,-5.422528015335654,-5.378495755326733,-5.453895472652467,-5.389192823420754,-5.424860219556425,-5.417071732740156,-5.460066721072531,-5.373709681191892,-5.389671135046868,-6.050609993355088,-6.050609993355088,-6.050609993355088,-6.050609993355088,-6.050609993355088,-6.050609993355088,-6.050609993355088,-6.050609993355088,-6.050609993355088,-6.050609993355088,-6.050609993355088,-6.050609993355088,-6.050609993355088,-6.050609993355088,-6.050609993355088,-6.050609993355088,-6.050609993355088,-6.050609993355088,-6.050609993355088,-6.050609993355088
-5.647806016299802,-5.730152087454863,-5.792542679627411,-5.694195198543112,-5.762003208881245,-5.738722953893554,-5.8205604356570335,-5.671800099735126,-5.723342364179785,-5.753746394344418,-5.79122890273258,-5.7769993691318895,-5.897092808858165,-5.87038878968241,-5.779286837884227,-5.806212458637146,-5.743425870679218,-5.748206551846719,-5.902571991506427,-5.8032977002208455,-6.522878745280337,-6.522878745280337,-6.522878745280337,-6.522878745280337,-6.522878745280337,-6.522878745280337,-6.522878745280337,-6.522878745280337,-6.522878745280337,-6.522878745280337,-6.522878745280337,-6.522878745280337,-6.522878745280337,-6.522878745280337,-6.522878745280337,-6.522878745280337,-6.522878745280337,-6.522878745280337,-6.522878745280337,-6.522878745280337
-5.60451219795128,-5.668979790448445,-5.693796008522973,-5.653933461436102,-5.6829686790677405,-5.640255019794311,-5.693442710552005,-5.63989772020696,-5.652387240522297,-5.62901996587585,-5.6786384067901485,-5.656294072901905,-5.729445049029851,-5.713200393829009,-5.638182800127994,-5.695591526652202,-5.612738624726244,-5.639013571831711,-5.694357719132667,-5.693096595154387,-6.431798275933005,-6.431798275933005,-6.431798275933005,-6.431798275933005,-6.431798275933005,-6.431798275933005,-6.431798275933005,-6.431798275933005,-6.431798275933005,-6.431798275933005,-6.431798275933005,-6.431798275933005,-6.431798275933005,-6.431798275933005,-6.431798275933005,-6.431798275933005,-6.431798275933005,-6.431798275933005,-6.431798275933005,-6.431798275933005
-5.686106450179632,-5.758256477006249,-5.812544067589812,-5.744439617700554,-5.802420990429113,-5.779825413486434,-5.828952502657031,-5.699355181448773,-5.742921179279593,-5.788728995193298,-5.826747812277093,-5.804839296765716,-5.890052781329077,-5.830685098080629,-5.767822846215937,-5.843028870627805,-5.752810728285955,-5.761653449116045,-5.88990307124015,-5.845021137854923,-6.537602002101044,-6.537602002101044,-6.537602002101044,-6.537602002101044,-6.537602002101044,-6.537602002101044,-6.537602002101044,-6.537602002101044,-6.537602002101044,-6.537602002101044,-6.537602002101044,-6.537602002101044,-6.537602002101044,-6.537602002101044,-6.537602002101044,-6.537602002101044,-6.537602002101044,-6.537602002101044,-6.537602002101044,-6.537602002101044
-5.82809924760666,-5.839458496634074,-5.76799394329814,-5.821730820948426,-5.765065957567236,-5.811559104513806,-5.775021340918371,-5.772519586165616,-5.800378558647929,-5.881606138244289,-5.893624453224549,-5.816474657922077,-5.867552175739115,-5.74682056070715,-5.82644812031667,-5.848298357364641,-5.830870914360849,-5.801245512528711,-5.807687300460234,-5.820701428403774,-6.638272163982407,-6.638272163982407,-6.638272163982407,-6.638272163982407,-6.638272163982407,-6.638272163982407,-6.638272163982407,-6.638272163982407,-6.638272163982407,-6.638272163982407,-6.638272163982407,-6.638272163982407,-6.638272163982407,-6.638272163982407,-6.638272163982407,-6.638272163982407,-6.638272163982407,-6.638272163982407,-6.638272163982407,-6.638272163982407
-6.126917310322148,-6.315153296089512,-6.211201995182644,-6.333824639165964,-6.223468260758295,-6.210546142496041,-6.23288171419464,-6.3046240285690125,-6.280305955700131,-6.269015634201277,-6.259781061514599,-6.233810351422105,-6.2810866466985615,-6.177952386548015,-6.201737786185995,-6.292985458395516,-6.222246672846319,-6.204888317626825,-6.190708228119213,-6.281066634693,-6.619788758288394,-6.619788758288394,-6.619788758288394,-6.619788758288394,-6.619788758288394,-6.619788758288394,-6.619788758288394,-6.619788758288394,-6.619788758288394,-6.619788758288394,-6.619788758288394,-6.619788758288394,-6.619788758288394,-6.619788758288394,-6.619788758288394,-6.619788758288394,-6.619788758288394,-6.619788758288394,-6.619788758288394,-6.619788758288394
-6.071958204142303,-6.2236029156516635,-6.308493724747437,-6.187949129162558,-6.23111914157536,-6.277711548763595,-6.346847689896075,-6.1706679742107475,-6.109570868715042,-6.195078224005789,-6.2791882375991275,-6.247024498505204,-6.290839179802829,-6.232924252658421,-6.257394334149658,-6.266344153995656,-6.340931522410185,-6.288674269230673,-6.3461747833685935,-6.201164737876949,-6.318758762624412,-6.318758762624412,-6.318758762624412,-6.318758762624412,-6.318758762624412,-6.318758762624412,-6.318758762624412,-6.318758762624412,-6.318758762624412,-6.318758762624412,-6.318758762624412,-6.318758762624412,-6.318758762624412,-6.318758762624412,-6.318758762624412,-6.318758762624412,-6.318758762624412,-6.318758762624412,-6.318758762624412,-6.318758762624412
-6.24139991107723,-6.349342361552302,-6.25921014581395,-6.28655979852619,-6.275793659002936,-6.2111859572646795,-6.2463966673605364,-6.2971230605689,-6.238938682013679,-6.157301903622956,-6.220548949100265,-6.229876017283337,-6.1901445528667205,-6.202340646205557,-6.211460322406232,-6.16307478019568,-6.205778775638216,-6.211160375921286,-6.156021362305781,-6.176765454921274,-6.275724130399211,-6.275724130399211,-6.275724130399211,-6.275724130399211,-6.275724130399211,-6.275724130399211,-6.275724130399211,-6.275724130399211,-6.275724130399211,-6.275724130399211,-6.275724130399211,-6.275724130399211,-6.275724130399211,-6.275724130399211,-6.275724130399211,-6.275724130399211,-6.275724130399211,-6.275724130399211,-6.275724130399211,-6.275724130399211
-6.2515647448663705,-6.207449172600533,-6.16269852035977,-6.247174211535657,-6.1708003872500194,-6.089196151489602,-6.1757123864208365,-6.2705498948850575,-6.158783976671306,-6.198013533209675,-6.198106849899328,-6.149281544978111,-6.193849508490988,-6.1516711060354075,-6.129462465723094,-6.209405078821098,-6.175111543001343,-6.152431117452388,-6.141767416593407,-6.169372052609027,-6.6777807052660805,-6.6777807052660805,-6.6777807052660805,-6.6777807052660805,-6.6777807052660805,-6.6777807052660805,-6.6777807052660805,-6.6777807052660805,-6.6777807052660805,-6.6777807052660805,-6.6777807052660805,-6.6777807052660805,-6.6777807052660805,-6.6777807052660805,-6.6777807052660805,-6.6777807052660805,-6.6777807052660805,-6.6777807052660805,-6.6777807052660805,-6.6777807052660805
-6.081401915500226,-6.0486617028966725,-6.009789713014865,-6.074542717545201,-5.999310189412089,-5.971110147723577,-6.0136174155072,-6.0483215044210805,-6.016243747851222,-6.061485479461778,-6.048733776824294,-6.0165630479763195,-6.036742710823882,-5.99410821733179,-5.9625444933192,-6.0649212479600285,-6.001727050748336,-6.013394228287723,-5.995034474000927,-6.005907993778526,-6.552841968657781,-6.552841968657781,-6.552841968657781,-6.552841968657781,-6.552841968657781,-6.552841968657781,-6.552841968657781,-6.552841968657781,-6.552841968657781,-6.552841968657781,-6.552841968657781,-6.552841968657781,-6.552841968657781,-6.552841968657781,-6.552841968657781,-6.552841968657781,-6.552841968657781,-6.552841968657781,-6.552841968657781,-6.552841968657781
-5.484818529375153,-5.406040438576071,-5.4187871508058425,-5.374217341019711,-5.470544307335799,-5.423327916919653,-5.419778260498224,-5.465663254461525,-5.41174700913105,-5.422149176589138,-5.448524507593967,-5.359933536463611,-5.448232591217039,-5.448657338044458,-5.5367021202019275,-5.390132606906537,-5.505473333794525,-5.442486134570669,-5.549955218693522,-5.405202859763229,-5.251811972993799,-5.251811972993799,-5.251811972993799,-5.251811972993799,-5.251811972993799,-5.251811972993799,-5.251811972993799,-5.251811972993799,-5.251811972993799,-5.251811972993799,-5.251811972993799,-5.251811972993799,-5.251811972993799,-5.251811972993799,-5.251811972993799,-5.251811972993799,-5.251811972993799,-5.251811972993799,-5.251811972993799,-5.251811972993799
-5.62584398835092,-5.534412231765058,-5.550306145862944,-5.565026646774842,-5.602562580378429,-5.555624019192094,-5.592119866980259,-5.584464224214119,-5.517371998851665,-5.696510597837733,-5.707278859319519,-5.557618768052057,-5.720041759413735,-5.571802808189915,-5.659403624054783,-5.670917054390572,-5.707761688956124,-5.600418759077842,-5.743772315817823,-5.626407666481869,-5.823908740944319,-5.823908740944319,-5.823908740944319,-5.823908740944319,-5.823908740944319,-5.823908740944319,-5.823908740944319,-5.823908740944319,-5.823908740944319,-5.823908740944319,-5.823908740944319,-5.823908740944319,-5.823908740944319,-5.823908740944319,-5.823908740944319,-5.823908740944319,-5.823908740944319,-5.823908740944319,-5.823908740944319,-5.823908740944319
-5.707641862811987,-5.619396367428502,-5.643804028874946,-5.642408439431854,-5.652853456555578,-5.628499900282151,-5.648724206408622,-5.694945429916076,-5.635217094673756,-5.66756975827137,-5.662288263911401,-5.596726431038959,-5.664527758852614,-5.644028608485716,-5.668255273149054,-5.684690416279887,-5.658948837417003,-5.658981330597907,-5.7177589124713855,-5.666713932049823,-6.356547323513812,-6.356547323513812,-6.356547323513812,-6.356547323513812,-6.356547323513812,-6.356547323513812,-6.356547323513812,-6.356547323513812,-6.356547323513812,-6.356547323513812,-6.356547323513812,-6.356547323513812,-6.356547323513812,-6.356547323513812,-6.356547323513812,-6.356547323513812,-6.356547323513812,-6.356547323513812,-6.356547323513812,-6.356547323513812
-5.491506257992038,-5.414519505908029,-5.4336378818646915,-5.388677507202157,-5.481352951223999,-5.426170211763175,-5.432115787743007,-5.481669164137142,-5.426817109544696,-5.427642040545285,-5.456235581375583,-5.36715850287016,-5.449642581182477,-5.461438065335847,-5.535818004269386,-5.398198138191258,-5.505636486812925,-5.448156112044706,-5.547996071091269,-5.416266852067397,-6.173925197299174,-6.173925197299174,-6.173925197299174,-6.173925197299174,-6.173925197299174,-6.173925197299174,-6.173925197299174,-6.173925197299174,-6.173925197299174,-6.173925197299174,-6.173925197299174,-6.173925197299174,-6.173925197299174,-6.173925197299174,-6.173925197299174,-6.173925197299174,-6.173925197299174,-6.173925197299174,-6.173925197299174,-6.173925197299174
-5.500858044181328,-5.402432742967047,-5.383574971130748,-5.406389445902477,-5.439933338943744,-5.415747481242683,-5.406764049366627,-5.4489020339875855,-5.40202936489866,-5.508526378794677,-5.522109932666293,-5.397135108551271,-5.532633534036807,-5.413510792128032,-5.512620953235456,-5.465773055670122,-5.516484258885755,-5.4350014020497,-5.545110325846828,-5.439729241447464,-5.721246399047171,-5.721246399047171,-5.721246399047171,-5.721246399047171,-5.721246399047171,-5.721246399047171,-5.721246399047171,-5.721246399047171,-5.721246399047171,-5.721246399047171,-5.721246399047171,-5.721246399047171,-5.721246399047171,-5.721246399047171,-5.721246399047171,-5.721246399047171,-5.721246399047171,-5.721246399047171,-5.721246399047171,-5.721246399047171
-5.615761289339006,-5.618348144504342,-5.753292593391097,-5.670922151351484,-5.744913671436946,-5.656911719301947,-5.739288938857462,-5.37708049676616,-5.681416911449869,-5.807167396602179,-5.780191372660145,-5.704796350234235,-5.792704366252481,-5.795808575279803,-5.722133731874253,-5.767436031659614,-5.79265567616028,-5.766178400607096,-5.869783765570427,-5.7301487930170705,-6.552841968657781,-6.552841968657781,-6.552841968657781,-6.552841968657781,-6.552841968657781,-6.552841968657781,-6.552841968657781,-6.552841968657781,-6.552841968657781,-6.552841968657781,-6.552841968657781,-6.552841968657781,-6.552841968657781,-6.552841968657781,-6.552841968657781,-6.552841968657781,-6.552841968657781,-6.552841968657781,-6.552841968657781,-6.552841968657781
-6.009811048352908,-6.0692951623975455,-6.0834529543283775,-6.027503290537996,-6.03281570341165,-6.1343601796483105,-6.077913190098442,-6.176298316270273,-6.084183351223165,-6.134936102860153,-6.186906387463932,-6.148259696703134,-6.2014536390464805,-6.050490093030994,-6.112078821027842,-6.104196557970135,-6.051186427706461,-6.082339999519631,-6.214515603697175,-6.141705016260321,-6.721246399047171,-6.721246399047171,-6.721246399047171,-6.721246399047171,-6.721246399047171,-6.721246399047171,-6.721246399047171,-6.721246399047171,-6.721246399047171,-6.721246399047171,-6.721246399047171,-6.721246399047171,-6.721246399047171,-6.721246399047171,-6.721246399047171,-6.721246399047171,-6.721246399047171,-6.721246399047171,-6.721246399047171,-6.721246399047171
-5.867774222396717,-5.924444286912308,-5.983815792967633,-5.940819206138016,-5.992526607808328,-5.920564426360688,-5.976906256797463,-5.776358366967868,-5.961292226808679,-5.986123756673609,-6.003986398337816,-5.9527986664308115,-6.010015321954388,-5.984917631877128,-5.938130299153513,-5.956100644322151,-6.00048599100929,-5.9430483466338275,-6.026411060794746,-5.966596132611646,-6.173925197299174,-6.173925197299174,-6.173925197299174,-6.173925197299174,-6.173925197299174,-6.173925197299174,-6.173925197299174,-6.173925197299174,-6.173925197299174,-6.173925197299174,-6.173925197299174,-6.173925197299174,-6.173925197299174,-6.173925197299174,-6.173925197299174,-6.173925197299174,-6.173925197299174,-6.173925197299174,-6.173925197299174,-6.173925197299174
-5.720841779869867,-5.737245964778262,-5.824329674014065,-5.774007814432011,-5.845398983636806,-5.779919692808692,-5.821289233425913,-5.596175993029034,-5.796331484084538,-5.859230592652673,-5.867029227351622,-5.7955824595682675,-5.876335770981399,-5.824158012621486,-5.796757088263084,-5.826565682564035,-5.864681689289484,-5.800492770830375,-5.928348723440384,-5.829565284347159,-6.1249387366083,-6.1249387366083,-6.1249387366083,-6.1249387366083,-6.1249387366083,-6.1249387366083,-6.1249387366083,-6.1249387366083,-6.1249387366083,-6.1249387366083,-6.1249387366083,-6.1249387366083,-6.1249387366083,-6.1249387366083,-6.1249387366083,-6.1249387366083,-6.1249387366083,-6.1249387366083,-6.1249387366083,-6.1249387366083
-5.990192893586627,-6.022840322873883,-5.986719165587046,-6.067509202695652,-6.056780562880434,-6.0166326611476615,-6.028902156107598,-5.960609459283942,-6.090023787619295,-6.09442412110183,-6.11387068756581,-6.066790301042317,-6.156975184277098,-5.955634403921179,-5.935700082551428,-6.043848715742387,-6.041378631436774,-5.915430779405209,-6.036797775014236,-6.067765264832543,-6.431798275933005,-6.431798275933005,-6.431798275933005,-6.431798275933005,-6.431798275933005,-6.431798275933005,-6.431798275933005,-6.431798275933005,-6.431798275933005,-6.431798275933005,-6.431798275933005,-6.431798275933005,-6.431798275933005,-6.431798275933005,-6.431798275933005,-6.431798275933005,-6.431798275933005,-6.431798275933005,-6.431798275933005,-6.431798275933005
-6.187474831854077,-6.186848779810745,-6.112898594614045,-6.21458072919867,-6.097589597815955,-6.098924159976594,-6.1176490627600835,-6.105205186671494,-6.111972625031501,-6.19525571981621,-6.172057235906796,-6.119647522895381,-6.189414817098388,-6.094536269576752,-6.138579375896326,-6.230657543762303,-6.1591547306045396,-6.161789158500413,-6.137314196140484,-6.163704013991101,-6.468521082957745,-6.468521082957745,-6.468521082957745,-6.468521082957745,-6.468521082957745,-6.468521082957745,-6.468521082957745,-6.468521082957745,-6.468521082957745,-6.468521082957745,-6.468521082957745,-6.468521082957745,-6.468521082957745,-6.468521082957745,-6.468521082957745,-6.468521082957745,-6.468521082957745,-6.468521082957745,-6.468521082957745,-6.468521082957745
-5.78342038466975,-5.720741399188806,-5.806615558557648,-5.785717024672231,-5.800190208411661,-5.555386832968168,-5.812308915812453,-5.829721441049931,-5.627563006512753,-5.860421065280032,-5.917821708439664,-5.690298722205257,-5.780669071010086,-5.804756870479858,-5.782765984751682,-5.814844366430916,-5.861076897811825,-5.772629457651999,-5.787036169490984,-5.732848087610157,-6.1249387366083,-6.1249387366083,-6.1249387366083,-6.1249387366083,-6.1249387366083,-6.1249387366083,-6.1249387366083,-6.1249387366083,-6.1249387366083,-6.1249387366083,-6.1249387366083,-6.1249387366083,-6.1249387366083,-6.1249387366083,-6.1249387366083,-6.1249387366083,-6.1249387366083,-6.1249387366083,-6.1249387366083,-6.1249387366083
-5.742422218142956,-5.801214945220392,-5.853810360235047,-5.7492413313813655,-5.819284750644041,-5.7600848416788955,-5.798836672862479,-5.7544056165972695,-5.802010760032784,-5.80667433764514,-5.805325614251782,-5.818683033593548,-5.7641506826115565,-5.857329486579239,-5.794541466595803,-5.749003771474494,-5.763866814878973,-5.816552918184691,-5.768917226946576,-5.772476864778719,-5.958607314841775,-5.958607314841775,-5.958607314841775,-5.958607314841775,-5.958607314841775,-5.958607314841775,-5.958607314841775,-5.958607314841775,-5.958607314841775,-5.958607314841775,-5.958607314841775,-5.958607314841775,-5.958607314841775,-5.958607314841775,-5.958607314841775,-5.958607314841775,-5.958607314841775,-5.958607314841775,-5.958607314841775,-5.958607314841775
-5.870306237066596,-5.841471153620684,-5.798099515333541,-5.877367433829468,-5.824933213329793,-5.794635666509304,-5.834395544813304,-5.817979884024145,-5.781004769246689,-5.904548078957112,-5.893775881063267,-5.803654416768746,-5.92137479377536,-5.809228896804753,-5.858033066817847,-5.926885902002398,-5.901776056007245,-5.848827675336843,-5.899227460455343,-5.85382378659902,-6.886056647693163,-6.886056647693163,-6.886056647693163,-6.886056647693163,-6.886056647693163,-6.886056647693163,-6.886056647693163,-6.886056647693163,-6.886056647693163,-6.886056647693163,-6.886056647693163,-6.886056647693163,-6.886056647693163,-6.886056647693163,-6.886056647693163,-6.886056647693163,-6.886056647693163,-6.886056647693163,-6.886056647693163,-6.886056647693163
-6.03159210688324,-5.9652310370545925,-5.972585888627586,-6.035102866092064,-5.998367914817387,-5.926248533879718,-6.018696028246368,-6.0676612226523625,-5.89406669271678,-6.046299664933328,-6.0084287740025,-5.935580156982144,-6.066189747707758,-6.0063561817081945,-5.989467138031078,-6.119725974841257,-6.072623591931999,-6.037983179593123,-6.0894219028936085,-6.0211980719303035,-6.508638306165727,-6.508638306165727,-6.508638306165727,-6.508638306165727,-6.508638306165727,-6.508638306165727,-6.508638306165727,-6.508638306165727,-6.508638306165727,-6.508638306165727,-6.508638306165727,-6.508638306165727,-6.508638306165727,-6.508638306165727,-6.508638306165727,-6.508638306165727,-6.508638306165727,-6.508638306165727,-6.508638306165727,-6.508638306165727
-6.166100051175657,-6.233988738929143,-6.3499606287842925,-6.258815438844094,-6.331277317525487,-6.344749215204079,-6.360210532394217,-6.220788562116569,-6.258335742505753,-6.295165336744476,-6.298393903009477,-6.257227468467658,-6.379322840075083,-6.325168440172229,-6.334839093457583,-6.407207005481039,-6.445039641889561,-6.38801492916593,-6.513466817034087,-6.408334250320773,-6.795880017344075,-6.795880017344075,-6.795880017344075,-6.795880017344075,-6.795880017344075,-6.795880017344075,-6.795880017344075,-6.795880017344075,-6.795880017344075,-6.795880017344075,-6.795880017344075,-6.795880017344075,-6.795880017344075,-6.795880017344075,-6.795880017344075,-6.795880017344075,-6.795880017344075,-6.795880017344075,-6.795880017344075,-6.795880017344075
-6.16127503048421,-6.262118569594316,-6.2132533335154365,-6.2121988593087485,-6.1409358494608295,-6.3435644589843445,-6.190983492285013,-6.10830020837932,-6.235145655528234,-6.247697119295149,-6.268796750681478,-6.2787133979014245,-6.3601537559619015,-6.1387577214780364,-6.265780162007012,-6.297325501006889,-6.255947478923421,-6.274882257149805,-6.34679992969286,-6.269582029598443,-6.657577319177793,-6.657577319177793,-6.657577319177793,-6.657577319177793,-6.657577319177793,-6.657577319177793,-6.657577319177793,-6.657577319177793,-6.657577319177793,-6.657577319177793,-6.657577319177793,-6.657577319177793,-6.657577319177793,-6.657577319177793,-6.657577319177793,-6.657577319177793,-6.657577319177793,-6.657577319177793,-6.657577319177793,-6.657577319177793
-6.061063356457668,-6.187429930209779,-6.394926871530258,-6.1268101154386185,-6.336682439852631,-6.241649496497129,-6.372528719268143,-6.251359630698816,-6.080369263716938,-6.09737768398449,-6.1467231565981555,-6.148019656699997,-6.213474615491457,-6.413548853783254,-6.354640459593364,-6.220237195149939,-6.43140850626855,-6.397336969600601,-6.492816584968548,-6.190229990563878,-6.376750709602099,-6.376750709602099,-6.376750709602099,-6.376750709602099,-6.376750709602099,-6.376750709602099,-6.376750709602099,-6.376750709602099,-6.376750709602099,-6.376750709602099,-6.376750709602099,-6.376750709602099,-6.376750709602099,-6.376750709602099,-6.376750709602099,-6.376750709602099,-6.376750709602099,-6.376750709602099,-6.376750709602099,-6.376750709602099
-6.224165341846204,-6.3466331126764555,-6.313916110175654,-6.347671586246728,-6.300398427067232,-6.452332199038372,-6.392887431842226,-6.248334593693237,-6.350674092165057,-6.450806049122674,-6.496473430000739,-6.435598683132133,-6.512921000124187,-6.155708457800522,-6.294407120179057,-6.45174291743891,-6.380818038036893,-6.288869783668828,-6.4063308538898855,-6.454653590138942,-6.7447274948966935,-6.7447274948966935,-6.7447274948966935,-6.7447274948966935,-6.7447274948966935,-6.7447274948966935,-6.7447274948966935,-6.7447274948966935,-6.7447274948966935,-6.7447274948966935,-6.7447274948966935,-6.7447274948966935,-6.7447274948966935,-6.7447274948966935,-6.7447274948966935,-6.7447274948966935,-6.7447274948966935,-6.7447274948966935,-6.7447274948966935,-6.7447274948966935
-6.395300841331444,-6.448543416459026,-6.307284449352923,-6.4507190029735915,-6.323924023895255,-6.355501936142715,-6.3509779847766525,-6.409820483369832,-6.3833222886070455,-6.347832992519471,-6.3683353057029155,-6.361378583356382,-6.391458047512412,-6.230207567776756,-6.295863390845964,-6.383778159604472,-6.330725354569882,-6.275398191275727,-6.259972109740135,-6.363181778385179,-6.721246399047171,-6.721246399047171,-6.721246399047171,-6.721246399047171,-6.721246399047171,-6.721246399047171,-6.721246399047171,-6.721246399047171,-6.721246399047171,-6.721246399047171,-6.721246399047171,-6.721246399047171,-6.721246399047171,-6.721246399047171,-6.721246399047171,-6.721246399047171,-6.721246399047171,-6.721246399047171,-6.721246399047171,-6.721246399047171
-6.067558392351062,-6.136271850728131,-6.229045420860151,-6.120755034590616,-6.201910142980003,-6.097041884314821,-6.22321883993626,-6.167256486548794,-6.086781739185639,-6.086210728993625,-6.111183512329317,-6.087854766258168,-6.135813403838832,-6.2593362126433725,-6.1798825775832285,-6.146222638143826,-6.223258662072903,-6.218343811047949,-6.254185465597758,-6.1331707623529494,-6.619788758288394,-6.619788758288394,-6.619788758288394,-6.619788758288394,-6.619788758288394,-6.619788758288394,-6.619788758288394,-6.619788758288394,-6.619788758288394,-6.619788758288394,-6.619788758288394,-6.619788758288394,-6.619788758288394,-6.619788758288394,-6.619788758288394,-6.619788758288394,-6.619788758288394,-6.619788758288394,-6.619788758288394,-6.619788758288394
-6.029046534324561,-5.928822102806036,-6.008017777115197,-5.951064558451675,-6.013232174860265,-6.004718016410121,-6.115748616353449,-6.038515301487484,-5.971609108435383,-6.073625042620688,-6.030602611213993,-5.977436974526186,-6.1283405187840145,-6.126877555387822,-6.104536491199017,-6.1177558062903055,-6.066854468580159,-6.048684771633592,-6.278798466967544,-6.135194573797784,-6.657577319177793,-6.657577319177793,-6.657577319177793,-6.657577319177793,-6.657577319177793,-6.657577319177793,-6.657577319177793,-6.657577319177793,-6.657577319177793,-6.657577319177793,-6.657577319177793,-6.657577319177793,-6.657577319177793,-6.657577319177793,-6.657577319177793,-6.657577319177793,-6.657577319177793,-6.657577319177793,-6.657577319177793,-6.657577319177793
-6.351892930638763,-6.474899464147674,-6.4428624561009755,-6.441558429817956,-6.3814302900799005,-6.447856847401832,-6.442948896660691,-6.404421863703745,-6.4544677218719855,-6.380002580390717,-6.421488679023792,-6.420026537191173,-6.469011363170437,-6.381063564552022,-6.418347911972223,-6.426869825920787,-6.4567562180575475,-6.425873268403993,-6.430600973627439,-6.4118512854210685,-6.508638306165727,-6.508638306165727,-6.508638306165727,-6.508638306165727,-6.508638306165727,-6.508638306165727,-6.508638306165727,-6.508638306165727,-6.508638306165727,-6.508638306165727,-6.508638306165727,-6.508638306165727,-6.508638306165727,-6.508638306165727,-6.508638306165727,-6.508638306165727,-6.508638306165727,-6.508638306165727,-6.508638306165727,-6.508638306165727
-5.8304899791744305,-5.843786532007777,-5.591613033433268,-5.867753309714829,-5.584015587535672,-5.784900663857165,-5.607662338762677,-5.749176991417999,-5.923295354747671,-5.858258879832587,-5.891535261619098,-5.802867770279027,-5.904743301276803,-5.526994904896547,-5.651635928786464,-5.835608725653077,-5.609758536827145,-5.6338303282900455,-5.57556370066116,-5.816643147887328,-6.769551078621726,-6.769551078621726,-6.769551078621726,-6.769551078621726,-6.769551078621726,-6.769551078621726,-6.769551078621726,-6.769551078621726,-6.769551078621726,-6.769551078621726,-6.769551078621726,-6.769551078621726,-6.769551078621726,-6.769551078621726,-6.769551078621726,-6.769551078621726,-6.769551078621726,-6.769551078621726,-6.769551078621726,-6.769551078621726
-5.648874707684262,-5.75403197985831,-5.817828571096032,-5.728694292612326,-5.7859016872444196,-5.7951634332553414,-5.820593401704723,-5.724238160986159,-5.795030697883305,-5.787371227168305,-5.774681191303787,-5.767001531448382,-5.8691602200131205,-5.894037133970892,-5.815119315098016,-5.842003723049101,-5.853272783037178,-5.852155503864508,-5.876189287928284,-5.82582735621389,-5.7447274948966935,-5.7447274948966935,-5.7447274948966935,-5.7447274948966935,-5.7447274948966935,-5.7447274948966935,-5.7447274948966935,-5.7447274948966935,-5.7447274948966935,-5.7447274948966935,-5.7447274948966935,-5.7447274948966935,-5.7447274948966935,-5.7447274948966935,-5.7447274948966935,-5.7447274948966935,-5.7447274948966935,-5.7447274948966935,-5.7447274948966935,-5.7447274948966935
-5.668248237202735,-5.761072695630363,-5.796844336558211,-5.748015768423353,-5.743474357922147,-5.826883134076986,-5.816514335372488,-5.692886400654552,-5.816919180350642,-5.865301809447302,-5.850825519399264,-5.826825632337894,-5.955276402079268,-5.864397172890112,-5.8172148272868345,-5.900704304119083,-5.831726405319973,-5.845746811695977,-5.901812555143958,-5.871328928954091,-6.638272163982407,-6.638272163982407,-6.638272163982407,-6.638272163982407,-6.638272163982407,-6.638272163982407,-6.638272163982407,-6.638272163982407,-6.638272163982407,-6.638272163982407,-6.638272163982407,-6.638272163982407,-6.638272163982407,-6.638272163982407,-6.638272163982407,-6.638272163982407,-6.638272163982407,-6.638272163982407,-6.638272163982407,-6.638272163982407
-6.012743182310962,-6.038595345658096,-5.930109918998231,-6.036335982697226,-5.950883313205888,-5.958292796689277,-5.965664890610882,-6.0357124644043525,-5.987355422576722,-5.956474471268917,-5.998505362669554,-5.93219853718367,-6.037607988025002,-5.902574077777851,-5.965045218276669,-5.997848379624086,-6.005610898407339,-5.938901776328118,-5.94814016362693,-5.954418562508322,-5.958607314841775,-5.958607314841775,-5.958607314841775,-5.958607314841775,-5.958607314841775,-5.958607314841775,-5.958607314841775,-5.958607314841775,-5.958607314841775,-5.958607314841775,-5.958607314841775,-5.958607314841775,-5.958607314841775,-5.958607314841775,-5.958607314841775,-5.958607314841775,-5.958607314841775,-5.958607314841775,-5.958607314841775,-5.958607314841775
-5.7951901020538035,-5.814060525602411,-5.635684778695707,-5.817641742523144,-5.673446130487045,-5.759357865224851,-5.670583405366428,-5.775841587998093,-5.82830913910729,-5.768805629786898,-5.82003779017801,-5.727665860373989,-5.854152721771841,-5.594455678061882,-5.708214748130108,-5.781396340799025,-5.719102209763338,-5.660291797772535,-5.6667045969067384,-5.7593480374500725,-6.356547323513812,-6.356547323513812,-6.356547323513812,-6.356547323513812,-6.356547323513812,-6.356547323513812,-6.356547323513812,-6.356547323513812,-6.356547323513812,-6.356547323513812,-6.356547323513812,-6.356547323513812,-6.356547323513812,-6.356547323513812,-6.356547323513812,-6.356547323513812,-6.356547323513812,-6.356547323513812,-6.356547323513812,-6.356547323513812
-5.877772177193815,-5.950041056090608,-6.082122196888708,-5.932742032964041,-6.013824749304958,-5.964932374530735,-6.057092395981607,-5.925788783932445,-5.9941841774142715,-6.051108138046704,-6.050123793643144,-6.022142843427367,-6.050946593403075,-6.117378530677011,-6.030278829281296,-6.007703364357084,-6.0573109411832124,-6.056588934390666,-6.112718587721507,-6.012307280345483,-6.795880017344075,-6.795880017344075,-6.795880017344075,-6.795880017344075,-6.795880017344075,-6.795880017344075,-6.795880017344075,-6.795880017344075,-6.795880017344075,-6.795880017344075,-6.795880017344075,-6.795880017344075,-6.795880017344075,-6.795880017344075,-6.795880017344075,-6.795880017344075,-6.795880017344075,-6.795880017344075,-6.795880017344075,-6.795880017344075
-5.720501403688118,-5.828610270734481,-5.962708384120011,-5.7998502033914505,-5.913604289669863,-5.913926975849265,-5.960197515253914,-5.789177597559929,-5.872436528583224,-5.929532326239953,-5.9115474126151435,-5.8971605079432905,-6.002043762906944,-6.053533190592652,-5.969447260821995,-5.964044308679848,-6.009372692850296,-6.0048542224721055,-6.0941504646246685,-5.957306458352313,-6.376750709602099,-6.376750709602099,-6.376750709602099,-6.376750709602099,-6.376750709602099,-6.376750709602099,-6.376750709602099,-6.376750709602099,-6.376750709602099,-6.376750709602099,-6.376750709602099,-6.376750709602099,-6.376750709602099,-6.376750709602099,-6.376750709602099,-6.376750709602099,-6.376750709602099,-6.376750709602099,-6.376750709602099,-6.376750709602099
-5.614267711351249,-5.6992859017196364,-5.740447094064719,-5.688885531228028,-5.703818773602414,-5.782968707254852,-5.772519349134564,-5.645014869020566,-5.758084932289109,-5.7949366237370805,-5.792559240407266,-5.761603336844445,-5.927825965399203,-5.818839714248933,-5.778776676933904,-5.845776337613403,-5.803460501437023,-5.783264200399678,-5.886896682707627,-5.819518863033827,-6.552841968657781,-6.552841968657781,-6.552841968657781,-6.552841968657781,-6.552841968657781,-6.552841968657781,-6.552841968657781,-6.552841968657781,-6.552841968657781,-6.552841968657781,-6.552841968657781,-6.552841968657781,-6.552841968657781,-6.552841968657781,-6.552841968657781,-6.552841968657781,-6.552841968657781,-6.552841968657781,-6.552841968657781,-6.552841968657781
-5.73640000389948,-5.84963191048164,-5.964852448700226,-5.828090944176286,-5.939197993941644,-5.920577352927573,-5.97484800929258,-5.824133362004533,-5.8765948247287945,-5.917129347872729,-5.905938594516044,-5.89114969622501,-6.00164825179307,-6.043015323281298,-5.9586444029480665,-5.972355340668326,-6.023748344700416,-5.998669758065083,-6.076332505833961,-5.959952030402184,-6.275724130399211,-6.275724130399211,-6.275724130399211,-6.275724130399211,-6.275724130399211,-6.275724130399211,-6.275724130399211,-6.275724130399211,-6.275724130399211,-6.275724130399211,-6.275724130399211,-6.275724130399211,-6.275724130399211,-6.275724130399211,-6.275724130399211,-6.275724130399211,-6.275724130399211,-6.275724130399211,-6.275724130399211,-6.275724130399211
-5.999753314598225,-6.061477017187971,-6.1847236849219405,-6.0511284500759634,-6.1209437444845625,-6.107327909596848,-6.177534426841005,-6.042404113644069,-6.090397404566665,-6.144380096373853,-6.156713011690521,-6.117381760715459,-6.1868966435784545,-6.213197702468755,-6.168415287139102,-6.150597627715199,-6.185625527543302,-6.183719976464329,-6.291490377500203,-6.159328106430467,-6.431798275933005,-6.431798275933005,-6.431798275933005,-6.431798275933005,-6.431798275933005,-6.431798275933005,-6.431798275933005,-6.431798275933005,-6.431798275933005,-6.431798275933005,-6.431798275933005,-6.431798275933005,-6.431798275933005,-6.431798275933005,-6.431798275933005,-6.431798275933005,-6.431798275933005,-6.431798275933005,-6.431798275933005,-6.431798275933005
-5.971886722456635,-5.960330267069053,-5.880041673061007,-5.95420729915731,-5.889004097031827,-5.925483490077637,-5.905794599719851,-5.929167419437204,-5.915653513568589,-5.987124514809026,-6.009928261344164,-5.9221969209103404,-6.014592537475198,-5.837815433759287,-5.954443117559273,-5.973911371926744,-5.9695676939943185,-5.908807101574361,-5.9513467328101735,-5.939191946841376,-5.1249387366083,-5.1249387366083,-5.1249387366083,-5.1249387366083,-5.1249387366083,-5.1249387366083,-5.1249387366083,-5.1249387366083,-5.1249387366083,-5.1249387366083,-5.1249387366083,-5.1249387366083,-5.1249387366083,-5.1249387366083,-5.1249387366083,-5.1249387366083,-5.1249387366083,-5.1249387366083,-5.1249387366083,-5.1249387366083
-5.997648340528394,-6.0454690637310655,-6.085506670502995,-6.033734184068798,-6.049413736872184,-6.069159805768493,-6.047619437268011,-6.03758087595543,-6.069559383173455,-6.03188348105596,-6.057135340792793,-6.028156096996901,-6.089288019823002,-6.082870897202369,-6.087048563810022,-6.077131720375306,-6.111411544654976,-6.107963741294116,-6.131758974510959,-6.066309570882125,-6.568636235841013,-6.568636235841013,-6.568636235841013,-6.568636235841013,-6.568636235841013,-6.568636235841013,-6.568636235841013,-6.568636235841013,-6.568636235841013,-6.568636235841013,-6.568636235841013,-6.568636235841013,-6.568636235841013,-6.568636235841013,-6.568636235841013,-6.568636235841013,-6.568636235841013,-6.568636235841013,-6.568636235841013,-6.568636235841013
-5.924835301854449,-5.950904484519832,-6.038774071443251,-5.8660475913087575,-5.843086406049366,-6.078155531553587,-5.959517984252363,-5.834769520101167,-5.971015205442402,-6.102133719834221,-6.059808553143538,-6.131532506447748,-6.036700111058255,-5.986563182251421,-6.117754719680897,-5.957942764442909,-5.894061289700353,-6.058253582103166,-6.047345126107969,-6.0266731203144825,-6.823908740944319,-6.823908740944319,-6.823908740944319,-6.823908740944319,-6.823908740944319,-6.823908740944319,-6.823908740944319,-6.823908740944319,-6.823908740944319,-6.823908740944319,-6.823908740944319,-6.823908740944319,-6.823908740944319,-6.823908740944319,-6.823908740944319,-6.823908740944319,-6.823908740944319,-6.823908740944319,-6.823908740944319,-6.823908740944319
-6.595731375160601,-6.784128266763754,-6.584908082002343,-6.73419639491266,-6.5644515195113575,-6.764402403212846,-6.674726255857297,-6.582354456263004,-6.814498035289421,-6.744849126863804,-6.813082923283852,-6.78524602901534,-6.814907925459918,-6.370462155968403,-6.525454824986927,-6.706905708659448,-6.59765297817076,-6.482368339549445,-6.514355655932795,-6.7473105407192415,-6.537602002101044,-6.537602002101044,-6.537602002101044,-6.537602002101044,-6.537602002101044,-6.537602002101044,-6.537602002101044,-6.537602002101044,-6.537602002101044,-6.537602002101044,-6.537602002101044,-6.537602002101044,-6.537602002101044,-6.537602002101044,-6.537602002101044,-6.537602002101044,-6.537602002101044,-6.537602002101044,-6.537602002101044,-6.537602002101044
-6.292187664128983,-6.37279622094363,-6.25015447996023,-6.380184371706752,-6.276745029499727,-6.219198510763624,-6.269938592313649,-6.26278611733132,-6.314010916383992,-6.266740724289695,-6.269042468247164,-6.245718253632823,-6.271699099412022,-6.233320239418325,-6.224998560485696,-6.290721152949001,-6.247318327412322,-6.224190569679071,-6.170034765168616,-6.27845404935869,-6.267606240177032,-6.267606240177032,-6.267606240177032,-6.267606240177032,-6.267606240177032,-6.267606240177032,-6.267606240177032,-6.267606240177032,-6.267606240177032,-6.267606240177032,-6.267606240177032,-6.267606240177032,-6.267606240177032,-6.267606240177032,-6.267606240177032,-6.267606240177032,-6.267606240177032,-6.267606240177032,-6.267606240177032,-6.267606240177032
-5.974109073389442,-6.00122474819917,-6.003627848110961,-5.930549919101579,-5.933287937701849,-6.000278060992955,-5.97694998449774,-5.932808123746457,-5.97442392854223,-5.99880199677,-6.015598475176457,-6.008396058493044,-6.008895883088111,-5.96154989406388,-6.054324474290591,-5.9453449141051,-5.976599334640599,-6.008348555171502,-5.987034210267547,-5.961266716247601,-6.292429823902063,-6.292429823902063,-6.292429823902063,-6.292429823902063,-6.292429823902063,-6.292429823902063,-6.292429823902063,-6.292429823902063,-6.292429823902063,-6.292429823902063,-6.292429823902063,-6.292429823902063,-6.292429823902063,-6.292429823902063,-6.292429823902063,-6.292429823902063,-6.292429823902063,-6.292429823902063,-6.292429823902063,-6.292429823902063
-6.131287428856975,-6.093364214830742,-6.024995498121004,-6.063359307603764,-5.976342844815782,-6.064479951719779,-6.015796320917343,-6.052045945320337,-6.074020110631965,-6.109135291581836,-6.102660925886547,-6.08855910513863,-6.104733374289615,-5.964700983606872,-6.078213716226196,-6.064711819730427,-6.011048895434872,-6.033029917417137,-5.991758249979931,-6.073930280829832,-6.1487416512809245,-6.1487416512809245,-6.1487416512809245,-6.1487416512809245,-6.1487416512809245,-6.1487416512809245,-6.1487416512809245,-6.1487416512809245,-6.1487416512809245,-6.1487416512809245,-6.1487416512809245,-6.1487416512809245,-6.1487416512809245,-6.1487416512809245,-6.1487416512809245,-6.1487416512809245,-6.1487416512809245,-6.1487416512809245,-6.1487416512809245,-6.1487416512809245
-6.016171516014222,-6.029597738146917,-6.06792828934964,-5.978887752008171,-6.001423843118154,-6.032535488221923,-6.039724324558042,-5.998845680897226,-6.0150267909837964,-6.0230961456340015,-6.036166807818567,-6.030069009539028,-6.047771570415511,-6.01927463136705,-6.097286543235076,-6.000187724225791,-6.042852367611218,-6.062788582835249,-6.04734373166697,-6.02225685655656,-6.455931955649724,-6.455931955649724,-6.455931955649724,-6.455931955649724,-6.455931955649724,-6.455931955649724,-6.455931955649724,-6.455931955649724,-6.455931955649724,-6.455931955649724,-6.455931955649724,-6.455931955649724,-6.455931955649724,-6.455931955649724,-6.455931955649724,-6.455931955649724,-6.455931955649724,-6.455931955649724,-6.455931955649724,-6.455931955649724
-5.991741952118006,-6.017999625178987,-6.024466102225762,-6.001149613351154,-5.994004216137702,-6.0031674776891215,-6.016307262376442,-5.999012316334833,-6.012406577303873,-6.031126698263606,-6.0582340651505096,-6.00704650337004,-6.051829263769406,-5.980055676702628,-6.039353311378276,-6.0162506818522825,-6.031199445940922,-6.02249275444416,-6.0239229748004535,-6.020465983638094,-5.7447274948966935,-5.7447274948966935,-5.7447274948966935,-5.7447274948966935,-5.7447274948966935,-5.7447274948966935,-5.7447274948966935,-5.7447274948966935,-5.7447274948966935,-5.7447274948966935,-5.7447274948966935,-5.7447274948966935,-5.7447274948966935,-5.7447274948966935,-5.7447274948966935,-5.7447274948966935,-5.7447274948966935,-5.7447274948966935,-5.7447274948966935,-5.7447274948966935
-5.98532134096722,-6.010996224730636,-5.996979416566754,-5.942210909273867,-5.938769022408562,-6.006494689586648,-5.977639232998253,-5.94649867561334,-5.988250480554309,-5.999934362854172,-6.017659286784124,-6.0108475842680695,-6.01285777634031,-5.952809248936485,-6.04905756658252,-5.946419156706854,-5.974973227263275,-5.9971366384370555,-5.977827608749589,-5.967445644206958,-6.0,-6.0,-6.0,-6.0,-6.0,-6.0,-6.0,-6.0,-6.0,-6.0,-6.0,-6.0,-6.0,-6.0,-6.0,-6.0,-6.0,-6.0,-6.0,-6.0
-6.008158436016117,-5.7640252433737755,-5.194788421073828,-6.174887807187223,-5.48130232334646,-5.975779613432744,-5.430288826562654,-5.656437387922751,-6.321531268723846,-6.525847311094735,-6.482213112390316,-6.066879630112157,-6.491141184627705,-4.868791388317546,-5.308782009620787,-6.407354962559011,-5.553408136647226,-5.236237294998122,-5.542508037061709,-6.516601771035615,-6.494850021680094,-6.494850021680094,-6.494850021680094,-6.494850021680094,-6.494850021680094,-6.494850021680094,-6.494850021680094,-6.494850021680094,-6.494850021680094,-6.494850021680094,-6.494850021680094,-6.494850021680094,-6.494850021680094,-6.494850021680094,-6.494850021680094,-6.494850021680094,-6.494850021680094,-6.494850021680094,-6.494850021680094,-6.494850021680094
-6.024226622230085,-6.082978834080559,-6.25898299505002,-6.078527431164522,-6.184995131247674,-6.122139635981256,-6.252645974511813,-6.0921796623975855,-6.107189133009146,-6.171205096981838,-6.186707538202925,-6.144109470582432,-6.21176376778105,-6.308570241274964,-6.220334205999324,-6.187704499421267,-6.237664562063234,-6.2406043874641846,-6.367014965124204,-6.200608150854962,-6.638272163982407,-6.638272163982407,-6.638272163982407,-6.638272163982407,-6.638272163982407,-6.638272163982407,-6.638272163982407,-6.638272163982407,-6.638272163982407,-6.638272163982407,-6.638272163982407,-6.638272163982407,-6.638272163982407,-6.638272163982407,-6.638272163982407,-6.638272163982407,-6.638272163982407,-6.638272163982407,-6.638272163982407,-6.638272163982407
-5.894846582717332,-5.935079427512458,-6.030533947967852,-5.843110943729366,-5.953733707719153,-5.943306752506927,-5.98864580148218,-5.900410974700589,-5.888993781395985,-5.910326954594238,-5.936101736741287,-5.925873783783192,-5.932885662159219,-6.038928050812496,-6.085033477556439,-5.873630638718918,-6.020591933449085,-6.028124834832219,-6.068001263382581,-5.896591236587031,-6.619788758288394,-6.619788758288394,-6.619788758288394,-6.619788758288394,-6.619788758288394,-6.619788758288394,-6.619788758288394,-6.619788758288394,-6.619788758288394,-6.619788758288394,-6.619788758288394,-6.619788758288394,-6.619788758288394,-6.619788758288394,-6.619788758288394,-6.619788758288394,-6.619788758288394,-6.619788758288394,-6.619788758288394,-6.619788758288394
-5.952099184054492,-5.899519508106062,-6.080806701100373,-5.91183961202505,-5.930112716239938,-6.139982903403435,-6.051190917052731,-5.768505152812757,-6.019263580462839,-6.153666523037258,-6.203697427876951,-6.1407167802384555,-6.220207997448723,-6.027875313180844,-6.118808224522148,-6.109537750579618,-6.077680545290855,-6.099212450127189,-6.294594665456091,-6.152086626596211,-6.769551078621726,-6.769551078621726,-6.769551078621726,-6.769551078621726,-6.769551078621726,-6.769551078621726,-6.769551078621726,-6.769551078621726,-6.769551078621726,-6.769551078621726,-6.769551078621726,-6.769551078621726,-6.769551078621726,-6.769551078621726,-6.769551078621726,-6.769551078621726,-6.769551078621726,-6.769551078621726,-6.769551078621726,-6.769551078621726
-6.37441787306796,-6.420009397862963,-6.563272270035004,-6.438393700927242,-6.452035445918647,-6.4481873144840165,-6.515562016538524,-6.426691621869306,-6.472392955616932,-6.420719762390159,-6.457967893358228,-6.435362201451175,-6.478770452698955,-6.54185790834842,-6.483022723173833,-6.4906122966067,-6.529187315829332,-6.533022204555227,-6.585366709564392,-6.5183442878334175,-6.42021640338319,-6.42021640338319,-6.42021640338319,-6.42021640338319,-6.42021640338319,-6.42021640338319,-6.42021640338319,-6.42021640338319,-6.42021640338319,-6.42021640338319,-6.42021640338319,-6.42021640338319,-6.42021640338319,-6.42021640338319,-6.42021640338319,-6.42021640338319,-6.42021640338319,-6.42021640338319,-6.42021640338319,-6.42021640338319
-5.904418479136953,-5.776224424127659,-5.822093548449224,-5.837278118164719,-5.820293806984598,-5.778322275890077,-5.819610100395873,-5.859012623771501,-5.788674714120657,-5.9094194202462695,-5.8543906212032315,-5.808596347052357,-5.877568537553999,-5.846794693437337,-5.81034314286941,-5.9150962166136605,-5.847270251449078,-5.870759739528345,-5.89890058891485,-5.863040628520895,-6.522878745280337,-6.522878745280337,-6.522878745280337,-6.522878745280337,-6.522878745280337,-6.522878745280337,-6.522878745280337,-6.522878745280337,-6.522878745280337,-6.522878745280337,-6.522878745280337,-6.522878745280337,-6.522878745280337,-6.522878745280337,-6.522878745280337,-6.522878745280337,-6.522878745280337,-6.522878745280337,-6.522878745280337,-6.522878745280337
-5.936947598721971,-5.86246334266803,-5.884144267389633,-5.915692062418271,-5.918997022629864,-5.855958182713395,-5.897948449952425,-5.950508408117095,-5.9181064685859095,-5.869789586973249,-5.894321913017922,-5.867712809270592,-5.95050439279204,-5.860214943766296,-5.81854221885067,-5.880225843543714,-5.866066993548885,-5.7920483212551535,-5.896679640471418,-5.913377617957914,-6.309803919971486,-6.309803919971486,-6.309803919971486,-6.309803919971486,-6.309803919971486,-6.309803919971486,-6.309803919971486,-6.309803919971486,-6.309803919971486,-6.309803919971486,-6.309803919971486,-6.309803919971486,-6.309803919971486,-6.309803919971486,-6.309803919971486,-6.309803919971486,-6.309803919971486,-6.309803919971486,-6.309803919971486,-6.309803919971486
-5.883114213330876,-5.720290270264801,-5.8067763148120335,-5.798704725200022,-5.8173911033172825,-5.74557525728907,-5.818872780924333,-5.842504625445817,-5.713386284428239,-5.88477418180484,-5.8212678834174145,-5.751591738910679,-5.859186354825271,-5.855738025356376,-5.819696900239034,-5.926577503670646,-5.869768574655502,-5.878513256970086,-5.95571204864985,-5.860053110655875,-6.346787486224656,-6.346787486224656,-6.346787486224656,-6.346787486224656,-6.346787486224656,-6.346787486224656,-6.346787486224656,-6.346787486224656,-6.346787486224656,-6.346787486224656,-6.346787486224656,-6.346787486224656,-6.346787486224656,-6.346787486224656,-6.346787486224656,-6.346787486224656,-6.346787486224656,-6.346787486224656,-6.346787486224656,-6.346787486224656
-6.358867680628739,-6.480350778810002,-6.42644444000936,-6.448854919210833,-6.386389089360559,-6.422933871882739,-6.438894642341776,-6.416157670507319,-6.454410183980774,-6.3734487590343845,-6.422619109550065,-6.418158514830609,-6.4372461694091,-6.35472229436444,-6.391834974027436,-6.400809100651015,-6.423150013785772,-6.386029276971108,-6.378426958540047,-6.404447740245292,-6.494850021680094,-6.494850021680094,-6.494850021680094,-6.494850021680094,-6.494850021680094,-6.494850021680094,-6.494850021680094,-6.494850021680094,-6.494850021680094,-6.494850021680094,-6.494850021680094,-6.494850021680094,-6.494850021680094,-6.494850021680094,-6.494850021680094,-6.494850021680094,-6.494850021680094,-6.494850021680094,-6.494850021680094,-6.494850021680094
-6.474982589480796,-6.509554066868219,-6.3751260284500635,-6.530547562822462,-6.391805031949091,-6.358360481777408,-6.394816527560979,-6.544537367222957,-6.45848594672441,-6.392720276676576,-6.409831223774325,-6.387777861976766,-6.414754286568908,-6.315716384681664,-6.335831129066561,-6.425820624146482,-6.369953968527507,-6.336827317823492,-6.304352374157698,-6.422557810677312,-6.823908740944319,-6.823908740944319,-6.823908740944319,-6.823908740944319,-6.823908740944319,-6.823908740944319,-6.823908740944319,-6.823908740944319,-6.823908740944319,-6.823908740944319,-6.823908740944319,-6.823908740944319,-6.823908740944319,-6.823908740944319,-6.823908740944319,-6.823908740944319,-6.823908740944319,-6.823908740944319,-6.823908740944319,-6.823908740944319
-6.30089752304706,-6.289325668912901,-6.242403979208557,-6.339516387663551,-6.191080384092257,-6.121696441687086,-6.249085987145941,-6.35203482262515,-6.147372394852626,-6.297139194703924,-6.297197537959086,-6.206279041363196,-6.26844696165348,-6.214709034649244,-6.218773143540916,-6.335908774672403,-6.2622387307712115,-6.263542620349322,-6.19877638132753,-6.2171790514011285,-6.537602002101044,-6.537602002101044,-6.537602002101044,-6.537602002101044,-6.537602002101044,-6.537602002101044,-6.537602002101044,-6.537602002101044,-6.537602002101044,-6.537602002101044,-6.537602002101044,-6.537602002101044,-6.537602002101044,-6.537602002101044,-6.537602002101044,-6.537602002101044,-6.537602002101044,-6.537602002101044,-6.537602002101044,-6.537602002101044
-5.957824631973978,-6.075444890977246,-6.0953543820436495,-6.006652794743247,-6.08544152143006,-6.038341871277762,-6.067785907434727,-6.017603618463618,-5.9844737698769075,-5.948194741738066,-5.995026360284846,-5.998650767157332,-6.03108644194148,-6.102926505572145,-6.086705389283239,-6.00173934469154,-6.105978107788578,-6.1109660919266595,-6.111776654726118,-5.987043012059655,-6.769551078621726,-6.769551078621726,-6.769551078621726,-6.769551078621726,-6.769551078621726,-6.769551078621726,-6.769551078621726,-6.769551078621726,-6.769551078621726,-6.769551078621726,-6.769551078621726,-6.769551078621726,-6.769551078621726,-6.769551078621726,-6.769551078621726,-6.769551078621726,-6.769551078621726,-6.769551078621726,-6.769551078621726,-6.769551078621726
-6.306613399145131,-6.423755934457048,-6.380536015886486,-6.38364328417607,-6.368164998066427,-6.340463783772823,-6.384560654209905,-6.356205662675193,-6.313195141296304,-6.314221563022933,-6.3751728104873635,-6.363405396255152,-6.354140353191339,-6.301420603075615,-6.326658178795718,-6.330908575825211,-6.342663401909399,-6.3353976412073365,-6.337448242038819,-6.326331663163513,-6.769551078621726,-6.769551078621726,-6.769551078621726,-6.769551078621726,-6.769551078621726,-6.769551078621726,-6.769551078621726,-6.769551078621726,-6.769551078621726,-6.769551078621726,-6.769551078621726,-6.769551078621726,-6.769551078621726,-6.769551078621726,-6.769551078621726,-6.769551078621726,-6.769551078621726,-6.769551078621726,-6.769551078621726,-6.769551078621726
-5.881770181384632,-5.9251296409567304,-6.15368560589346,-5.839351633219463,-6.029738572689423,-5.9971548110510176,-6.144344120970564,-5.905175165660225,-5.90716353738797,-5.9984549815714825,-5.994210015415451,-6.013934294218796,-6.0407157208646645,-6.266122206454387,-6.179050082257425,-5.99600042711426,-6.068527641214847,-6.151007756622359,-6.303198021684537,-6.023306911053384,-6.6777807052660805,-6.6777807052660805,-6.6777807052660805,-6.6777807052660805,-6.6777807052660805,-6.6777807052660805,-6.6777807052660805,-6.6777807052660805,-6.6777807052660805,-6.6777807052660805,-6.6777807052660805,-6.6777807052660805,-6.6777807052660805,-6.6777807052660805,-6.6777807052660805,-6.6777807052660805,-6.6777807052660805,-6.6777807052660805,-6.6777807052660805,-6.6777807052660805
-5.0157985905010625,-4.931425418028417,-4.833931469592087,-4.808660381714014,-4.827581829451457,-4.866743736670509,-4.645312428229805,-4.895565815165272,-4.860702505711224,-4.757279035525226,-4.761209184736785,-4.772511377423972,-4.500649503201977,-4.670107190953007,-4.871281848299439,-4.641427719319683,-4.643618784517085,-4.8390581089596445,-4.520550941411549,-4.679139695620011,-5.638272163982407,-5.638272163982407,-5.638272163982407,-5.638272163982407,-5.638272163982407,-5.638272163982407,-5.638272163982407,-5.638272163982407,-5.638272163982407,-5.638272163982407,-5.638272163982407,-5.638272163982407,-5.638272163982407,-5.638272163982407,-5.638272163982407,-5.638272163982407,-5.638272163982407,-5.638272163982407,-5.638272163982407,-5.638272163982407
-5.180217310163256,-5.163958388778411,-5.206049469049445,-5.071852907943085,-5.144253209578466,-5.141723710345861,-5.066264017802561,-5.1314566159746455,-5.148103013823437,-5.110674204242181,-5.1074755088996335,-5.130712566354816,-4.943154799028105,-5.119884300720569,-5.16710015839078,-5.002369460621972,-5.026689282025125,-5.175085337762382,-4.9455897108020155,-5.030066604156113,-5.327902142064283,-5.327902142064283,-5.327902142064283,-5.327902142064283,-5.327902142064283,-5.327902142064283,-5.327902142064283,-5.327902142064283,-5.327902142064283,-5.327902142064283,-5.327902142064283,-5.327902142064283,-5.327902142064283,-5.327902142064283,-5.327902142064283,-5.327902142064283,-5.327902142064283,-5.327902142064283,-5.327902142064283,-5.327902142064283
-6.042645747163734,-6.113139905640162,-6.123147698829088,-6.082512494884948,-6.068115047199251,-6.149307561099608,-6.109502887917567,-6.034701721104539,-6.131733478718663,-6.145414539624146,-6.172077019293341,-6.141219570218398,-6.1852909409907575,-6.079384625613167,-6.137340337173412,-6.126858440948666,-6.127264732269374,-6.1256418717480905,-6.185119757240538,-6.142315331602514,-6.769551078621726,-6.769551078621726,-6.769551078621726,-6.769551078621726,-6.769551078621726,-6.769551078621726,-6.769551078621726,-6.769551078621726,-6.769551078621726,-6.769551078621726,-6.769551078621726,-6.769551078621726,-6.769551078621726,-6.769551078621726,-6.769551078621726,-6.769551078621726,-6.769551078621726,-6.769551078621726,-6.769551078621726,-6.769551078621726
-5.675377984568743,-5.739111536946885,-5.895640312373432,-5.692091157067561,-5.801322661458552,-5.84798217936022,-5.859117636650896,-5.667575329044853,-5.7821376095102845,-5.865839672754972,-5.873946156738174,-5.859341919458227,-5.869941925603327,-5.890503166235199,-5.8866235955553385,-5.816297819538384,-5.837491273950519,-5.87338787624186,-5.940812499693232,-5.855428108662436,-6.259637310505756,-6.259637310505756,-6.259637310505756,-6.259637310505756,-6.259637310505756,-6.259637310505756,-6.259637310505756,-6.259637310505756,-6.259637310505756,-6.259637310505756,-6.259637310505756,-6.259637310505756,-6.259637310505756,-6.259637310505756,-6.259637310505756,-6.259637310505756,-6.259637310505756,-6.259637310505756,-6.259637310505756,-6.259637310505756
-4.9452594980781575,-4.83862967448644,-4.8594456583344465,-4.768108327941287,-4.912362891697998,-4.912253144993921,-4.779948037206491,-4.835932686497049,-4.8668567778323935,-4.88217169670055,-4.909055754131636,-4.8196020504731925,-4.777883250454278,-4.790198672004015,-4.976805977968559,-4.764224529573055,-4.869365742804759,-4.881267451936539,-4.897648420856852,-4.807779164412346,-5.958607314841775,-5.958607314841775,-5.958607314841775,-5.958607314841775,-5.958607314841775,-5.958607314841775,-5.958607314841775,-5.958607314841775,-5.958607314841775,-5.958607314841775,-5.958607314841775,-5.958607314841775,-5.958607314841775,-5.958607314841775,-5.958607314841775,-5.958607314841775,-5.958607314841775,-5.958607314841775,-5.958607314841775,-5.958607314841775
-5.311876360901939,-5.284201440202275,-5.324058419850465,-5.230222815693096,-5.284571206606238,-5.2519898907889635,-5.205330996952556,-5.270941078601383,-5.282152696041995,-5.277699204211557,-5.272962416209004,-5.267514416804948,-5.130451236079829,-5.271446161916157,-5.28212531764078,-5.183067484171114,-5.181930345410292,-5.3131185118687005,-5.115822748931716,-5.206551027106155,-4.638272163982407,-4.638272163982407,-4.638272163982407,-4.638272163982407,-4.638272163982407,-4.638272163982407,-4.638272163982407,-4.638272163982407,-4.638272163982407,-4.638272163982407,-4.638272163982407,-4.638272163982407,-4.638272163982407,-4.638272163982407,-4.638272163982407,-4.638272163982407,-4.638272163982407,-4.638272163982407,-4.638272163982407,-4.638272163982407
-5.24475214819951,-5.213248299087805,-5.282716327500087,-5.162870938193866,-5.252326348412567,-5.244964255775281,-5.197789538127273,-5.215968574586472,-5.240711613355603,-5.21062219615905,-5.2171228954537465,-5.226800909401791,-5.152013457032391,-5.222622902262008,-5.245955005440265,-5.1333439460652786,-5.177713276084644,-5.2220484905094615,-5.1344137423997,-5.165531837496299,-4.6777807052660805,-4.6777807052660805,-4.6777807052660805,-4.6777807052660805,-4.6777807052660805,-4.6777807052660805,-4.6777807052660805,-4.6777807052660805,-4.6777807052660805,-4.6777807052660805,-4.6777807052660805,-4.6777807052660805,-4.6777807052660805,-4.6777807052660805,-4.6777807052660805,-4.6777807052660805,-4.6777807052660805,-4.6777807052660805,-4.6777807052660805,-4.6777807052660805
-5.515120784072957,-5.519166702437544,-5.5901116244695315,-5.473742674819859,-5.525617094371466,-5.528383422700889,-5.516084857583394,-5.48402677766077,-5.536802923447735,-5.553508132114629,-5.553359657096579,-5.556336501423557,-5.478144542038379,-5.541008362588617,-5.5391429420924645,-5.48543375323383,-5.46221379171299,-5.554866569799762,-5.449755803412215,-5.517131214887865,-5.920818753952375,-5.920818753952375,-5.920818753952375,-5.920818753952375,-5.920818753952375,-5.920818753952375,-5.920818753952375,-5.920818753952375,-5.920818753952375,-5.920818753952375,-5.920818753952375,-5.920818753952375,-5.920818753952375,-5.920818753952375,-5.920818753952375,-5.920818753952375,-5.920818753952375,-5.920818753952375,-5.920818753952375,-5.920818753952375
-5.94056542931072,-5.9641561801803045,-6.114191991767246,-5.965411057177584,-6.069041719262377,-5.994434888663831,-6.105741067585139,-5.97794989242936,-5.977472207836905,-6.052484408520345,-6.0681339088346995,-6.020025089274329,-6.058237359462598,-6.12624465205815,-6.065770013533523,-6.052399382149751,-6.077274272218518,-6.0820171827333285,-6.192840769936236,-6.067985278460439,-6.130768280269024,-6.130768280269024,-6.130768280269024,-6.130768280269024,-6.130768280269024,-6.130768280269024,-6.130768280269024,-6.130768280269024,-6.130768280269024,-6.130768280269024,-6.130768280269024,-6.130768280269024,-6.130768280269024,-6.130768280269024,-6.130768280269024,-6.130768280269024,-6.130768280269024,-6.130768280269024,-6.130768280269024,-6.130768280269024
-6.471003606280841,-6.4649032455421445,-6.303580717398745,-6.505927575546954,-6.33398358791014,-6.438470262928167,-6.372313998306604,-6.448413281799806,-6.460496389009748,-6.481803793275793,-6.4723057607766785,-6.433697725793947,-6.5076105485607485,-6.192857522834268,-6.312261107180835,-6.501654863176472,-6.37323588043573,-6.29399797181814,-6.330377058909569,-6.49908950749508,-6.3979400086720375,-6.3979400086720375,-6.3979400086720375,-6.3979400086720375,-6.3979400086720375,-6.3979400086720375,-6.3979400086720375,-6.3979400086720375,-6.3979400086720375,-6.3979400086720375,-6.3979400086720375,-6.3979400086720375,-6.3979400086720375,-6.3979400086720375,-6.3979400086720375,-6.3979400086720375,-6.3979400086720375,-6.3979400086720375,-6.3979400086720375,-6.3979400086720375
-5.447977596695918,-5.36536222021769,-5.573218372276675,-5.353162881266131,-5.506356748800284,-5.5151211798907305,-5.575646748613572,-5.422099461944373,-5.395702580461432,-5.451677025198339,-5.4582787724496065,-5.486618711561091,-5.578462887025468,-5.56529504394764,-5.543113545494024,-5.453031677961537,-5.529374569192259,-5.470535541027921,-5.659654815837631,-5.44884689807286,-6.075720713938118,-6.075720713938118,-6.075720713938118,-6.075720713938118,-6.075720713938118,-6.075720713938118,-6.075720713938118,-6.075720713938118,-6.075720713938118,-6.075720713938118,-6.075720713938118,-6.075720713938118,-6.075720713938118,-6.075720713938118,-6.075720713938118,-6.075720713938118,-6.075720713938118,-6.075720713938118,-6.075720713938118,-6.075720713938118
-5.647197283917545,-5.691368814397371,-5.5640735349224535,-5.737715531805771,-5.579178032290487,-5.678257239083106,-5.596257998890717,-5.651112575171514,-5.763188129610009,-5.749092211394149,-5.812810835620268,-5.667878487058812,-5.824322387035528,-5.512344772439614,-5.598443468188666,-5.767427795234458,-5.633728501080588,-5.589274234936282,-5.610947987374666,-5.7423770302390205,-6.6020599913279625,-6.6020599913279625,-6.6020599913279625,-6.6020599913279625,-6.6020599913279625,-6.6020599913279625,-6.6020599913279625,-6.6020599913279625,-6.6020599913279625,-6.6020599913279625,-6.6020599913279625,-6.6020599913279625,-6.6020599913279625,-6.6020599913279625,-6.6020599913279625,-6.6020599913279625,-6.6020599913279625,-6.6020599913279625,-6.6020599913279625,-6.6020599913279625
-4.023449149267549,-4.215054944365152,-4.35598010186379,-4.124174629377447,-4.546290191044405,-4.226284679901024,-4.358284317426046,-4.1708632034626545,-4.610639239768445,-4.40553561927798,-4.754636525508287,-4.245489485716694,-4.47918060741707,-4.305955440806244,-4.525928286506444,-4.053783757776842,-4.60161108399609,-4.095555137809683,-4.483637418535371,-4.376304164082846,-6.481486060122113,-6.481486060122113,-6.481486060122113,-6.481486060122113,-6.481486060122113,-6.481486060122113,-6.481486060122113,-6.481486060122113,-6.481486060122113,-6.481486060122113,-6.481486060122113,-6.481486060122113,-6.481486060122113,-6.481486060122113,-6.481486060122113,-6.481486060122113,-6.481486060122113,-6.481486060122113,-6.481486060122113,-6.481486060122113
-5.65294747176976,-5.529449604524553,-5.739134440397216,-5.589847509598625,-5.719932463571371,-5.684879030699646,-5.76540222726387,-5.626784414388714,-5.591604322980441,-5.717028493701153,-5.712340710550703,-5.65980710889667,-5.8174175650858695,-5.746740051273344,-5.720635328685984,-5.741561876595441,-5.781550654165546,-5.68821652116688,-5.96762391613962,-5.718659635666357,-5.568636235841013,-5.568636235841013,-5.568636235841013,-5.568636235841013,-5.568636235841013,-5.568636235841013,-5.568636235841013,-5.568636235841013,-5.568636235841013,-5.568636235841013,-5.568636235841013,-5.568636235841013,-5.568636235841013,-5.568636235841013,-5.568636235841013,-5.568636235841013,-5.568636235841013,-5.568636235841013,-5.568636235841013,-5.568636235841013
-5.593815777813829,-5.6592839662406496,-5.864310830777028,-5.687437165382184,-5.8143538149694525,-5.792193721360897,-5.856259184519558,-5.643629647284606,-5.723057585992427,-5.8720418591007135,-5.850616340374831,-5.789476492003877,-5.890019136684574,-5.884721792904801,-5.8149985282580365,-5.8972345849853305,-5.900702081325341,-5.856031146291991,-5.988792632328871,-5.87909612684303,-5.769551078621726,-5.769551078621726,-5.769551078621726,-5.769551078621726,-5.769551078621726,-5.769551078621726,-5.769551078621726,-5.769551078621726,-5.769551078621726,-5.769551078621726,-5.769551078621726,-5.769551078621726,-5.769551078621726,-5.769551078621726,-5.769551078621726,-5.769551078621726,-5.769551078621726,-5.769551078621726,-5.769551078621726,-5.769551078621726
-5.602159905361757,-5.457724002702635,-5.63168110654443,-5.531472473923842,-5.625565754569189,-5.568724803095018,-5.649732594521589,-5.566904358351698,-5.52002021257849,-5.672884514215434,-5.640568412917443,-5.570471831888933,-5.732477868336687,-5.679605686064009,-5.630733409220498,-5.691564727159974,-5.699756744839233,-5.638345003749124,-5.82875730863768,-5.650087218972495,-6.008773924307505,-6.008773924307505,-6.008773924307505,-6.008773924307505,-6.008773924307505,-6.008773924307505,-6.008773924307505,-6.008773924307505,-6.008773924307505,-6.008773924307505,-6.008773924307505,-6.008773924307505,-6.008773924307505,-6.008773924307505,-6.008773924307505,-6.008773924307505,-6.008773924307505,-6.008773924307505,-6.008773924307505,-6.008773924307505
-5.636656567535191,-5.522944763249231,-5.569623270663953,-5.542811696071497,-5.616884490780157,-5.5805892035431,-5.614441229012141,-5.586512986430222,-5.531102490752625,-5.675723398646535,-5.675519055898502,-5.563671497854673,-5.714957748506323,-5.601552090805336,-5.676007533667813,-5.650785266275409,-5.7011196658720635,-5.604470668889973,-5.784144882365184,-5.631965963309571,-6.3979400086720375,-6.3979400086720375,-6.3979400086720375,-6.3979400086720375,-6.3979400086720375,-6.3979400086720375,-6.3979400086720375,-6.3979400086720375,-6.3979400086720375,-6.3979400086720375,-6.3979400086720375,-6.3979400086720375,-6.3979400086720375,-6.3979400086720375,-6.3979400086720375,-6.3979400086720375,-6.3979400086720375,-6.3979400086720375,-6.3979400086720375,-6.3979400086720375
-5.944326384305045,-5.817751485173562,-5.816968897305773,-5.89013552742329,-5.863482746567868,-5.803758090137083,-5.8666186985843565,-5.906385034301276,-5.747236182042002,-5.977859597733412,-5.939496857976104,-5.807454858311358,-5.964614897739977,-5.847403595332243,-5.8981616839130355,-6.027624883323768,-5.970168709676694,-5.915328282510103,-5.996516010928622,-5.940200145626859,-5.920818753952375,-5.920818753952375,-5.920818753952375,-5.920818753952375,-5.920818753952375,-5.920818753952375,-5.920818753952375,-5.920818753952375,-5.920818753952375,-5.920818753952375,-5.920818753952375,-5.920818753952375,-5.920818753952375,-5.920818753952375,-5.920818753952375,-5.920818753952375,-5.920818753952375,-5.920818753952375,-5.920818753952375,-5.920818753952375
-5.604001939494677,-5.690263518507544,-5.922318032831382,-5.695129542547744,-5.837700178060412,-5.833787445156248,-5.904274961073505,-5.641309815206068,-5.755238496074946,-5.941884708313885,-5.87983023821933,-5.858037855022219,-5.9411226629187235,-5.963170101005619,-5.870177269804476,-5.945174833426767,-5.959680976799684,-5.919431317727535,-6.042782239412622,-5.908910086902703,-5.096910013008056,-5.096910013008056,-5.096910013008056,-5.096910013008056,-5.096910013008056,-5.096910013008056,-5.096910013008056,-5.096910013008056,-5.096910013008056,-5.096910013008056,-5.096910013008056,-5.096910013008056,-5.096910013008056,-5.096910013008056,-5.096910013008056,-5.096910013008056,-5.096910013008056,-5.096910013008056,-5.096910013008056,-5.096910013008056
-5.640835057142495,-5.732682372243381,-5.967148456462213,-5.754342566382072,-5.890300853890747,-5.844431207088964,-5.947679554979549,-5.720472023067469,-5.794245438640706,-5.929119646227629,-5.894188193353016,-5.85623575652031,-5.947911170386367,-6.016190678349887,-5.889335373042768,-5.968312035308948,-5.987171750698816,-5.9631981240556176,-6.061570281504815,-5.935965829770945,-5.958607314841775,-5.958607314841775,-5.958607314841775,-5.958607314841775,-5.958607314841775,-5.958607314841775,-5.958607314841775,-5.958607314841775,-5.958607314841775,-5.958607314841775,-5.958607314841775,-5.958607314841775,-5.958607314841775,-5.958607314841775,-5.958607314841775,-5.958607314841775,-5.958607314841775,-5.958607314841775,-5.958607314841775,-5.958607314841775
-5.588830162806192,-5.662972997966511,-5.9054162816730935,-5.67691115099711,-5.834681027217208,-5.814873266440211,-5.896752721647713,-5.6348411653454535,-5.728491391725733,-5.909200666413313,-5.86034507997681,-5.828223178668031,-5.937958019883515,-5.9484729287685285,-5.8573326288689325,-5.92335690950954,-5.958548299567403,-5.885729578447312,-6.051595976799957,-5.891783167025362,-6.0,-6.0,-6.0,-6.0,-6.0,-6.0,-6.0,-6.0,-6.0,-6.0,-6.0,-6.0,-6.0,-6.0,-6.0,-6.0,-6.0,-6.0,-6.0,-6.0
-5.3892832044697805,-5.467230874407527,-5.628144490992582,-5.415863484694317,-5.514915270623508,-5.519847506812733,-5.535740314773671,-5.406018806301073,-5.477475027605598,-5.580332951816927,-5.5182752569357785,-5.542173184084745,-5.48265403792772,-5.613737268335192,-5.5596184749470305,-5.542480305093716,-5.55557822327582,-5.606309044969136,-5.516864174034109,-5.506465686491767,-5.4089353929735005,-5.4089353929735005,-5.4089353929735005,-5.4089353929735005,-5.4089353929735005,-5.4089353929735005,-5.4089353929735005,-5.4089353929735005,-5.4089353929735005,-5.4089353929735005,-5.4089353929735005,-5.4089353929735005,-5.4089353929735005,-5.4089353929735005,-5.4089353929735005,-5.4089353929735005,-5.4089353929735005,-5.4089353929735005,-5.4089353929735005,-5.4089353929735005
-6.2864672395860834,-6.236514253062601,-6.140118215827866,-6.269359348519117,-6.141529969681301,-6.116183564030636,-6.161490584505366,-6.282615068373904,-6.130117240908776,-6.186998287240483,-6.181440409418556,-6.132110255633732,-6.195064957922069,-6.124638930619778,-6.152949973542925,-6.243272199049661,-6.190222448993712,-6.171490786302531,-6.125991175092276,-6.162363225341602,-6.346787486224656,-6.346787486224656,-6.346787486224656,-6.346787486224656,-6.346787486224656,-6.346787486224656,-6.346787486224656,-6.346787486224656,-6.346787486224656,-6.346787486224656,-6.346787486224656,-6.346787486224656,-6.346787486224656,-6.346787486224656,-6.346787486224656,-6.346787486224656,-6.346787486224656,-6.346787486224656,-6.346787486224656,-6.346787486224656
-6.014939245080651,-6.032875157369813,-5.969943770786918,-6.037174048882158,-5.962983366679898,-6.0099347855511756,-5.974954728454555,-5.9797878120830195,-6.031439518049021,-6.050479410853226,-6.053446600811716,-6.021490597672592,-6.0782252137265775,-5.9433773636241645,-5.9919492421081015,-6.042653796814485,-6.002995147699539,-5.983161073698866,-6.007553790466585,-6.022618423080582,-5.721246399047171,-5.721246399047171,-5.721246399047171,-5.721246399047171,-5.721246399047171,-5.721246399047171,-5.721246399047171,-5.721246399047171,-5.721246399047171,-5.721246399047171,-5.721246399047171,-5.721246399047171,-5.721246399047171,-5.721246399047171,-5.721246399047171,-5.721246399047171,-5.721246399047171,-5.721246399047171,-5.721246399047171,-5.721246399047171
-6.270775795699948,-6.231990476035497,-6.136879367294103,-6.257250724704394,-6.139375623554225,-6.1470880002517365,-6.151717771038265,-6.253966324161159,-6.215319353237244,-6.216880691702008,-6.222752565525126,-6.189057127241144,-6.227126449110817,-6.082403461974838,-6.120107548701414,-6.206641998722495,-6.1330591887423385,-6.107528389405132,-6.104575619160621,-6.2032506066496875,-6.886056647693163,-6.886056647693163,-6.886056647693163,-6.886056647693163,-6.886056647693163,-6.886056647693163,-6.886056647693163,-6.886056647693163,-6.886056647693163,-6.886056647693163,-6.886056647693163,-6.886056647693163,-6.886056647693163,-6.886056647693163,-6.886056647693163,-6.886056647693163,-6.886056647693163,-6.886056647693163,-6.886056647693163,-6.886056647693163
-5.999169971629701,-5.864634613385461,-5.913916253024447,-5.927339716650477,-5.907359466236178,-5.843133944026596,-5.9284392997687,-5.965998729134446,-5.828187678564928,-5.9922686209237135,-5.948869847789068,-5.876288835305743,-5.997426289153454,-5.964269300231858,-5.940500271777575,-6.022428670619777,-5.9860007585617785,-5.9723457339483526,-6.040267239409542,-5.945655272208301,-6.958607314841775,-6.958607314841775,-6.958607314841775,-6.958607314841775,-6.958607314841775,-6.958607314841775,-6.958607314841775,-6.958607314841775,-6.958607314841775,-6.958607314841775,-6.958607314841775,-6.958607314841775,-6.958607314841775,-6.958607314841775,-6.958607314841775,-6.958607314841775,-6.958607314841775,-6.958607314841775,-6.958607314841775,-6.958607314841775
-6.00652399788377,-5.87829017014269,-5.9224183657169185,-5.949061079166167,-5.926608582259125,-5.870549967655418,-5.9457583784527515,-5.975291554779649,-5.8570638484459865,-6.018234786722687,-5.977662739684905,-5.899647342788878,-6.02598985469206,-5.959220360399907,-5.942874021782221,-6.0477629150568335,-6.001060419733114,-5.973181627084302,-6.056016879481161,-5.979601097947208,-6.886056647693163,-6.886056647693163,-6.886056647693163,-6.886056647693163,-6.886056647693163,-6.886056647693163,-6.886056647693163,-6.886056647693163,-6.886056647693163,-6.886056647693163,-6.886056647693163,-6.886056647693163,-6.886056647693163,-6.886056647693163,-6.886056647693163,-6.886056647693163,-6.886056647693163,-6.886056647693163,-6.886056647693163,-6.886056647693163
-5.9302762634997075,-5.962501185884897,-6.053358917587109,-5.96861789295626,-6.10670970625613,-5.9217275781326775,-6.051747796284887,-5.99930507206813,-5.939698449950003,-5.940917809084149,-6.008917873361539,-5.954933155350287,-6.008667813439354,-6.066932750557359,-5.978100837027566,-5.945868460538099,-6.035342114067998,-5.965106180830284,-6.110593335115879,-5.983275810439908,-6.657577319177793,-6.657577319177793,-6.657577319177793,-6.657577319177793,-6.657577319177793,-6.657577319177793,-6.657577319177793,-6.657577319177793,-6.657577319177793,-6.657577319177793,-6.657577319177793,-6.657577319177793,-6.657577319177793,-6.657577319177793,-6.657577319177793,-6.657577319177793,-6.657577319177793,-6.657577319177793,-6.657577319177793,-6.657577319177793
-5.850694653083738,-5.775729292950014,-5.839743850444402,-5.812616367500669,-5.834622815060306,-5.804211678389759,-5.854110415791775,-5.839173884449468,-5.819283372503412,-5.840384538261827,-5.851524729253121,-5.828069288952524,-5.912502108044474,-5.8256102388905315,-5.795075361718256,-5.834379942000329,-5.819199625245734,-5.765112871130909,-5.879789999388888,-5.847474512451197,-6.619788758288394,-6.619788758288394,-6.619788758288394,-6.619788758288394,-6.619788758288394,-6.619788758288394,-6.619788758288394,-6.619788758288394,-6.619788758288394,-6.619788758288394,-6.619788758288394,-6.619788758288394,-6.619788758288394,-6.619788758288394,-6.619788758288394,-6.619788758288394,-6.619788758288394,-6.619788758288394,-6.619788758288394,-6.619788758288394
-5.965451882110685,-5.972036014287664,-6.035437578776911,-5.998115266632239,-6.081411662605147,-5.932083808002251,-6.0379765210478,-6.017063545712212,-5.979102605469802,-5.993939290403632,-6.033997372013363,-5.979497079636246,-6.023386757200794,-6.031838302467398,-5.954779684200144,-5.974894826145883,-6.026627863590087,-5.959790951533451,-6.068610807372765,-5.997155321102953,-6.7447274948966935,-6.7447274948966935,-6.7447274948966935,-6.7447274948966935,-6.7447274948966935,-6.7447274948966935,-6.7447274948966935,-6.7447274948966935,-6.7447274948966935,-6.7447274948966935,-6.7447274948966935,-6.7447274948966935,-6.7447274948966935,-6.7447274948966935,-6.7447274948966935,-6.7447274948966935,-6.7447274948966935,-6.7447274948966935,-6.7447274948966935,-6.7447274948966935
-5.9846522476839645,-6.074505325681207,-6.085412208345925,-6.033378380288444,-6.106654174879074,-6.048019311902865,-6.076872308793975,-5.968375656016246,-6.0285073157539655,-6.0820879602861835,-6.143874506928914,-6.111137492801405,-6.138521134593267,-6.092782551470502,-6.062589823666846,-6.058713436225319,-6.0381645044972645,-6.059791166558983,-6.171872214016656,-6.097187186716004,-6.142667503568732,-6.142667503568732,-6.142667503568732,-6.142667503568732,-6.142667503568732,-6.142667503568732,-6.142667503568732,-6.142667503568732,-6.142667503568732,-6.142667503568732,-6.142667503568732,-6.142667503568732,-6.142667503568732,-6.142667503568732,-6.142667503568732,-6.142667503568732,-6.142667503568732,-6.142667503568732,-6.142667503568732,-6.142667503568732
-5.965092550847064,-5.998079420973501,-6.069703643926968,-6.012571295018495,-6.123697215558098,-5.955699693868405,-6.070042041498178,-6.022670048455159,-5.979775202252176,-5.997676096365038,-6.055730008280708,-6.001127649932971,-6.043002131176812,-6.068103727489571,-5.985711352154038,-5.993786406652325,-6.047998400779156,-5.987260144328355,-6.11151330564174,-6.027131786528981,-6.431798275933005,-6.431798275933005,-6.431798275933005,-6.431798275933005,-6.431798275933005,-6.431798275933005,-6.431798275933005,-6.431798275933005,-6.431798275933005,-6.431798275933005,-6.431798275933005,-6.431798275933005,-6.431798275933005,-6.431798275933005,-6.431798275933005,-6.431798275933005,-6.431798275933005,-6.431798275933005,-6.431798275933005,-6.431798275933005
-6.180277598472954,-6.2670714356813635,-6.319281162325547,-6.223845691016294,-6.267631620557498,-6.245899643160805,-6.294762667489578,-6.198875990639571,-6.21510554052759,-6.222309230866389,-6.280091651847854,-6.262781309466593,-6.309840233219412,-6.32414637675523,-6.302167529921817,-6.25143237725649,-6.277384737035593,-6.3064041837147045,-6.403481770491513,-6.264701015152899,-6.522878745280337,-6.522878745280337,-6.522878745280337,-6.522878745280337,-6.522878745280337,-6.522878745280337,-6.522878745280337,-6.522878745280337,-6.522878745280337,-6.522878745280337,-6.522878745280337,-6.522878745280337,-6.522878745280337,-6.522878745280337,-6.522878745280337,-6.522878745280337,-6.522878745280337,-6.522878745280337,-6.522878745280337,-6.522878745280337
-6.2229098208316165,-6.193420928436792,-6.184883524306236,-6.227367889229757,-6.214583108171188,-6.149889507341251,-6.215122639246923,-6.245188785612323,-6.170412286987179,-6.206492381275268,-6.210888531402427,-6.166190158286761,-6.230469672090763,-6.169148033478442,-6.154444730712945,-6.233165737628138,-6.210953785324232,-6.166813508527416,-6.241609623626924,-6.224704337897521,-6.657577319177793,-6.657577319177793,-6.657577319177793,-6.657577319177793,-6.657577319177793,-6.657577319177793,-6.657577319177793,-6.657577319177793,-6.657577319177793,-6.657577319177793,-6.657577319177793,-6.657577319177793,-6.657577319177793,-6.657577319177793,-6.657577319177793,-6.657577319177793,-6.657577319177793,-6.657577319177793,-6.657577319177793,-6.657577319177793
-5.977584580529936,-6.009401414479891,-6.10801828506448,-5.994185310747413,-6.025427511351196,-6.143005376672341,-6.054244251805665,-5.9856823115542435,-6.065459694156961,-6.106574826576183,-6.103866399391829,-6.095352922856108,-6.163672933227097,-6.098558205220528,-6.145350555689056,-6.137703821847455,-6.120586344331587,-6.164065239102704,-6.258507313105106,-6.16187487977133,-6.886056647693163,-6.886056647693163,-6.886056647693163,-6.886056647693163,-6.886056647693163,-6.886056647693163,-6.886056647693163,-6.886056647693163,-6.886056647693163,-6.886056647693163,-6.886056647693163,-6.886056647693163,-6.886056647693163,-6.886056647693163,-6.886056647693163,-6.886056647693163,-6.886056647693163,-6.886056647693163,-6.886056647693163,-6.886056647693163
-5.990596585341995,-6.0619458854048895,-6.119901241108517,-6.051664746731598,-6.099451398170942,-6.099029803877489,-6.136472183581763,-6.049698282594701,-6.041554583680536,-6.080796871972449,-6.113157004077157,-6.052482409738871,-6.157676943308683,-6.110456770403668,-6.131098426226724,-6.142024653384509,-6.191001134011994,-6.143845742277769,-6.23251884010446,-6.120412587600355,-6.468521082957745,-6.468521082957745,-6.468521082957745,-6.468521082957745,-6.468521082957745,-6.468521082957745,-6.468521082957745,-6.468521082957745,-6.468521082957745,-6.468521082957745,-6.468521082957745,-6.468521082957745,-6.468521082957745,-6.468521082957745,-6.468521082957745,-6.468521082957745,-6.468521082957745,-6.468521082957745,-6.468521082957745,-6.468521082957745
-6.498342033315326,-6.564676517403894,-6.443967624837131,-6.562355731824619,-6.454089947095726,-6.398827618123753,-6.448989293932553,-6.550340008659353,-6.507056165912427,-6.395703143579849,-6.414044858102364,-6.415531028551575,-6.439120419448722,-6.402608258933542,-6.424525154546516,-6.456047672034861,-6.434483266601034,-6.392044903313817,-6.344616307674758,-6.447512701276511,-6.657577319177793,-6.657577319177793,-6.657577319177793,-6.657577319177793,-6.657577319177793,-6.657577319177793,-6.657577319177793,-6.657577319177793,-6.657577319177793,-6.657577319177793,-6.657577319177793,-6.657577319177793,-6.657577319177793,-6.657577319177793,-6.657577319177793,-6.657577319177793,-6.657577319177793,-6.657577319177793,-6.657577319177793,-6.657577319177793
-5.6186932354327075,-5.587453008202499,-5.6689750019734255,-5.50672289094875,-5.56280273000158,-5.616916566519833,-5.617587343295348,-5.548737412465125,-5.556538988033896,-5.645862853315596,-5.5911751034933115,-5.643906803783467,-5.573256364878275,-5.67633182381891,-5.683078218201661,-5.578708760748047,-5.566045236925222,-5.6961545234732585,-5.602698044663002,-5.562330286931016,-6.522878745280337,-6.522878745280337,-6.522878745280337,-6.522878745280337,-6.522878745280337,-6.522878745280337,-6.522878745280337,-6.522878745280337,-6.522878745280337,-6.522878745280337,-6.522878745280337,-6.522878745280337,-6.522878745280337,-6.522878745280337,-6.522878745280337,-6.522878745280337,-6.522878745280337,-6.522878745280337,-6.522878745280337,-6.522878745280337
-5.633364903796728,-5.596174448210966,-5.700479994309697,-5.539069063378074,-5.607787908365945,-5.613211826579587,-5.646181607984665,-5.58619601662467,-5.576939362413358,-5.666041451637107,-5.618984438610113,-5.641519991609134,-5.592071390999602,-5.720426368296858,-5.701381467380247,-5.613180243460423,-5.61557514536736,-5.729503614785937,-5.659200932613784,-5.593060228699589,-5.481486060122113,-5.481486060122113,-5.481486060122113,-5.481486060122113,-5.481486060122113,-5.481486060122113,-5.481486060122113,-5.481486060122113,-5.481486060122113,-5.481486060122113,-5.481486060122113,-5.481486060122113,-5.481486060122113,-5.481486060122113,-5.481486060122113,-5.481486060122113,-5.481486060122113,-5.481486060122113,-5.481486060122113,-5.481486060122113
-5.971374667773223,-6.074739281234994,-6.218339492674942,-6.033259580298667,-6.094839135088327,-6.160092675203946,-6.162870133556762,-5.971403549218987,-6.113293199128962,-6.1815326336772465,-6.171091058695916,-6.176619504506131,-6.185835894571368,-6.219958493761281,-6.187899476322858,-6.166733471267881,-6.166581768010947,-6.242407809800111,-6.270428093834719,-6.183465670846253,-6.7447274948966935,-6.7447274948966935,-6.7447274948966935,-6.7447274948966935,-6.7447274948966935,-6.7447274948966935,-6.7447274948966935,-6.7447274948966935,-6.7447274948966935,-6.7447274948966935,-6.7447274948966935,-6.7447274948966935,-6.7447274948966935,-6.7447274948966935,-6.7447274948966935,-6.7447274948966935,-6.7447274948966935,-6.7447274948966935,-6.7447274948966935,-6.7447274948966935
-5.752905782891394,-5.666708699990001,-5.769412820019362,-5.661360935706693,-5.707187700138166,-5.691753704009125,-5.747129461135425,-5.702175850107835,-5.657764696174486,-5.787054600442024,-5.7394424592510065,-5.722229712905438,-5.741942324569965,-5.800643348061174,-5.778065159589693,-5.7604402676904485,-5.73978660897321,-5.807289700784823,-5.819744061714361,-5.7220823884758785,-6.638272163982407,-6.638272163982407,-6.638272163982407,-6.638272163982407,-6.638272163982407,-6.638272163982407,-6.638272163982407,-6.638272163982407,-6.638272163982407,-6.638272163982407,-6.638272163982407,-6.638272163982407,-6.638272163982407,-6.638272163982407,-6.638272163982407,-6.638272163982407,-6.638272163982407,-6.638272163982407,-6.638272163982407,-6.638272163982407
-5.628808524086909,-5.593949031521756,-5.692228964564302,-5.539140000545865,-5.605025652253535,-5.617156590882921,-5.642640326966733,-5.5798992234918,-5.58038476208484,-5.671144781436902,-5.626101127431286,-5.644776061480549,-5.599490424806655,-5.70626660169416,-5.694967441982421,-5.6143275829012955,-5.613646725606473,-5.718085359937328,-5.656249071386646,-5.597206399884258,-6.568636235841013,-6.568636235841013,-6.568636235841013,-6.568636235841013,-6.568636235841013,-6.568636235841013,-6.568636235841013,-6.568636235841013,-6.568636235841013,-6.568636235841013,-6.568636235841013,-6.568636235841013,-6.568636235841013,-6.568636235841013,-6.568636235841013,-6.568636235841013,-6.568636235841013,-6.568636235841013,-6.568636235841013,-6.568636235841013
-5.705785755843953,-5.713781446238486,-5.794630421508633,-5.655634377916778,-5.688889014258342,-5.754950363327672,-5.747459343394582,-5.65229275533323,-5.719061021581897,-5.801644122091909,-5.766447890051438,-5.794728276243992,-5.738567542165446,-5.77523585423483,-5.780298760776313,-5.732546516814235,-5.692518580447305,-5.798084832475418,-5.7297732172045786,-5.7368414177488685,-6.356547323513812,-6.356547323513812,-6.356547323513812,-6.356547323513812,-6.356547323513812,-6.356547323513812,-6.356547323513812,-6.356547323513812,-6.356547323513812,-6.356547323513812,-6.356547323513812,-6.356547323513812,-6.356547323513812,-6.356547323513812,-6.356547323513812,-6.356547323513812,-6.356547323513812,-6.356547323513812,-6.356547323513812,-6.356547323513812
-5.684430578560304,-5.61018726076271,-5.612651882934115,-5.593851863649887,-5.591049114515191,-5.603135579166281,-5.578138472188914,-5.63756380267457,-5.625193676114095,-5.6023146810560425,-5.6051821590505275,-5.610328697687195,-5.624893712687107,-5.597131824146831,-5.613497385424447,-5.570073076205815,-5.552589359928795,-5.57373924996791,-5.555700417374182,-5.594564932386665,-6.795880017344075,-6.795880017344075,-6.795880017344075,-6.795880017344075,-6.795880017344075,-6.795880017344075,-6.795880017344075,-6.795880017344075,-6.795880017344075,-6.795880017344075,-6.795880017344075,-6.795880017344075,-6.795880017344075,-6.795880017344075,-6.795880017344075,-6.795880017344075,-6.795880017344075,-6.795880017344075,-6.795880017344075,-6.795880017344075
-5.4577451757143205,-5.366169662695853,-5.378918109360037,-5.293068015095775,-5.322076067749837,-5.357097200016707,-5.301033593972863,-5.352645473168867,-5.318848239775734,-5.386275889105106,-5.351065762965519,-5.3634769584485,-5.302949029585791,-5.387520992267218,-5.445954915119755,-5.306565363764169,-5.310912438844562,-5.438883292255008,-5.314756384666888,-5.287182586698883,-5.096910013008056,-5.096910013008056,-5.096910013008056,-5.096910013008056,-5.096910013008056,-5.096910013008056,-5.096910013008056,-5.096910013008056,-5.096910013008056,-5.096910013008056,-5.096910013008056,-5.096910013008056,-5.096910013008056,-5.096910013008056,-5.096910013008056,-5.096910013008056,-5.096910013008056,-5.096910013008056,-5.096910013008056,-5.096910013008056
-5.8755879612618545,-5.922220342882593,-5.9646179061843405,-5.846166107895277,-5.907897241714072,-5.90561418476015,-5.905467730177507,-5.864094100747007,-5.928407408752557,-5.868999469256296,-5.8933782107697406,-5.9318277701114415,-5.901902795132217,-5.972362293858614,-5.949550159674984,-5.825333114008919,-5.86052394233993,-5.913700090828049,-5.903059947024983,-5.8977055783490675,-6.522878745280337,-6.522878745280337,-6.522878745280337,-6.522878745280337,-6.522878745280337,-6.522878745280337,-6.522878745280337,-6.522878745280337,-6.522878745280337,-6.522878745280337,-6.522878745280337,-6.522878745280337,-6.522878745280337,-6.522878745280337,-6.522878745280337,-6.522878745280337,-6.522878745280337,-6.522878745280337,-6.522878745280337,-6.522878745280337
-5.849551240278192,-5.8656087736934746,-5.879338070309636,-5.775508041876363,-5.817704877852984,-5.842099892721069,-5.824807254000042,-5.820595427748835,-5.8749382983767315,-5.773945498148835,-5.796399393027895,-5.862147180018158,-5.836246670659195,-5.89086494224504,-5.883846132514925,-5.723389822018188,-5.765062716019399,-5.811215354913647,-5.796555871913814,-5.802795065277565,-6.229147988357856,-6.229147988357856,-6.229147988357856,-6.229147988357856,-6.229147988357856,-6.229147988357856,-6.229147988357856,-6.229147988357856,-6.229147988357856,-6.229147988357856,-6.229147988357856,-6.229147988357856,-6.229147988357856,-6.229147988357856,-6.229147988357856,-6.229147988357856,-6.229147988357856,-6.229147988357856,-6.229147988357856,-6.229147988357856
-6.024679243202713,-6.084156208133212,-6.074105220685132,-6.025883346690544,-6.03392449506759,-6.115065737694424,-6.044533895990002,-5.952161775663595,-6.066649769224402,-6.119479158891556,-6.1223541867186135,-6.127698592809131,-6.192183037353329,-6.101501159163758,-6.135356132248854,-6.115862278901059,-6.0855522359958085,-6.1313842888765935,-6.209477765304813,-6.128133878706887,-6.356547323513812,-6.356547323513812,-6.356547323513812,-6.356547323513812,-6.356547323513812,-6.356547323513812,-6.356547323513812,-6.356547323513812,-6.356547323513812,-6.356547323513812,-6.356547323513812,-6.356547323513812,-6.356547323513812,-6.356547323513812,-6.356547323513812,-6.356547323513812,-6.356547323513812,-6.356547323513812,-6.356547323513812,-6.356547323513812
-5.376945838910876,-5.275658310825841,-5.290149124411549,-5.281135595532688,-5.347172614675841,-5.293254054571442,-5.276188795137583,-5.327112829784411,-5.301772245694349,-5.370298190372036,-5.398361395139786,-5.275640278579519,-5.359031857821668,-5.290894383409663,-5.372538839967483,-5.300080382842527,-5.371691921186699,-5.312692065752095,-5.3983895797077235,-5.294742522725285,-6.229147988357856,-6.229147988357856,-6.229147988357856,-6.229147988357856,-6.229147988357856,-6.229147988357856,-6.229147988357856,-6.229147988357856,-6.229147988357856,-6.229147988357856,-6.229147988357856,-6.229147988357856,-6.229147988357856,-6.229147988357856,-6.229147988357856,-6.229147988357856,-6.229147988357856,-6.229147988357856,-6.229147988357856,-6.229147988357856
-5.821252383579549,-5.818659598550435,-5.783841803094517,-5.751442759166924,-5.745568372688725,-5.782680914935692,-5.7396316514976045,-5.790263088701456,-5.8357387230280375,-5.7277231993591124,-5.744063713944015,-5.801631547328223,-5.77755513263877,-5.770450907456177,-5.778477235891833,-5.673978972892086,-5.684719257197883,-5.713951232820466,-5.667807692978012,-5.738564473039099,-6.795880017344075,-6.795880017344075,-6.795880017344075,-6.795880017344075,-6.795880017344075,-6.795880017344075,-6.795880017344075,-6.795880017344075,-6.795880017344075,-6.795880017344075,-6.795880017344075,-6.795880017344075,-6.795880017344075,-6.795880017344075,-6.795880017344075,-6.795880017344075,-6.795880017344075,-6.795880017344075,-6.795880017344075,-6.795880017344075
-5.470615655960265,-5.363614365518119,-5.3561248623494775,-5.319554745529298,-5.340784200370561,-5.342198476596823,-5.291150912044829,-5.383469759555737,-5.3445172102415945,-5.377765855810863,-5.3703083884440765,-5.33536362553489,-5.308415409935997,-5.35022459382767,-5.424169278327936,-5.302839565068532,-5.319861702157678,-5.393017935407824,-5.331520910977745,-5.296924060100649,-5.920818753952375,-5.920818753952375,-5.920818753952375,-5.920818753952375,-5.920818753952375,-5.920818753952375,-5.920818753952375,-5.920818753952375,-5.920818753952375,-5.920818753952375,-5.920818753952375,-5.920818753952375,-5.920818753952375,-5.920818753952375,-5.920818753952375,-5.920818753952375,-5.920818753952375,-5.920818753952375,-5.920818753952375,-5.920818753952375
-5.86709553541011,-5.879498353555151,-5.859605294367341,-5.789954883571381,-5.79221283388378,-5.857231843314315,-5.805799580291795,-5.812484506244142,-5.894844823289726,-5.798880093523482,-5.816444316799486,-5.887054330361344,-5.846564881954045,-5.847939978450404,-5.865083342881671,-5.733466360343701,-5.730969920265244,-5.7930926456412495,-5.755883223294743,-5.81410757677081,-6.091514981121351,-6.091514981121351,-6.091514981121351,-6.091514981121351,-6.091514981121351,-6.091514981121351,-6.091514981121351,-6.091514981121351,-6.091514981121351,-6.091514981121351,-6.091514981121351,-6.091514981121351,-6.091514981121351,-6.091514981121351,-6.091514981121351,-6.091514981121351,-6.091514981121351,-6.091514981121351,-6.091514981121351,-6.091514981121351
-5.452396370170594,-5.3548597035169205,-5.313895897480155,-5.321923627196886,-5.379114476851391,-5.421472242746452,-5.371094980378176,-5.33938303941656,-5.337189010681285,-5.536268056166605,-5.535204245972405,-5.403369457183189,-5.528562579273011,-5.326129485268257,-5.517684159857491,-5.4463314173616055,-5.477308664110217,-5.391808888997608,-5.531295981594169,-5.44049647694613,-5.6020599913279625,-5.6020599913279625,-5.6020599913279625,-5.6020599913279625,-5.6020599913279625,-5.6020599913279625,-5.6020599913279625,-5.6020599913279625,-5.6020599913279625,-5.6020599913279625,-5.6020599913279625,-5.6020599913279625,-5.6020599913279625,-5.6020599913279625,-5.6020599913279625,-5.6020599913279625,-5.6020599913279625,-5.6020599913279625,-5.6020599913279625,-5.6020599913279625
-6.536717951864649,-6.430855033490575,-6.456982919808526,-6.744385332837107,-6.461077518929075,-6.492892482863238,-6.444415471918161,-6.807485848882139,-6.857367210640057,-6.738815251171405,-6.692937703614573,-6.511048135249499,-6.797671229123113,-6.4416958453008775,-6.297411172810198,-6.898374986740023,-6.527998910283503,-6.453705202925861,-6.612907460664246,-6.990220054124834,-6.795880017344075,-6.795880017344075,-6.795880017344075,-6.795880017344075,-6.795880017344075,-6.795880017344075,-6.795880017344075,-6.795880017344075,-6.795880017344075,-6.795880017344075,-6.795880017344075,-6.795880017344075,-6.795880017344075,-6.795880017344075,-6.795880017344075,-6.795880017344075,-6.795880017344075,-6.795880017344075,-6.795880017344075,-6.795880017344075
-6.260694793852759,-6.311630377833077,-6.330014366098811,-6.305144579299088,-6.291093065185425,-6.21523897298705,-6.325359684481006,-5.909428086856211,-6.264583353340589,-6.2550695560917315,-6.2694376527458235,-6.247256162135337,-6.273406459927308,-6.333100079064705,-6.289629224013395,-6.278662672051498,-6.301156871981396,-6.302444849542351,-6.309801764948759,-6.269324523030984,-6.853871964321762,-6.853871964321762,-6.853871964321762,-6.853871964321762,-6.853871964321762,-6.853871964321762,-6.853871964321762,-6.853871964321762,-6.853871964321762,-6.853871964321762,-6.853871964321762,-6.853871964321762,-6.853871964321762,-6.853871964321762,-6.853871964321762,-6.853871964321762,-6.853871964321762,-6.853871964321762,-6.853871964321762,-6.853871964321762
-6.387247867895613,-6.336094852678441,-6.393632226175544,-6.549907166356337,-6.359754276355974,-6.4957802205370765,-6.389911700437069,-6.8445812654118035,-6.678908743122898,-6.656447646092179,-6.6219491143295155,-6.4920020926097495,-6.716481924892406,-6.338056948564201,-6.293679702127385,-6.752463940412724,-6.450041699111099,-6.401785936286678,-6.589056574641494,-6.838871428643861,-6.7447274948966935,-6.7447274948966935,-6.7447274948966935,-6.7447274948966935,-6.7447274948966935,-6.7447274948966935,-6.7447274948966935,-6.7447274948966935,-6.7447274948966935,-6.7447274948966935,-6.7447274948966935,-6.7447274948966935,-6.7447274948966935,-6.7447274948966935,-6.7447274948966935,-6.7447274948966935,-6.7447274948966935,-6.7447274948966935,-6.7447274948966935,-6.7447274948966935
-5.926661710154016,-6.043093132244277,-6.057030667903904,-6.061342956245503,-6.033069694597761,-6.076687983695048,-6.100755542840085,-5.984596913097108,-6.062282088698263,-6.099207296096043,-6.130697471654899,-6.080368450472797,-6.217619304509762,-6.068959444833639,-6.024012573473142,-6.169323226261532,-6.08601169849459,-6.0701166963775135,-6.15497422749646,-6.1392282266483855,-6.585026652029182,-6.585026652029182,-6.585026652029182,-6.585026652029182,-6.585026652029182,-6.585026652029182,-6.585026652029182,-6.585026652029182,-6.585026652029182,-6.585026652029182,-6.585026652029182,-6.585026652029182,-6.585026652029182,-6.585026652029182,-6.585026652029182,-6.585026652029182,-6.585026652029182,-6.585026652029182,-6.585026652029182,-6.585026652029182
-6.111761869090355,-5.992409183219388,-5.93113371049646,-6.054717218869641,-6.005939870912585,-6.0007471994818795,-6.00520549669069,-6.0869945441572275,-5.926628590805001,-6.076855004689397,-6.010101027623282,-5.9386201263372165,-6.100903244591808,-5.975713301806263,-6.033341096296589,-6.181304884013738,-6.104147054463836,-6.05875509811264,-6.134026776912281,-6.10757230500345,-6.657577319177793,-6.657577319177793,-6.657577319177793,-6.657577319177793,-6.657577319177793,-6.657577319177793,-6.657577319177793,-6.657577319177793,-6.657577319177793,-6.657577319177793,-6.657577319177793,-6.657577319177793,-6.657577319177793,-6.657577319177793,-6.657577319177793,-6.657577319177793,-6.657577319177793,-6.657577319177793,-6.657577319177793,-6.657577319177793
-6.069311125846081,-5.998959004210876,-5.892120334946744,-6.067177377936989,-5.921650627399348,-5.935202233964666,-5.950015564218939,-6.0582623650197975,-5.963418809676093,-6.0624981263419375,-6.028766845957631,-5.949048354836985,-6.0564226564752275,-5.8907732264538595,-5.912681242473049,-6.121568585326324,-5.959464324467922,-5.96509519345243,-5.942561160457959,-6.043125228397813,-6.823908740944319,-6.823908740944319,-6.823908740944319,-6.823908740944319,-6.823908740944319,-6.823908740944319,-6.823908740944319,-6.823908740944319,-6.823908740944319,-6.823908740944319,-6.823908740944319,-6.823908740944319,-6.823908740944319,-6.823908740944319,-6.823908740944319,-6.823908740944319,-6.823908740944319,-6.823908740944319,-6.823908740944319,-6.823908740944319
-5.504870986355585,-5.523569874880109,-5.414065019265305,-5.50480516668018,-5.364406680031799,-5.448067736659706,-5.391578147735229,-5.531107500262811,-5.507979211346261,-5.3424285508609675,-5.341597128174425,-5.405419144431463,-5.421203442816307,-5.313850352449683,-5.321205435758346,-5.432571906091758,-5.308222789186914,-5.311290036125585,-5.171234353763596,-5.369527262831941,-6.468521082957745,-6.468521082957745,-6.468521082957745,-6.468521082957745,-6.468521082957745,-6.468521082957745,-6.468521082957745,-6.468521082957745,-6.468521082957745,-6.468521082957745,-6.468521082957745,-6.468521082957745,-6.468521082957745,-6.468521082957745,-6.468521082957745,-6.468521082957745,-6.468521082957745,-6.468521082957745,-6.468521082957745,-6.468521082957745
-5.553345876092571,-5.386557148461615,-5.371457109125101,-5.4199223288138665,-5.3926736715738075,-5.419576707705587,-5.3977929268391955,-5.497503636302706,-5.35516080188139,-5.375151538709877,-5.372704825958045,-5.330108964464388,-5.446947105827072,-5.333055258803848,-5.416723919169029,-5.455022045937191,-5.400258101164636,-5.3754294043619995,-5.465804144814858,-5.38743689107599,-5.886056647693163,-5.886056647693163,-5.886056647693163,-5.886056647693163,-5.886056647693163,-5.886056647693163,-5.886056647693163,-5.886056647693163,-5.886056647693163,-5.886056647693163,-5.886056647693163,-5.886056647693163,-5.886056647693163,-5.886056647693163,-5.886056647693163,-5.886056647693163,-5.886056647693163,-5.886056647693163,-5.886056647693163,-5.886056647693163
-5.635485027858562,-5.528353132870724,-5.505410008810164,-5.561936304483521,-5.471857568841276,-5.55818756806413,-5.522028699647149,-5.583953776808851,-5.538043035264264,-5.502444501865069,-5.497566309288227,-5.504515758371853,-5.593515003389272,-5.410310534924743,-5.461831788661368,-5.5821292468642545,-5.460975230889594,-5.444298551138958,-5.50892512262461,-5.508681720754159,-6.481486060122113,-6.481486060122113,-6.481486060122113,-6.481486060122113,-6.481486060122113,-6.481486060122113,-6.481486060122113,-6.481486060122113,-6.481486060122113,-6.481486060122113,-6.481486060122113,-6.481486060122113,-6.481486060122113,-6.481486060122113,-6.481486060122113,-6.481486060122113,-6.481486060122113,-6.481486060122113,-6.481486060122113,-6.481486060122113
-5.6313551364935295,-5.44452873296382,-5.483842795582964,-5.492493280881209,-5.501451910690885,-5.535914391154342,-5.527115139483711,-5.5637091901029025,-5.445258894379455,-5.485238157820675,-5.492485955443469,-5.437788028019831,-5.605160663700941,-5.444703725535997,-5.5394330226018615,-5.5657958279620425,-5.540291616714073,-5.458624611378202,-5.692012658280777,-5.51138260773822,-5.886056647693163,-5.886056647693163,-5.886056647693163,-5.886056647693163,-5.886056647693163,-5.886056647693163,-5.886056647693163,-5.886056647693163,-5.886056647693163,-5.886056647693163,-5.886056647693163,-5.886056647693163,-5.886056647693163,-5.886056647693163,-5.886056647693163,-5.886056647693163,-5.886056647693163,-5.886056647693163,-5.886056647693163,-5.886056647693163
-5.435138023205486,-5.434856021521032,-5.47342974718126,-5.429322323858484,-5.410703944446288,-5.474297774675971,-5.453619214294893,-5.4506348246003515,-5.459931933533912,-5.43536194301246,-5.435733001284654,-5.4279980996188995,-5.508588856187651,-5.425394373499791,-5.448855264709756,-5.480961082205726,-5.452175277917404,-5.3972121931651245,-5.439300606377482,-5.4354614851062,-6.356547323513812,-6.356547323513812,-6.356547323513812,-6.356547323513812,-6.356547323513812,-6.356547323513812,-6.356547323513812,-6.356547323513812,-6.356547323513812,-6.356547323513812,-6.356547323513812,-6.356547323513812,-6.356547323513812,-6.356547323513812,-6.356547323513812,-6.356547323513812,-6.356547323513812,-6.356547323513812,-6.356547323513812,-6.356547323513812
-5.527913383065995,-5.501796692503844,-5.5261015065289545,-5.51967942942466,-5.491666261679795,-5.529767498778966,-5.503029925866659,-5.513760350912458,-5.568817750898964,-5.587336952506808,-5.578769474910712,-5.529569515531502,-5.577678839666589,-5.499665767981822,-5.507033092975858,-5.56959657533517,-5.505968454939686,-5.514246116037405,-5.518891829962328,-5.547224427184386,-6.4089353929735005,-6.4089353929735005,-6.4089353929735005,-6.4089353929735005,-6.4089353929735005,-6.4089353929735005,-6.4089353929735005,-6.4089353929735005,-6.4089353929735005,-6.4089353929735005,-6.4089353929735005,-6.4089353929735005,-6.4089353929735005,-6.4089353929735005,-6.4089353929735005,-6.4089353929735005,-6.4089353929735005,-6.4089353929735005,-6.4089353929735005,-6.4089353929735005
-5.617619820725681,-5.705263944418213,-5.714786082376092,-5.703070884378503,-5.614073080641807,-5.6960542641679055,-5.7120067897997995,-5.664870174164258,-5.727497449386033,-5.7071712165531165,-5.672267013437348,-5.70902082107375,-5.782208120459652,-5.693278792348045,-5.620281635148818,-5.797556708625313,-5.650873778056863,-5.659832736408426,-5.603730287091814,-5.720129129596232,-6.318758762624412,-6.318758762624412,-6.318758762624412,-6.318758762624412,-6.318758762624412,-6.318758762624412,-6.318758762624412,-6.318758762624412,-6.318758762624412,-6.318758762624412,-6.318758762624412,-6.318758762624412,-6.318758762624412,-6.318758762624412,-6.318758762624412,-6.318758762624412,-6.318758762624412,-6.318758762624412,-6.318758762624412,-6.318758762624412
-5.551995265810907,-5.4603343627948915,-5.46787449156386,-5.483080957324758,-5.4257314961873195,-5.481898249261371,-5.457014517137755,-5.511068600607887,-5.470966144111176,-5.430692286216982,-5.430432344972314,-5.43584125065913,-5.496462790596924,-5.373909346252733,-5.408657071786478,-5.492581072701618,-5.405320714617315,-5.3984563799059835,-5.440393241059838,-5.424813159526842,-6.327902142064283,-6.327902142064283,-6.327902142064283,-6.327902142064283,-6.327902142064283,-6.327902142064283,-6.327902142064283,-6.327902142064283,-6.327902142064283,-6.327902142064283,-6.327902142064283,-6.327902142064283,-6.327902142064283,-6.327902142064283,-6.327902142064283,-6.327902142064283,-6.327902142064283,-6.327902142064283,-6.327902142064283,-6.327902142064283
-5.3609057917018585,-5.365355647182063,-5.31005184413516,-5.354721099512488,-5.260963412622813,-5.369900505930303,-5.290295650284404,-5.375997624311443,-5.398394387155217,-5.285046923479609,-5.294795481571816,-5.3071314509707355,-5.386376735658239,-5.245935697423602,-5.288504729250693,-5.345141324340652,-5.271190632929756,-5.223294622708238,-5.195737450361811,-5.305438797446595,-6.619788758288394,-6.619788758288394,-6.619788758288394,-6.619788758288394,-6.619788758288394,-6.619788758288394,-6.619788758288394,-6.619788758288394,-6.619788758288394,-6.619788758288394,-6.619788758288394,-6.619788758288394,-6.619788758288394,-6.619788758288394,-6.619788758288394,-6.619788758288394,-6.619788758288394,-6.619788758288394,-6.619788758288394,-6.619788758288394
-5.737385677300028,-5.650407188829579,-5.739672626889908,-5.686383002446542,-5.733840231821647,-5.699900748251868,-5.756592800568614,-5.716394725781481,-5.67863595915175,-5.80443085575569,-5.776041115013457,-5.693381758212879,-5.798216989396102,-5.778058856503163,-5.774031271858965,-5.814528708356747,-5.7961823385662,-5.787767735303045,-5.902669843073638,-5.777726895121871,-6.769551078621726,-6.769551078621726,-6.769551078621726,-6.769551078621726,-6.769551078621726,-6.769551078621726,-6.769551078621726,-6.769551078621726,-6.769551078621726,-6.769551078621726,-6.769551078621726,-6.769551078621726,-6.769551078621726,-6.769551078621726,-6.769551078621726,-6.769551078621726,-6.769551078621726,-6.769551078621726,-6.769551078621726,-6.769551078621726
-5.5145695162998605,-5.475079079498469,-5.382713858884242,-5.475228555727191,-5.318813232784099,-5.41637344393845,-5.346110962313209,-5.478459653911358,-5.480811821173427,-5.3841799679632105,-5.364946104478973,-5.400699831707622,-5.382873098480351,-5.269222151613487,-5.2943336469121505,-5.431978679320941,-5.255203645475479,-5.330312536030306,-5.176744044890224,-5.3582442452505274,-5.886056647693163,-5.886056647693163,-5.886056647693163,-5.886056647693163,-5.886056647693163,-5.886056647693163,-5.886056647693163,-5.886056647693163,-5.886056647693163,-5.886056647693163,-5.886056647693163,-5.886056647693163,-5.886056647693163,-5.886056647693163,-5.886056647693163,-5.886056647693163,-5.886056647693163,-5.886056647693163,-5.886056647693163,-5.886056647693163
-5.48193270271602,-5.4860599741006295,-5.536420967050457,-5.469854502442257,-5.462973341115868,-5.529985464699474,-5.497365447638658,-5.4715223049310815,-5.5106728497987065,-5.5366401959481495,-5.518412013652557,-5.505734472369513,-5.535764435456241,-5.482897241891452,-5.517305618747018,-5.539774033464397,-5.502232649709027,-5.4886224295832235,-5.5054991888472475,-5.4996051514787885,-5.275724130399211,-5.275724130399211,-5.275724130399211,-5.275724130399211,-5.275724130399211,-5.275724130399211,-5.275724130399211,-5.275724130399211,-5.275724130399211,-5.275724130399211,-5.275724130399211,-5.275724130399211,-5.275724130399211,-5.275724130399211,-5.275724130399211,-5.275724130399211,-5.275724130399211,-5.275724130399211,-5.275724130399211,-5.275724130399211
-5.550875459566373,-5.479986458426223,-5.460994187565433,-5.516149556144155,-5.436012171197822,-5.448883522729554,-5.44603179382641,-5.541919195157977,-5.5251013272593585,-5.50741372182149,-5.4955627700576155,-5.4408998927204335,-5.510336775386629,-5.461092762978616,-5.445224229943339,-5.5425070461719566,-5.432950096544696,-5.481167159866647,-5.431860109669042,-5.493816301214824,-6.443697499232713,-6.443697499232713,-6.443697499232713,-6.443697499232713,-6.443697499232713,-6.443697499232713,-6.443697499232713,-6.443697499232713,-6.443697499232713,-6.443697499232713,-6.443697499232713,-6.443697499232713,-6.443697499232713,-6.443697499232713,-6.443697499232713,-6.443697499232713,-6.443697499232713,-6.443697499232713,-6.443697499232713,-6.443697499232713
-5.568627221480261,-5.499793651651426,-5.471095257177514,-5.5357627078607825,-5.440636335528426,-5.457640389282993,-5.457697098170029,-5.56078704444954,-5.548550948038156,-5.524431178003788,-5.513261176742471,-5.457220307029496,-5.52986819492184,-5.4778832924272365,-5.457580581441594,-5.558430769091777,-5.439152979920722,-5.492284289626007,-5.437305959190386,-5.509152412249872,-6.6020599913279625,-6.6020599913279625,-6.6020599913279625,-6.6020599913279625,-6.6020599913279625,-6.6020599913279625,-6.6020599913279625,-6.6020599913279625,-6.6020599913279625,-6.6020599913279625,-6.6020599913279625,-6.6020599913279625,-6.6020599913279625,-6.6020599913279625,-6.6020599913279625,-6.6020599913279625,-6.6020599913279625,-6.6020599913279625,-6.6020599913279625,-6.6020599913279625
-5.537622658079083,-5.647797035755349,-5.622143766499602,-5.655762014106918,-5.521876015562492,-5.643736567589072,-5.647494735194563,-5.609609070191097,-5.684540891203485,-5.632998213313495,-5.584590385259872,-5.6454496527229265,-5.762478646243217,-5.603175066890318,-5.513192427885582,-5.760678389778177,-5.582617017554813,-5.559540751045088,-5.47254553363639,-5.658309392664736,-5.920818753952375,-5.920818753952375,-5.920818753952375,-5.920818753952375,-5.920818753952375,-5.920818753952375,-5.920818753952375,-5.920818753952375,-5.920818753952375,-5.920818753952375,-5.920818753952375,-5.920818753952375,-5.920818753952375,-5.920818753952375,-5.920818753952375,-5.920818753952375,-5.920818753952375,-5.920818753952375,-5.920818753952375,-5.920818753952375
-5.550808658293196,-5.5742848981908715,-5.519058318959148,-5.554704900708844,-5.448553131187867,-5.520296642115247,-5.480599971811221,-5.553203217318297,-5.581394358328323,-5.49343805936761,-5.4759187431859635,-5.5177367324154725,-5.5006967747217645,-5.429772507364706,-5.425399707047505,-5.529049765302478,-5.40772189086602,-5.44803143449148,-5.321111922998853,-5.470321640817587,-5.958607314841775,-5.958607314841775,-5.958607314841775,-5.958607314841775,-5.958607314841775,-5.958607314841775,-5.958607314841775,-5.958607314841775,-5.958607314841775,-5.958607314841775,-5.958607314841775,-5.958607314841775,-5.958607314841775,-5.958607314841775,-5.958607314841775,-5.958607314841775,-5.958607314841775,-5.958607314841775,-5.958607314841775,-5.958607314841775
-5.488728843406953,-5.496518080169791,-5.4956976224676355,-5.468040066600455,-5.438421643378839,-5.555908650799442,-5.484096317462605,-5.451639346201026,-5.550385070574304,-5.575278795968035,-5.55084386763378,-5.535419810032633,-5.585570954693923,-5.46220069322345,-5.525120571893593,-5.55154246611455,-5.492246113188754,-5.481511279612208,-5.512081604511676,-5.526003529057672,-4.886056647693163,-4.886056647693163,-4.886056647693163,-4.886056647693163,-4.886056647693163,-4.886056647693163,-4.886056647693163,-4.886056647693163,-4.886056647693163,-4.886056647693163,-4.886056647693163,-4.886056647693163,-4.886056647693163,-4.886056647693163,-4.886056647693163,-4.886056647693163,-4.886056647693163,-4.886056647693163,-4.886056647693163,-4.886056647693163
-5.4512847889862,-5.455405241248007,-5.45715898105285,-5.433608123683014,-5.405004263288256,-5.49659533086091,-5.438152181227859,-5.432251927311851,-5.507839734874964,-5.502347176559868,-5.492613877003177,-5.471215865159469,-5.522490754003836,-5.423474836243676,-5.471531982203806,-5.490348724344228,-5.441928523245488,-5.430562378169671,-5.445127398261171,-5.467708312014999,-5.468521082957745,-5.468521082957745,-5.468521082957745,-5.468521082957745,-5.468521082957745,-5.468521082957745,-5.468521082957745,-5.468521082957745,-5.468521082957745,-5.468521082957745,-5.468521082957745,-5.468521082957745,-5.468521082957745,-5.468521082957745,-5.468521082957745,-5.468521082957745,-5.468521082957745,-5.468521082957745,-5.468521082957745,-5.468521082957745
-5.41144414034114,-5.4120389680453975,-5.412712108513247,-5.41307915642303,-5.359885375450916,-5.446495137213579,-5.406874453966964,-5.43186172577397,-5.445651856315517,-5.388864022587422,-5.390533456388335,-5.391734600036836,-5.493921547376644,-5.360063695464654,-5.387058788624779,-5.450626006998465,-5.399899677591153,-5.327387294189674,-5.359282466048457,-5.401497089806497,-6.337242168318426,-6.337242168318426,-6.337242168318426,-6.337242168318426,-6.337242168318426,-6.337242168318426,-6.337242168318426,-6.337242168318426,-6.337242168318426,-6.337242168318426,-6.337242168318426,-6.337242168318426,-6.337242168318426,-6.337242168318426,-6.337242168318426,-6.337242168318426,-6.337242168318426,-6.337242168318426,-6.337242168318426,-6.337242168318426
-5.66147954083996,-5.576426935586662,-5.697225629728321,-5.622566975630976,-5.701532498508829,-5.635577825634147,-5.72261271217222,-5.661959669804331,-5.602044039192131,-5.735321075436455,-5.720625342260134,-5.618673172917181,-5.748867906162903,-5.73568215212535,-5.722912575844518,-5.7637513767018795,-5.7699933596680015,-5.733370089892076,-5.875074967738847,-5.723252038345783,-7.0,-7.0,-7.0,-7.0,-7.0,-7.0,-7.0,-7.0,-7.0,-7.0,-7.0,-7.0,-7.0,-7.0,-7.0,-7.0,-7.0,-7.0,-7.0,-7.0
-6.070704813761431,-6.076904989399891,-6.14575140940809,-6.017710126932435,-6.156878899499811,-6.0593285052385015,-6.170234551310083,-6.077953376963459,-6.008693242390714,-6.010786464028439,-6.078668738221406,-6.066147143312082,-6.121811651345879,-6.204201394674459,-6.17359825455475,-6.032248103893257,-6.08404548193645,-6.090154528709869,-6.311279815680024,-6.091820169192781,-6.886056647693163,-6.886056647693163,-6.886056647693163,-6.886056647693163,-6.886056647693163,-6.886056647693163,-6.886056647693163,-6.886056647693163,-6.886056647693163,-6.886056647693163,-6.886056647693163,-6.886056647693163,-6.886056647693163,-6.886056647693163,-6.886056647693163,-6.886056647693163,-6.886056647693163,-6.886056647693163,-6.886056647693163,-6.886056647693163
-6.100679345850945,-6.007342292432252,-5.986773031326531,-6.015354226703657,-6.007972856516548,-6.035419583483341,-6.053923816428116,-6.079661766931648,-5.989604552187044,-6.043662765121852,-5.9968381956903505,-5.978350347901011,-6.089821742524054,-6.0402050110575045,-6.077640366671763,-6.107718075321751,-6.057659833451556,-6.050380548755174,-6.17526879023111,-6.0891319087292635,-6.958607314841775,-6.958607314841775,-6.958607314841775,-6.958607314841775,-6.958607314841775,-6.958607314841775,-6.958607314841775,-6.958607314841775,-6.958607314841775,-6.958607314841775,-6.958607314841775,-6.958607314841775,-6.958607314841775,-6.958607314841775,-6.958607314841775,-6.958607314841775,-6.958607314841775,-6.958607314841775,-6.958607314841775,-6.958607314841775
-6.154517627318065,-6.066964129271585,-6.044893644127829,-6.083427585747887,-6.035893304127993,-6.062332864119651,-6.114988843283592,-6.138618251482615,-6.057722879785338,-6.120253938934278,-6.084270404665238,-6.05632390097663,-6.163494578053267,-6.103419837802089,-6.1121016554641505,-6.160739060850903,-6.077228334582283,-6.083549162961756,-6.197243925540693,-6.137726510637224,-6.823908740944319,-6.823908740944319,-6.823908740944319,-6.823908740944319,-6.823908740944319,-6.823908740944319,-6.823908740944319,-6.823908740944319,-6.823908740944319,-6.823908740944319,-6.823908740944319,-6.823908740944319,-6.823908740944319,-6.823908740944319,-6.823908740944319,-6.823908740944319,-6.823908740944319,-6.823908740944319,-6.823908740944319,-6.823908740944319
-5.449798623561747,-5.375978049209087,-5.283544709155154,-5.414813097913518,-5.3263353863988945,-5.3546026015937755,-5.2990961707738915,-5.420581832570538,-5.430817828872731,-5.423630925669545,-5.445785727753649,-5.336689795848209,-5.464426396421713,-5.275376711491296,-5.336811851213651,-5.421911132537966,-5.3475512078747585,-5.31350713472054,-5.285771686625002,-5.390299273354807,-6.080921907623926,-6.080921907623926,-6.080921907623926,-6.080921907623926,-6.080921907623926,-6.080921907623926,-6.080921907623926,-6.080921907623926,-6.080921907623926,-6.080921907623926,-6.080921907623926,-6.080921907623926,-6.080921907623926,-6.080921907623926,-6.080921907623926,-6.080921907623926,-6.080921907623926,-6.080921907623926,-6.080921907623926,-6.080921907623926
-5.275002356435003,-5.246374296824461,-5.208828952764155,-5.233851259290676,-5.262350602593255,-5.23904387349352,-5.218635659119096,-5.2735902401531405,-5.296923479411418,-5.285226198827978,-5.3268988230065455,-5.200196996697111,-5.3139831681126815,-5.220461565176084,-5.298274733469918,-5.252798682158212,-5.301233340407212,-5.240156536460986,-5.18293672171645,-5.249831116290135,-6.6020599913279625,-6.6020599913279625,-6.6020599913279625,-6.6020599913279625,-6.6020599913279625,-6.6020599913279625,-6.6020599913279625,-6.6020599913279625,-6.6020599913279625,-6.6020599913279625,-6.6020599913279625,-6.6020599913279625,-6.6020599913279625,-6.6020599913279625,-6.6020599913279625,-6.6020599913279625,-6.6020599913279625,-6.6020599913279625,-6.6020599913279625,-6.6020599913279625
-5.265911726316493,-5.211454714452531,-5.061276620839153,-5.220592622732528,-5.144420765978422,-5.181889116259499,-5.093120470546732,-5.249521995098494,-5.289133825785809,-5.196721127529538,-5.249734794042377,-5.12568841393166,-5.285772681715368,-5.058424216684069,-5.167575907068157,-5.187201399558604,-5.169004591805506,-5.081869239288387,-5.2320675450583005,-5.183822544541985,-6.3872161432802645,-6.3872161432802645,-6.3872161432802645,-6.3872161432802645,-6.3872161432802645,-6.3872161432802645,-6.3872161432802645,-6.3872161432802645,-6.3872161432802645,-6.3872161432802645,-6.3872161432802645,-6.3872161432802645,-6.3872161432802645,-6.3872161432802645,-6.3872161432802645,-6.3872161432802645,-6.3872161432802645,-6.3872161432802645,-6.3872161432802645,-6.3872161432802645
-5.510544203029035,-5.591646336896177,-5.631988978363306,-5.567913186071783,-5.6285265055627445,-5.6203819280489995,-5.634141861613583,-5.555391423384179,-5.605655044506382,-5.626725111514635,-5.631907078508954,-5.614255987457472,-5.693685152216713,-5.665643037379688,-5.6176170506393355,-5.6544712504371155,-5.638429812832167,-5.611126400329565,-5.181963167481293,-5.647706249105621,-5.823908740944319,-5.823908740944319,-5.823908740944319,-5.823908740944319,-5.823908740944319,-5.823908740944319,-5.823908740944319,-5.823908740944319,-5.823908740944319,-5.823908740944319,-5.823908740944319,-5.823908740944319,-5.823908740944319,-5.823908740944319,-5.823908740944319,-5.823908740944319,-5.823908740944319,-5.823908740944319,-5.823908740944319,-5.823908740944319
-5.8329480863334116,-5.843419327722239,-5.911327612841411,-5.854853198805448,-5.90603868552912,-5.8616116100612485,-5.9161758395096165,-5.853046728005062,-5.883156958142242,-5.901166881008805,-5.928796228104309,-5.887659781428566,-5.963585264529106,-5.913756200921953,-5.868790482265806,-5.88808078524212,-5.905120832930016,-5.860859321179623,-5.439201814435496,-5.89326924291145,-6.6777807052660805,-6.6777807052660805,-6.6777807052660805,-6.6777807052660805,-6.6777807052660805,-6.6777807052660805,-6.6777807052660805,-6.6777807052660805,-6.6777807052660805,-6.6777807052660805,-6.6777807052660805,-6.6777807052660805,-6.6777807052660805,-6.6777807052660805,-6.6777807052660805,-6.6777807052660805,-6.6777807052660805,-6.6777807052660805,-6.6777807052660805,-6.6777807052660805
-5.537546241973984,-5.659798760138866,-5.754335858641895,-5.6627358234812295,-5.699033112266898,-5.66308575276979,-5.72136205488869,-5.608965872181675,-5.67624100092346,-5.736605587251635,-5.734023299353685,-5.710853897088015,-5.739750516901855,-5.764542970490013,-5.643502386511166,-5.762310246105456,-5.696476633973649,-5.735781983245086,-5.247096878752446,-5.725012449407415,-6.251811972993799,-6.251811972993799,-6.251811972993799,-6.251811972993799,-6.251811972993799,-6.251811972993799,-6.251811972993799,-6.251811972993799,-6.251811972993799,-6.251811972993799,-6.251811972993799,-6.251811972993799,-6.251811972993799,-6.251811972993799,-6.251811972993799,-6.251811972993799,-6.251811972993799,-6.251811972993799,-6.251811972993799,-6.251811972993799
-5.959849024518799,-5.85539031373608,-5.815037311415207,-5.851428852891415,-5.818996204297264,-5.84191009819143,-5.827770496950009,-5.890082223864769,-5.812531493985849,-5.9109818106675815,-5.864512657781795,-5.830813466711194,-5.906384053777833,-5.851617077021529,-5.910944113457782,-5.915300339663395,-5.884096098919149,-5.9037477296185745,-5.424157260020076,-5.869212304758415,-6.769551078621726,-6.769551078621726,-6.769551078621726,-6.769551078621726,-6.769551078621726,-6.769551078621726,-6.769551078621726,-6.769551078621726,-6.769551078621726,-6.769551078621726,-6.769551078621726,-6.769551078621726,-6.769551078621726,-6.769551078621726,-6.769551078621726,-6.769551078621726,-6.769551078621726,-6.769551078621726,-6.769551078621726,-6.769551078621726
-5.542981180466035,-5.597995859687683,-5.544041462801581,-5.585451765169783,-5.50729592297415,-5.5484504808617015,-5.47918578630111,-5.546696059650881,-5.629510590270454,-5.590932343165519,-5.578867779235343,-5.573255490997151,-5.517885614592572,-5.488591995068159,-5.468905292250178,-5.563911817915747,-5.448987920886725,-5.54153117844442,-5.305531897277104,-5.545804500530866,-6.7447274948966935,-6.7447274948966935,-6.7447274948966935,-6.7447274948966935,-6.7447274948966935,-6.7447274948966935,-6.7447274948966935,-6.7447274948966935,-6.7447274948966935,-6.7447274948966935,-6.7447274948966935,-6.7447274948966935,-6.7447274948966935,-6.7447274948966935,-6.7447274948966935,-6.7447274948966935,-6.7447274948966935,-6.7447274948966935,-6.7447274948966935,-6.7447274948966935
-5.489522641095253,-5.493013473117646,-5.360121287607695,-5.507436038289422,-5.356817528625337,-5.412227850593412,-5.305470476278719,-5.474151425857395,-5.529972077774831,-5.461715619056007,-5.45807529603525,-5.426969943727053,-5.378284644796916,-5.27838424699314,-5.295224099586169,-5.437155843492347,-5.272679706780335,-5.373517905712581,-5.318480574600972,-5.411167915326511,-6.721246399047171,-6.721246399047171,-6.721246399047171,-6.721246399047171,-6.721246399047171,-6.721246399047171,-6.721246399047171,-6.721246399047171,-6.721246399047171,-6.721246399047171,-6.721246399047171,-6.721246399047171,-6.721246399047171,-6.721246399047171,-6.721246399047171,-6.721246399047171,-6.721246399047171,-6.721246399047171,-6.721246399047171,-6.721246399047171
-5.963347491464515,-5.866086423704432,-5.840781330299207,-5.863839128774225,-5.8479917040029,-5.847916821835767,-5.85078634538905,-5.91237625984588,-5.824864185886582,-5.907215354207161,-5.868456850271192,-5.833104740579201,-5.908469726597818,-5.879750550614817,-5.924280904878204,-5.917421234013392,-5.906924340291958,-5.917966179758735,-5.413656401223024,-5.87664425129658,-6.366531544420414,-6.366531544420414,-6.366531544420414,-6.366531544420414,-6.366531544420414,-6.366531544420414,-6.366531544420414,-6.366531544420414,-6.366531544420414,-6.366531544420414,-6.366531544420414,-6.366531544420414,-6.366531544420414,-6.366531544420414,-6.366531544420414,-6.366531544420414,-6.366531544420414,-6.366531544420414,-6.366531544420414,-6.366531544420414
-5.484418511974731,-5.582550163975732,-5.509910824578355,-5.553171089273978,-5.452839882887549,-5.486323599613573,-5.433179176484525,-5.5249505964746435,-5.5950653413983495,-5.499687798116389,-5.4906880932003395,-5.511617665695427,-5.429150455621335,-5.45229420984135,-5.398493604577523,-5.501698918766842,-5.370158947459283,-5.494945087807352,-5.252370978158841,-5.47276781253797,-6.091514981121351,-6.091514981121351,-6.091514981121351,-6.091514981121351,-6.091514981121351,-6.091514981121351,-6.091514981121351,-6.091514981121351,-6.091514981121351,-6.091514981121351,-6.091514981121351,-6.091514981121351,-6.091514981121351,-6.091514981121351,-6.091514981121351,-6.091514981121351,-6.091514981121351,-6.091514981121351,-6.091514981121351,-6.091514981121351
-5.346478045607664,-5.264234788663965,-5.144170420285526,-5.299581674169948,-5.225039282964039,-5.244580875866598,-5.1810504027442965,-5.336665259264783,-5.325811270706321,-5.259170358050438,-5.298236087788568,-5.18483665611958,-5.361893315707251,-5.150847544663743,-5.227979248610404,-5.285461043768607,-5.25218890464546,-5.165951841346066,-5.227707393741149,-5.262222007816551,-6.070581074285707,-6.070581074285707,-6.070581074285707,-6.070581074285707,-6.070581074285707,-6.070581074285707,-6.070581074285707,-6.070581074285707,-6.070581074285707,-6.070581074285707,-6.070581074285707,-6.070581074285707,-6.070581074285707,-6.070581074285707,-6.070581074285707,-6.070581074285707,-6.070581074285707,-6.070581074285707,-6.070581074285707,-6.070581074285707
-5.382904024361883,-5.487729893326804,-5.404492806521106,-5.416847382353553,-5.370216483431145,-5.429454106086797,-5.3269220571336975,-5.376897543254352,-5.477885740581935,-5.461038700158138,-5.424373748858158,-5.442240311960084,-5.3587728467066365,-5.391020762755906,-5.387218196093403,-5.4317813520782074,-5.320979978198788,-5.452727061585753,-5.198952886045573,-5.413387347563764,-5.7447274948966935,-5.7447274948966935,-5.7447274948966935,-5.7447274948966935,-5.7447274948966935,-5.7447274948966935,-5.7447274948966935,-5.7447274948966935,-5.7447274948966935,-5.7447274948966935,-5.7447274948966935,-5.7447274948966935,-5.7447274948966935,-5.7447274948966935,-5.7447274948966935,-5.7447274948966935,-5.7447274948966935,-5.7447274948966935,-5.7447274948966935,-5.7447274948966935
-5.4796009853724374,-5.484699277730837,-5.368561268609368,-5.490528473414318,-5.356151851224406,-5.392287033836014,-5.301102269541955,-5.469077305139268,-5.510358740283643,-5.442508539775024,-5.438741060066503,-5.409424002691597,-5.347093733191172,-5.297483795719433,-5.302480256735693,-5.417499735169243,-5.269625344779992,-5.387517140487969,-5.3145485069193485,-5.389619578286495,-6.698970004336019,-6.698970004336019,-6.698970004336019,-6.698970004336019,-6.698970004336019,-6.698970004336019,-6.698970004336019,-6.698970004336019,-6.698970004336019,-6.698970004336019,-6.698970004336019,-6.698970004336019,-6.698970004336019,-6.698970004336019,-6.698970004336019,-6.698970004336019,-6.698970004336019,-6.698970004336019,-6.698970004336019,-6.698970004336019
-5.891822643997095,-5.799750472626972,-5.815797448871817,-5.809560738394449,-5.825712941717169,-5.780893392530797,-5.834863962228975,-5.8620507167669,-5.760028430784417,-5.882076455213584,-5.858108418437364,-5.781259169844136,-5.881018936668792,-5.862632026194792,-5.896177178599898,-5.887114713914009,-5.901961131880254,-5.882182985479688,-5.339393319501516,-5.842880596543768,-6.455931955649724,-6.455931955649724,-6.455931955649724,-6.455931955649724,-6.455931955649724,-6.455931955649724,-6.455931955649724,-6.455931955649724,-6.455931955649724,-6.455931955649724,-6.455931955649724,-6.455931955649724,-6.455931955649724,-6.455931955649724,-6.455931955649724,-6.455931955649724,-6.455931955649724,-6.455931955649724,-6.455931955649724,-6.455931955649724
-5.6474350247772405,-5.566801113289509,-5.7015538702443775,-5.567800266858428,-5.721160462193849,-5.58494425135259,-5.731404661187825,-5.679191148507935,-5.542897520747818,-5.6859757387797725,-5.6763931276037525,-5.558778997518991,-5.717694354720982,-5.845581811814286,-5.820326206746721,-5.7145183785923415,-5.829626538236578,-5.783119499859115,-5.9313685885193035,-5.6908064301880765,-6.0,-6.0,-6.0,-6.0,-6.0,-6.0,-6.0,-6.0,-6.0,-6.0,-6.0,-6.0,-6.0,-6.0,-6.0,-6.0,-6.0,-6.0,-6.0,-6.0
-5.792506668185774,-5.852404363061836,-6.013651408963013,-5.842691735948293,-5.9717304846727055,-5.94526443914349,-6.022431286476722,-5.8193095489962,-5.900450904974705,-5.998909454703809,-5.989619319546556,-5.9790846679128595,-6.0899835776760085,-6.083209196227529,-5.991110243457512,-5.998031639025468,-6.036284203880036,-5.987133080140286,-6.1592345362776415,-6.007922841635476,-6.3979400086720375,-6.3979400086720375,-6.3979400086720375,-6.3979400086720375,-6.3979400086720375,-6.3979400086720375,-6.3979400086720375,-6.3979400086720375,-6.3979400086720375,-6.3979400086720375,-6.3979400086720375,-6.3979400086720375,-6.3979400086720375,-6.3979400086720375,-6.3979400086720375,-6.3979400086720375,-6.3979400086720375,-6.3979400086720375,-6.3979400086720375,-6.3979400086720375
-5.702588087145318,-5.678440539761768,-5.7957900023923985,-5.655847493085073,-5.753097464223847,-5.742959819481923,-5.792685850363848,-5.697371622214676,-5.699444150586965,-5.7317934626176825,-5.7175849834648105,-5.741499941182138,-5.782387265786102,-5.799550690696659,-5.765473494529489,-5.726397610289598,-5.755973283853829,-5.739749195732518,-5.827830645273922,-5.73470354237369,-5.657577319177793,-5.657577319177793,-5.657577319177793,-5.657577319177793,-5.657577319177793,-5.657577319177793,-5.657577319177793,-5.657577319177793,-5.657577319177793,-5.657577319177793,-5.657577319177793,-5.657577319177793,-5.657577319177793,-5.657577319177793,-5.657577319177793,-5.657577319177793,-5.657577319177793,-5.657577319177793,-5.657577319177793,-5.657577319177793
-5.81984839750359,-5.884347640505529,-6.0522792567327155,-5.866527188027959,-5.987163841664025,-5.9585312983833605,-6.043999800493097,-5.846506325208315,-5.920056011555367,-6.010085423158283,-6.004395463347658,-6.002586179427587,-6.075062927979607,-6.10770909222192,-6.009588458842887,-6.00392253847721,-6.028949270139375,-6.017574838527833,-6.14960859843371,-6.016072477262615,-6.42021640338319,-6.42021640338319,-6.42021640338319,-6.42021640338319,-6.42021640338319,-6.42021640338319,-6.42021640338319,-6.42021640338319,-6.42021640338319,-6.42021640338319,-6.42021640338319,-6.42021640338319,-6.42021640338319,-6.42021640338319,-6.42021640338319,-6.42021640338319,-6.42021640338319,-6.42021640338319,-6.42021640338319,-6.42021640338319
-5.7068518563131905,-5.5854219742250555,-5.588180936101982,-5.620232939794249,-5.590473521299988,-5.494549068041416,-5.584306958287912,-5.649247913896279,-5.5215644054749555,-5.72629185999304,-5.741736027720056,-5.561119600699574,-5.6895627740530195,-5.609891762227101,-5.684483862153405,-5.689807893927117,-5.694185901161088,-5.641750290686978,-5.681995590490865,-5.618041178149471,-5.113509274827519,-5.113509274827519,-5.113509274827519,-5.113509274827519,-5.113509274827519,-5.113509274827519,-5.113509274827519,-5.113509274827519,-5.113509274827519,-5.113509274827519,-5.113509274827519,-5.113509274827519,-5.113509274827519,-5.113509274827519,-5.113509274827519,-5.113509274827519,-5.113509274827519,-5.113509274827519,-5.113509274827519,-5.113509274827519
-5.794430314235148,-5.874425861258711,-6.0319926458156425,-5.841555639432929,-5.984712179756417,-5.985244712230331,-6.046543751308181,-5.81732040254958,-5.926467723710297,-6.006987307905963,-6.0047831232021,-6.012884401456651,-6.136515020204801,-6.1181837809798365,-6.0330741657009845,-5.998678241646354,-6.060598690721313,-6.0025554278438955,-6.202825553175784,-6.023208926075037,-6.537602002101044,-6.537602002101044,-6.537602002101044,-6.537602002101044,-6.537602002101044,-6.537602002101044,-6.537602002101044,-6.537602002101044,-6.537602002101044,-6.537602002101044,-6.537602002101044,-6.537602002101044,-6.537602002101044,-6.537602002101044,-6.537602002101044,-6.537602002101044,-6.537602002101044,-6.537602002101044,-6.537602002101044,-6.537602002101044
-6.023342296854837,-6.110948666031011,-6.160814184053524,-6.0732154162158976,-6.12250518315465,-6.146344007263721,-6.16464419222564,-6.023377539569989,-6.117376923484685,-6.174897648226732,-6.187047405767529,-6.176230018073666,-6.245069602590894,-6.202517438380949,-6.171004004900766,-6.168863692759146,-6.160639381017498,-6.17458698679757,-6.2893518356648945,-6.184098089996336,-6.026872146400302,-6.026872146400302,-6.026872146400302,-6.026872146400302,-6.026872146400302,-6.026872146400302,-6.026872146400302,-6.026872146400302,-6.026872146400302,-6.026872146400302,-6.026872146400302,-6.026872146400302,-6.026872146400302,-6.026872146400302,-6.026872146400302,-6.026872146400302,-6.026872146400302,-6.026872146400302,-6.026872146400302,-6.026872146400302
-5.003692955042071,-4.889679737608786,-4.942542330853563,-4.860936994863402,-4.956276542153765,-4.888193706299771,-4.854839913070963,-4.913570185529636,-4.829095352856564,-4.795826117924193,-4.826101268220738,-4.98027298351361,-4.922105464400227,-4.949799532559596,-4.958132210693673,-4.8407490877775095,-4.839612562568926,-4.848112921447522,-4.918770681951768,-4.90644401071844,-5.769551078621726,-5.769551078621726,-5.769551078621726,-5.769551078621726,-5.769551078621726,-5.769551078621726,-5.769551078621726,-5.769551078621726,-5.769551078621726,-5.769551078621726,-5.769551078621726,-5.769551078621726,-5.769551078621726,-5.769551078621726,-5.769551078621726,-5.769551078621726,-5.769551078621726,-5.769551078621726,-5.769551078621726,-5.769551078621726
-4.296415265921627,-4.27915576608808,-4.189703033245087,-4.1567211322454005,-4.552164637528703,-4.20518785017106,-4.436913689909762,-4.237725286532444,-3.9962815049083957,-4.42240710498037,-4.685954287113455,-4.113147999644267,-4.41232762113492,-4.312008599537034,-4.440235914932698,-4.512802580918555,-4.401059682335266,-4.312833874745778,-4.310732638080355,-4.459304482799079,-5.086186147616283,-5.086186147616283,-5.086186147616283,-5.086186147616283,-5.086186147616283,-5.086186147616283,-5.086186147616283,-5.086186147616283,-5.086186147616283,-5.086186147616283,-5.086186147616283,-5.086186147616283,-5.086186147616283,-5.086186147616283,-5.086186147616283,-5.086186147616283,-5.086186147616283,-5.086186147616283,-5.086186147616283,-5.086186147616283
-4.31866776581081,-4.313978344645057,-4.457871968498884,-4.191495886019732,-4.71637041760555,-4.237385045461852,-4.5492850063341,-4.20591224829955,-4.068929943523756,-4.476476797988631,-4.798178825923961,-4.180401758233775,-4.37320411233032,-4.466627981853573,-4.446676028538835,-4.494505770926751,-4.496708091644241,-4.509393360795993,-4.349792971337239,-4.417340581094235,-4.619788758288394,-4.619788758288394,-4.619788758288394,-4.619788758288394,-4.619788758288394,-4.619788758288394,-4.619788758288394,-4.619788758288394,-4.619788758288394,-4.619788758288394,-4.619788758288394,-4.619788758288394,-4.619788758288394,-4.619788758288394,-4.619788758288394,-4.619788758288394,-4.619788758288394,-4.619788758288394,-4.619788758288394,-4.619788758288394
-4.48746393301698,-4.4681696642040665,-4.538651375304815,-4.370063540025374,-4.597003273649915,-4.598570671853277,-4.562866840580374,-4.460209030501145,-4.2389217338358405,-4.547546436654802,-4.77613171682922,-4.491668167467171,-4.551083504398827,-4.58320597945648,-4.593763403825394,-4.586545097172572,-4.530947826703821,-4.512795081026421,-4.49316841397259,-4.585612763750346,-5.2839966563652006,-5.2839966563652006,-5.2839966563652006,-5.2839966563652006,-5.2839966563652006,-5.2839966563652006,-5.2839966563652006,-5.2839966563652006,-5.2839966563652006,-5.2839966563652006,-5.2839966563652006,-5.2839966563652006,-5.2839966563652006,-5.2839966563652006,-5.2839966563652006,-5.2839966563652006,-5.2839966563652006,-5.2839966563652006,-5.2839966563652006,-5.2839966563652006
-4.705538674895753,-4.730283388593969,-4.65996953260963,-4.711170181277175,-4.838512835498797,-4.461521494945297,-4.697732520225648,-4.727316418983341,-4.695178657269057,-4.655488777980319,-4.840197692955135,-4.618165709942238,-4.659024765475851,-4.755356023117986,-4.587440624570742,-4.753751500124045,-4.7480566523123064,-4.755947276797894,-4.713210016425957,-4.591096472929992,-5.008773924307505,-5.008773924307505,-5.008773924307505,-5.008773924307505,-5.008773924307505,-5.008773924307505,-5.008773924307505,-5.008773924307505,-5.008773924307505,-5.008773924307505,-5.008773924307505,-5.008773924307505,-5.008773924307505,-5.008773924307505,-5.008773924307505,-5.008773924307505,-5.008773924307505,-5.008773924307505,-5.008773924307505,-5.008773924307505
-4.464032653711336,-4.491475586743533,-4.377854387257846,-4.4104717215200235,-4.500709737114756,-4.385504268830227,-4.564708776289692,-4.457404053982412,-4.301953854542489,-4.451271578408166,-4.655404693842046,-4.436234542606503,-4.532674477537738,-4.573352563920014,-4.529142724326426,-4.628342182491586,-4.571506340522564,-4.508978945628618,-4.537741135095235,-4.524521236429569,-4.638272163982407,-4.638272163982407,-4.638272163982407,-4.638272163982407,-4.638272163982407,-4.638272163982407,-4.638272163982407,-4.638272163982407,-4.638272163982407,-4.638272163982407,-4.638272163982407,-4.638272163982407,-4.638272163982407,-4.638272163982407,-4.638272163982407,-4.638272163982407,-4.638272163982407,-4.638272163982407,-4.638272163982407,-4.638272163982407
-4.48746393301698,-4.4681696642040665,-4.538651375304815,-4.370063540025374,-4.597003273649915,-4.598570671853277,-4.562866840580374,-4.460209030501145,-4.2389217338358405,-4.547546436654802,-4.77613171682922,-4.491668167467171,-4.551083504398827,-4.58320597945648,-4.593763403825394,-4.586545097172572,-4.530947826703821,-4.512795081026421,-4.49316841397259,-4.585612763750346,-5.346787486224656,-5.346787486224656,-5.346787486224656,-5.346787486224656,-5.346787486224656,-5.346787486224656,-5.346787486224656,-5.346787486224656,-5.346787486224656,-5.346787486224656,-5.346787486224656,-5.346787486224656,-5.346787486224656,-5.346787486224656,-5.346787486224656,-5.346787486224656,-5.346787486224656,-5.346787486224656,-5.346787486224656,-5.346787486224656
-4.573946485465933,-4.583109716695647,-4.485630425159843,-4.500579427559884,-4.717440069519572,-4.296712075848737,-4.619250434097899,-4.537422513572684,-4.421471569587108,-4.535915054980062,-4.725753444356369,-4.488900069005671,-4.599198902559189,-4.629955948657169,-4.537537928450802,-4.66296620786365,-4.63217865140098,-4.588671114624137,-4.599307347346318,-4.554190506273731,-5.657577319177793,-5.657577319177793,-5.657577319177793,-5.657577319177793,-5.657577319177793,-5.657577319177793,-5.657577319177793,-5.657577319177793,-5.657577319177793,-5.657577319177793,-5.657577319177793,-5.657577319177793,-5.657577319177793,-5.657577319177793,-5.657577319177793,-5.657577319177793,-5.657577319177793,-5.657577319177793,-5.657577319177793,-5.657577319177793
-4.910065622022453,-4.9421991998145005,-4.882278957991728,-4.967972384665611,-4.746960792393177,-4.7188650426208945,-4.864188384180076,-4.970378176887769,-4.952589609640719,-4.711014702727711,-4.810955520868169,-4.85408692412224,-4.727647652977915,-4.983864590994775,-4.776983802368829,-4.927240154688139,-4.907393417866367,-4.9689159614951866,-4.913658506094518,-4.730310365522756,-5.3872161432802645,-5.3872161432802645,-5.3872161432802645,-5.3872161432802645,-5.3872161432802645,-5.3872161432802645,-5.3872161432802645,-5.3872161432802645,-5.3872161432802645,-5.3872161432802645,-5.3872161432802645,-5.3872161432802645,-5.3872161432802645,-5.3872161432802645,-5.3872161432802645,-5.3872161432802645,-5.3872161432802645,-5.3872161432802645,-5.3872161432802645,-5.3872161432802645
-4.962417628181085,-4.984299707648131,-4.958033558337409,-5.00855457561884,-4.898947392717722,-4.634693527744552,-4.956691046974498,-4.994739098548329,-5.013523814229286,-4.782309525795506,-4.862801125036485,-4.852158962409864,-4.760104365320818,-5.035957631068625,-4.775078300741728,-4.99284660631067,-4.990564834472527,-5.075315781103919,-4.967253803579275,-4.7631336899640475,-4.823908740944319,-4.823908740944319,-4.823908740944319,-4.823908740944319,-4.823908740944319,-4.823908740944319,-4.823908740944319,-4.823908740944319,-4.823908740944319,-4.823908740944319,-4.823908740944319,-4.823908740944319,-4.823908740944319,-4.823908740944319,-4.823908740944319,-4.823908740944319,-4.823908740944319,-4.823908740944319,-4.823908740944319,-4.823908740944319
-4.755050574275138,-4.70680684320074,-4.784829007075472,-4.609126516162752,-4.808724736540945,-4.835143500843686,-4.735452633861791,-4.671676279935507,-4.573279152269887,-4.710019724366015,-4.782847879578431,-4.837385633191213,-4.81733649119825,-4.787877753697787,-4.884385652770257,-4.743251998067342,-4.744131345417004,-4.686815749402907,-4.790472878480892,-4.844916367039661,-5.769551078621726,-5.769551078621726,-5.769551078621726,-5.769551078621726,-5.769551078621726,-5.769551078621726,-5.769551078621726,-5.769551078621726,-5.769551078621726,-5.769551078621726,-5.769551078621726,-5.769551078621726,-5.769551078621726,-5.769551078621726,-5.769551078621726,-5.769551078621726,-5.769551078621726,-5.769551078621726,-5.769551078621726,-5.769551078621726
-5.019338927856009,-4.915820000949346,-4.902008662652639,-4.926840722225999,-4.862131846752877,-4.938311610873417,-4.847967527482413,-4.961518638837098,-4.913527624450508,-4.746893695764678,-4.769045224289245,-4.9344844104963,-4.876143736686019,-4.952975780667079,-4.9891836282896795,-4.866468615504548,-4.820990574239684,-4.841034182232228,-4.933728663434917,-4.905626721992784,-4.431798275933005,-4.431798275933005,-4.431798275933005,-4.431798275933005,-4.431798275933005,-4.431798275933005,-4.431798275933005,-4.431798275933005,-4.431798275933005,-4.431798275933005,-4.431798275933005,-4.431798275933005,-4.431798275933005,-4.431798275933005,-4.431798275933005,-4.431798275933005,-4.431798275933005,-4.431798275933005,-4.431798275933005,-4.431798275933005
-4.579984665638995,-4.608136229243398,-4.449064234970022,-4.52919109868111,-4.643065507546648,-4.365822999891611,-4.636379010444289,-4.56230718435602,-4.444039843728408,-4.50862063410259,-4.678390214237939,-4.463726981258597,-4.589430547318559,-4.646416889209648,-4.561852339543696,-4.690902450627056,-4.646964416895889,-4.595530018990743,-4.619581013876141,-4.579147002773111,-5.431798275933005,-5.431798275933005,-5.431798275933005,-5.431798275933005,-5.431798275933005,-5.431798275933005,-5.431798275933005,-5.431798275933005,-5.431798275933005,-5.431798275933005,-5.431798275933005,-5.431798275933005,-5.431798275933005,-5.431798275933005,-5.431798275933005,-5.431798275933005,-5.431798275933005,-5.431798275933005,-5.431798275933005,-5.431798275933005
-5.386438426999901,-5.492633370897895,-4.99125032827951,-5.465419781243499,-5.093372289676285,-4.893588927454645,-5.017574410809969,-5.403891303917591,-5.506670809322858,-5.001366767012186,-4.88135872344694,-4.889434810749398,-5.004635732934463,-5.032422901448442,-5.1570829426426865,-5.283737939756577,-5.297316058547817,-5.170037965133467,-5.245777641017069,-5.089802219458746,-5.920818753952375,-5.920818753952375,-5.920818753952375,-5.920818753952375,-5.920818753952375,-5.920818753952375,-5.920818753952375,-5.920818753952375,-5.920818753952375,-5.920818753952375,-5.920818753952375,-5.920818753952375,-5.920818753952375,-5.920818753952375,-5.920818753952375,-5.920818753952375,-5.920818753952375,-5.920818753952375,-5.920818753952375,-5.920818753952375
-5.097061008811091,-4.953993702889107,-4.9274865421523035,-4.9910392053120365,-4.784374472660101,-4.968212627756823,-4.862289241704023,-5.029591931244254,-4.979498894878926,-4.75361706524639,-4.788841826847864,-4.983204802151658,-4.928325869199182,-4.98918827054431,-5.0245026594394435,-4.830126147146188,-4.826926041194257,-4.876135133933277,-4.944013039948905,-4.880746322308777,-5.7447274948966935,-5.7447274948966935,-5.7447274948966935,-5.7447274948966935,-5.7447274948966935,-5.7447274948966935,-5.7447274948966935,-5.7447274948966935,-5.7447274948966935,-5.7447274948966935,-5.7447274948966935,-5.7447274948966935,-5.7447274948966935,-5.7447274948966935,-5.7447274948966935,-5.7447274948966935,-5.7447274948966935,-5.7447274948966935,-5.7447274948966935,-5.7447274948966935
-4.882092712657043,-4.799380588019833,-4.935606055192918,-4.722688809017212,-4.910632764019603,-4.88952699269935,-4.80819257344171,-4.78740812518888,-4.677065087384405,-4.780009873595505,-4.84218871615077,-4.969548183688249,-4.879970636286184,-4.901664538656943,-4.9200317320660565,-4.785621449528888,-4.80367854512259,-4.793853785024424,-4.857415306986251,-4.879461378069999,-5.698970004336019,-5.698970004336019,-5.698970004336019,-5.698970004336019,-5.698970004336019,-5.698970004336019,-5.698970004336019,-5.698970004336019,-5.698970004336019,-5.698970004336019,-5.698970004336019,-5.698970004336019,-5.698970004336019,-5.698970004336019,-5.698970004336019,-5.698970004336019,-5.698970004336019,-5.698970004336019,-5.698970004336019,-5.698970004336019
-5.433160125837782,-5.473877537977562,-5.0335161769824435,-5.433974911636665,-4.31565749327363,-5.926677406601761,-4.959491417088318,-5.455523081576414,-5.416110784997999,-4.8884526387725975,-5.010097477095703,-5.250747862292618,-5.227353971352956,-5.420876564994001,-5.082377394096821,-4.813525766061327,-5.104830862313348,-5.127615981311171,-5.141047913304709,-4.945902822149112,-3.086186147616284,-3.086186147616284,-3.086186147616284,-3.086186147616284,-3.086186147616284,-3.086186147616284,-3.086186147616284,-3.086186147616284,-3.086186147616284,-3.086186147616284,-3.086186147616284,-3.086186147616284,-3.086186147616284,-3.086186147616284,-3.086186147616284,-3.086186147616284,-3.086186147616284,-3.086186147616284,-3.086186147616284,-3.086186147616284
-6.072209726596632,-5.897088532635575,-5.610556718430421,-6.117449701697921,-5.859631197345372,-6.087135569958673,-5.820093928986903,-5.902409197996924,-6.046112738054204,-6.328066657610803,-6.227156213469617,-6.02639040867507,-6.311911541747828,-5.469004844105127,-5.744757230916815,-6.372079942826449,-5.956963286298369,-5.742512937304202,-5.958086003890221,-6.362943001161209,-6.1938200260161125,-6.1938200260161125,-6.1938200260161125,-6.1938200260161125,-6.1938200260161125,-6.1938200260161125,-6.1938200260161125,-6.1938200260161125,-6.1938200260161125,-6.1938200260161125,-6.1938200260161125,-6.1938200260161125,-6.1938200260161125,-6.1938200260161125,-6.1938200260161125,-6.1938200260161125,-6.1938200260161125,-6.1938200260161125,-6.1938200260161125,-6.1938200260161125
-5.738441553848624,-5.686617968878083,-5.885212249655688,-5.7009175976319115,-5.832379746970977,-5.832416516801822,-5.898402475834699,-5.723216680384524,-5.713864123151989,-5.8054628692926675,-5.815489399961916,-5.78515007852014,-5.9143662789169085,-5.840465147261404,-5.864384222935631,-5.844838490272216,-5.905005617178996,-5.778471121966858,-6.114907649696387,-5.816764550656752,-6.318758762624412,-6.318758762624412,-6.318758762624412,-6.318758762624412,-6.318758762624412,-6.318758762624412,-6.318758762624412,-6.318758762624412,-6.318758762624412,-6.318758762624412,-6.318758762624412,-6.318758762624412,-6.318758762624412,-6.318758762624412,-6.318758762624412,-6.318758762624412,-6.318758762624412,-6.318758762624412,-6.318758762624412,-6.318758762624412
-5.515009162003287,-5.3930302532501155,-5.554172494546938,-5.38965452151081,-5.520526606622673,-5.503478640385762,-5.518315982420919,-5.462670938245629,-5.3966471111101475,-5.460374445845282,-5.45579543022934,-5.4285054218972535,-5.452546267421159,-5.492286238798645,-5.552478516644307,-5.468763400572936,-5.519021086985573,-5.50571885954223,-5.665505290232825,-5.454293747158259,-5.2839966563652006,-5.2839966563652006,-5.2839966563652006,-5.2839966563652006,-5.2839966563652006,-5.2839966563652006,-5.2839966563652006,-5.2839966563652006,-5.2839966563652006,-5.2839966563652006,-5.2839966563652006,-5.2839966563652006,-5.2839966563652006,-5.2839966563652006,-5.2839966563652006,-5.2839966563652006,-5.2839966563652006,-5.2839966563652006,-5.2839966563652006,-5.2839966563652006
-5.721329564614382,-5.672163121363571,-5.865727612561063,-5.670833623919855,-5.7936735923016816,-5.793359740153833,-5.852478899810357,-5.6956153813641635,-5.6841189519957425,-5.778591809941741,-5.776961690715386,-5.75325208761116,-5.835584467654696,-5.820720701911124,-5.843962372028156,-5.807230893869077,-5.8543951931906175,-5.785307977261555,-6.051565367925922,-5.772489910647592,-6.431798275933005,-6.431798275933005,-6.431798275933005,-6.431798275933005,-6.431798275933005,-6.431798275933005,-6.431798275933005,-6.431798275933005,-6.431798275933005,-6.431798275933005,-6.431798275933005,-6.431798275933005,-6.431798275933005,-6.431798275933005,-6.431798275933005,-6.431798275933005,-6.431798275933005,-6.431798275933005,-6.431798275933005,-6.431798275933005
-5.766031945386648,-5.831951666631176,-6.024044225758377,-5.818032880321186,-5.906404163322294,-5.95557387419162,-6.0044085311955016,-5.769730911619308,-5.812855426412819,-5.961762346638794,-5.918413074819425,-5.9390158226153185,-6.0129373591038915,-5.964776072490692,-5.954868181638428,-6.029270567088674,-6.015979735683646,-5.942390000630537,-6.136755160651602,-5.9515837287223885,-5.958607314841775,-5.958607314841775,-5.958607314841775,-5.958607314841775,-5.958607314841775,-5.958607314841775,-5.958607314841775,-5.958607314841775,-5.958607314841775,-5.958607314841775,-5.958607314841775,-5.958607314841775,-5.958607314841775,-5.958607314841775,-5.958607314841775,-5.958607314841775,-5.958607314841775,-5.958607314841775,-5.958607314841775,-5.958607314841775
-5.750690938503091,-5.695005295495738,-5.891295885018546,-5.703066058740783,-5.836685396359557,-5.840083250272189,-5.901314657610524,-5.730724652171948,-5.7140969692428065,-5.803501433721929,-5.813969751800208,-5.787434436934213,-5.911951252738607,-5.848044377266787,-5.879336048905658,-5.843659386266565,-5.90793399867474,-5.787175791769175,-6.1258915511968866,-5.81736166397446,-5.698970004336019,-5.698970004336019,-5.698970004336019,-5.698970004336019,-5.698970004336019,-5.698970004336019,-5.698970004336019,-5.698970004336019,-5.698970004336019,-5.698970004336019,-5.698970004336019,-5.698970004336019,-5.698970004336019,-5.698970004336019,-5.698970004336019,-5.698970004336019,-5.698970004336019,-5.698970004336019,-5.698970004336019,-5.698970004336019
-5.473059675601248,-5.438813534927093,-5.433908625545589,-5.455913461083751,-5.4032896083673645,-5.4675053548159305,-5.4383117646613,-5.471827643614998,-5.455282338851052,-5.401786715974656,-5.419418453232218,-5.410007469671042,-5.508840156053886,-5.349579179506421,-5.390823322156941,-5.48413039530371,-5.394205866903478,-5.326665200976308,-5.4032026252086816,-5.44196723155411,-6.2076083105017466,-6.2076083105017466,-6.2076083105017466,-6.2076083105017466,-6.2076083105017466,-6.2076083105017466,-6.2076083105017466,-6.2076083105017466,-6.2076083105017466,-6.2076083105017466,-6.2076083105017466,-6.2076083105017466,-6.2076083105017466,-6.2076083105017466,-6.2076083105017466,-6.2076083105017466,-6.2076083105017466,-6.2076083105017466,-6.2076083105017466,-6.2076083105017466
-6.074663245797989,-6.228765008074168,-6.30907233861468,-6.14256964163413,-6.253888770201321,-6.21306194117354,-6.27441696616213,-6.17542084248198,-6.1283025663260355,-6.101727402330513,-6.158896941642022,-6.175862738232666,-6.178793837246813,-6.29483474397894,-6.284533961954634,-6.147386302698793,-6.301873572466988,-6.290841422072923,-6.310309395909651,-6.135659408754937,-5.568636235841013,-5.568636235841013,-5.568636235841013,-5.568636235841013,-5.568636235841013,-5.568636235841013,-5.568636235841013,-5.568636235841013,-5.568636235841013,-5.568636235841013,-5.568636235841013,-5.568636235841013,-5.568636235841013,-5.568636235841013,-5.568636235841013,-5.568636235841013,-5.568636235841013,-5.568636235841013,-5.568636235841013,-5.568636235841013
-6.069932428321733,-6.06576587536992,-6.170423420898447,-6.038075350166671,-6.11315298347639,-6.123785161999323,-6.2203129752061495,-6.081299729181732,-6.0750320765757175,-6.159024360181191,-6.150084809930725,-6.133115941748252,-6.224658937567686,-6.237575967686684,-6.220972026025934,-6.155656640639599,-6.180467517983572,-6.168959459698772,-6.338579008411815,-6.173148417303739,-6.769551078621726,-6.769551078621726,-6.769551078621726,-6.769551078621726,-6.769551078621726,-6.769551078621726,-6.769551078621726,-6.769551078621726,-6.769551078621726,-6.769551078621726,-6.769551078621726,-6.769551078621726,-6.769551078621726,-6.769551078621726,-6.769551078621726,-6.769551078621726,-6.769551078621726,-6.769551078621726,-6.769551078621726,-6.769551078621726
-6.05812031382659,-6.0500828590041635,-6.152730324013378,-6.022689224413401,-6.100077633810133,-6.106160272639049,-6.204977969719924,-6.068341787707097,-6.0574908364131295,-6.142726278627807,-6.136882716399568,-6.115367022094635,-6.210079952209357,-6.2183154522557595,-6.206323536162119,-6.137695653065446,-6.166801406178169,-6.148745681567793,-6.3239720804067305,-6.1552964522844995,-6.455931955649724,-6.455931955649724,-6.455931955649724,-6.455931955649724,-6.455931955649724,-6.455931955649724,-6.455931955649724,-6.455931955649724,-6.455931955649724,-6.455931955649724,-6.455931955649724,-6.455931955649724,-6.455931955649724,-6.455931955649724,-6.455931955649724,-6.455931955649724,-6.455931955649724,-6.455931955649724,-6.455931955649724,-6.455931955649724
-6.022227218870984,-6.077699256097081,-6.2578386723648824,-6.007385147261154,-6.162008666034781,-6.092972743749772,-6.232658025405524,-6.059347668529045,-6.043116617510768,-6.082282303455589,-6.11895841880034,-6.115206561271576,-6.159479374029197,-6.356246880475328,-6.2672092644591775,-6.099660888582074,-6.182157829373474,-6.249367671616855,-6.394445032348681,-6.129994817542249,-6.537602002101044,-6.537602002101044,-6.537602002101044,-6.537602002101044,-6.537602002101044,-6.537602002101044,-6.537602002101044,-6.537602002101044,-6.537602002101044,-6.537602002101044,-6.537602002101044,-6.537602002101044,-6.537602002101044,-6.537602002101044,-6.537602002101044,-6.537602002101044,-6.537602002101044,-6.537602002101044,-6.537602002101044,-6.537602002101044
-6.141809950341026,-6.179616721242842,-6.267302930290694,-6.134627004765884,-6.2055862372449395,-6.186684294646545,-6.276022262599143,-6.143024076610131,-6.169075317873788,-6.192966791055693,-6.206388494216061,-6.2146412303437994,-6.233950174824549,-6.294072592521093,-6.254071263207203,-6.192203247618768,-6.197601407423763,-6.230280236719055,-6.330136303591302,-6.234131832856972,-6.2441251443275085,-6.2441251443275085,-6.2441251443275085,-6.2441251443275085,-6.2441251443275085,-6.2441251443275085,-6.2441251443275085,-6.2441251443275085,-6.2441251443275085,-6.2441251443275085,-6.2441251443275085,-6.2441251443275085,-6.2441251443275085,-6.2441251443275085,-6.2441251443275085,-6.2441251443275085,-6.2441251443275085,-6.2441251443275085,-6.2441251443275085,-6.2441251443275085
-6.086715905533138,-6.033070560246799,-6.0496810784556,-6.073280416987514,-6.0583745887725255,-5.967112451555835,-6.079733677704612,-6.090268628082016,-5.993532281997179,-6.072998132686116,-6.075300967373783,-6.021322265890316,-6.078853883878442,-6.049272708199877,-6.004208130293621,-6.086933361777601,-6.045071773668615,-6.033458511296747,-6.089031470926049,-6.04119344706613,-6.853871964321762,-6.853871964321762,-6.853871964321762,-6.853871964321762,-6.853871964321762,-6.853871964321762,-6.853871964321762,-6.853871964321762,-6.853871964321762,-6.853871964321762,-6.853871964321762,-6.853871964321762,-6.853871964321762,-6.853871964321762,-6.853871964321762,-6.853871964321762,-6.853871964321762,-6.853871964321762,-6.853871964321762,-6.853871964321762
-5.913818769199171,-5.925662014986653,-5.95696189905221,-5.932254189025968,-5.973881545011278,-5.891853404477909,-5.977444256060713,-5.942352204944015,-5.914359739631866,-5.934194904749039,-5.954804605550413,-5.923938626906393,-5.964163612865093,-5.946083630946813,-5.896863859313815,-5.93845471364582,-5.937047736689918,-5.9105768713725935,-5.973037014352784,-5.928335288758611,-6.619788758288394,-6.619788758288394,-6.619788758288394,-6.619788758288394,-6.619788758288394,-6.619788758288394,-6.619788758288394,-6.619788758288394,-6.619788758288394,-6.619788758288394,-6.619788758288394,-6.619788758288394,-6.619788758288394,-6.619788758288394,-6.619788758288394,-6.619788758288394,-6.619788758288394,-6.619788758288394,-6.619788758288394,-6.619788758288394
-5.709843902778105,-5.616461203774611,-5.747780046407859,-5.53158282468662,-5.731119514130937,-5.6968308783755495,-5.792625117361788,-5.707436353822458,-5.58498815641173,-5.616065055757559,-5.615630073687187,-5.6015653929761395,-5.662349026151061,-5.8383226345837675,-5.893103651653911,-5.63041486812253,-5.7481231561722055,-5.749503803203116,-5.958257671543732,-5.6865270728122645,-6.6020599913279625,-6.6020599913279625,-6.6020599913279625,-6.6020599913279625,-6.6020599913279625,-6.6020599913279625,-6.6020599913279625,-6.6020599913279625,-6.6020599913279625,-6.6020599913279625,-6.6020599913279625,-6.6020599913279625,-6.6020599913279625,-6.6020599913279625,-6.6020599913279625,-6.6020599913279625,-6.6020599913279625,-6.6020599913279625,-6.6020599913279625,-6.6020599913279625
-5.705467610245438,-5.721092070007874,-5.6638538293048954,-5.701172310254401,-5.691004987125194,-5.684636657865753,-5.689269183185419,-5.719269460259598,-5.7142875727800595,-5.649136075243504,-5.709829926609308,-5.66901086852324,-5.73283495219461,-5.635889545028481,-5.66258463223422,-5.671391991551862,-5.627769618120193,-5.607322916337137,-5.668244123802822,-5.690030054516583,-6.481486060122113,-6.481486060122113,-6.481486060122113,-6.481486060122113,-6.481486060122113,-6.481486060122113,-6.481486060122113,-6.481486060122113,-6.481486060122113,-6.481486060122113,-6.481486060122113,-6.481486060122113,-6.481486060122113,-6.481486060122113,-6.481486060122113,-6.481486060122113,-6.481486060122113,-6.481486060122113,-6.481486060122113,-6.481486060122113
-5.826417945171533,-5.7541539851949395,-5.733466846109612,-5.756303889991235,-5.754517737269461,-5.722154468243902,-5.7435837618314665,-5.819935256672144,-5.730012253323597,-5.7247981209983445,-5.7299625800976965,-5.69359032459292,-5.7473352063992245,-5.728376556375314,-5.754059745357884,-5.747201551850591,-5.739677477763138,-5.731847477075618,-5.775113681544903,-5.728472867713518,-6.853871964321762,-6.853871964321762,-6.853871964321762,-6.853871964321762,-6.853871964321762,-6.853871964321762,-6.853871964321762,-6.853871964321762,-6.853871964321762,-6.853871964321762,-6.853871964321762,-6.853871964321762,-6.853871964321762,-6.853871964321762,-6.853871964321762,-6.853871964321762,-6.853871964321762,-6.853871964321762,-6.853871964321762,-6.853871964321762
-5.436852353715801,-5.372161910235167,-5.185796752793015,-5.386547971719181,-5.261748316851476,-5.260716662359835,-5.235554082266914,-5.465755425841056,-5.473860463844428,-5.309703538259175,-5.344114679932268,-5.208815294338138,-5.384294706804726,-5.2756985143063355,-5.317643475757755,-5.351033405868364,-5.270309397597246,-5.249035259693524,-5.237840630942227,-5.362197795977793,-6.769551078621726,-6.769551078621726,-6.769551078621726,-6.769551078621726,-6.769551078621726,-6.769551078621726,-6.769551078621726,-6.769551078621726,-6.769551078621726,-6.769551078621726,-6.769551078621726,-6.769551078621726,-6.769551078621726,-6.769551078621726,-6.769551078621726,-6.769551078621726,-6.769551078621726,-6.769551078621726,-6.769551078621726,-6.769551078621726
-5.945489928435261,-5.832153757137768,-5.935059567695638,-5.842739715511687,-5.925717291742818,-5.928799348297985,-6.00492412720959,-5.922411762358569,-5.834667321878271,-5.940273906944163,-5.924508594740123,-5.875716772544108,-6.030255952406372,-5.996795431610144,-6.029819564713098,-5.9882904995711055,-5.999188181184505,-5.941008965873517,-6.220187078541673,-5.982348301699574,-5.769551078621726,-5.769551078621726,-5.769551078621726,-5.769551078621726,-5.769551078621726,-5.769551078621726,-5.769551078621726,-5.769551078621726,-5.769551078621726,-5.769551078621726,-5.769551078621726,-5.769551078621726,-5.769551078621726,-5.769551078621726,-5.769551078621726,-5.769551078621726,-5.769551078621726,-5.769551078621726,-5.769551078621726,-5.769551078621726
-5.9813754295834665,-5.852930346378931,-5.81704887528424,-5.891409405676024,-5.850896650791426,-5.839465576760047,-5.878439650600312,-5.967099239529086,-5.838533992203807,-5.886202330172775,-5.8555113818358295,-5.805142250534357,-5.930249041546555,-5.8643716946174544,-5.885236653943005,-5.944801612850472,-5.8818451644230905,-5.858402173283384,-5.957585292776496,-5.909543187484036,-6.958607314841775,-6.958607314841775,-6.958607314841775,-6.958607314841775,-6.958607314841775,-6.958607314841775,-6.958607314841775,-6.958607314841775,-6.958607314841775,-6.958607314841775,-6.958607314841775,-6.958607314841775,-6.958607314841775,-6.958607314841775,-6.958607314841775,-6.958607314841775,-6.958607314841775,-6.958607314841775,-6.958607314841775,-6.958607314841775
-5.863303529251244,-5.727288288304513,-5.74580324953487,-5.741004782650964,-5.7707733681664495,-5.733580550349464,-5.79057048954093,-5.844043969486286,-5.700660523539874,-5.7764839099721055,-5.741601407366845,-5.684667702529445,-5.803665196825652,-5.829531351437986,-5.850493271384199,-5.828222119510191,-5.817119114208296,-5.8133237000661095,-5.9303794011226705,-5.799612468622376,-6.301029995663981,-6.301029995663981,-6.301029995663981,-6.301029995663981,-6.301029995663981,-6.301029995663981,-6.301029995663981,-6.301029995663981,-6.301029995663981,-6.301029995663981,-6.301029995663981,-6.301029995663981,-6.301029995663981,-6.301029995663981,-6.301029995663981,-6.301029995663981,-6.301029995663981,-6.301029995663981,-6.301029995663981,-6.301029995663981
-6.407615589620657,-6.450566524690249,-6.3727571780874115,-6.430417725337618,-6.372864892630999,-6.322799570675171,-6.371598542966576,-6.454431806293404,-6.372952340302773,-6.306045447243085,-6.337601800146767,-6.34192365992852,-6.351500630199968,-6.330754890517987,-6.335723670791867,-6.337598632447343,-6.35478400768922,-6.336348549667013,-6.315184126565146,-6.331700890827476,-6.769551078621726,-6.769551078621726,-6.769551078621726,-6.769551078621726,-6.769551078621726,-6.769551078621726,-6.769551078621726,-6.769551078621726,-6.769551078621726,-6.769551078621726,-6.769551078621726,-6.769551078621726,-6.769551078621726,-6.769551078621726,-6.769551078621726,-6.769551078621726,-6.769551078621726,-6.769551078621726,-6.769551078621726,-6.769551078621726
-6.097948437867344,-6.045508651945186,-5.9773401606964836,-6.072342781983619,-6.01331336536102,-6.014297194956509,-6.0085518078714575,-6.074976490296249,-6.052143765169771,-6.075808720397788,-6.0757311094155755,-6.038062563797389,-6.102175709518685,-5.945376736153433,-5.984925244811167,-6.055872827185075,-6.015769862108841,-5.959559887849827,-6.019244083937935,-6.051959640208464,-6.431798275933005,-6.431798275933005,-6.431798275933005,-6.431798275933005,-6.431798275933005,-6.431798275933005,-6.431798275933005,-6.431798275933005,-6.431798275933005,-6.431798275933005,-6.431798275933005,-6.431798275933005,-6.431798275933005,-6.431798275933005,-6.431798275933005,-6.431798275933005,-6.431798275933005,-6.431798275933005,-6.431798275933005,-6.431798275933005
-5.966061027773062,-6.018747748487097,-6.10082836732184,-6.070610990006966,-6.062115576136786,-6.053819415273643,-6.136596732040685,-6.0095097574806955,-6.078783170446378,-6.138183127350016,-6.173566253563612,-6.102879028541921,-6.2010607486743865,-6.130631587820537,-6.078741907866034,-6.188614900732336,-6.107930093635092,-6.139706808415064,-6.198162857296197,-6.162415741002146,-6.537602002101044,-6.537602002101044,-6.537602002101044,-6.537602002101044,-6.537602002101044,-6.537602002101044,-6.537602002101044,-6.537602002101044,-6.537602002101044,-6.537602002101044,-6.537602002101044,-6.537602002101044,-6.537602002101044,-6.537602002101044,-6.537602002101044,-6.537602002101044,-6.537602002101044,-6.537602002101044,-6.537602002101044,-6.537602002101044
-6.125900561110327,-6.316622654621969,-6.238393147277364,-6.339347717120358,-6.2521705336418885,-6.167549875009514,-6.255662013275962,-6.3906948852854715,-6.255306962934364,-6.2673416674530875,-6.272498386731758,-6.226396163195356,-6.262657206758392,-6.2099652571620165,-6.194898603042506,-6.279616740098301,-6.241285739791063,-6.211717990748426,-6.1878827592127745,-6.24484152886525,-6.080921907623926,-6.080921907623926,-6.080921907623926,-6.080921907623926,-6.080921907623926,-6.080921907623926,-6.080921907623926,-6.080921907623926,-6.080921907623926,-6.080921907623926,-6.080921907623926,-6.080921907623926,-6.080921907623926,-6.080921907623926,-6.080921907623926,-6.080921907623926,-6.080921907623926,-6.080921907623926,-6.080921907623926,-6.080921907623926
-6.153338817370373,-6.33671514925426,-6.252584209994084,-6.325420307795062,-6.196080486086591,-6.206419306593535,-6.244570695304882,-6.379050015891993,-6.228214088156633,-6.249009455028874,-6.23455796471784,-6.216248463319557,-6.291238292145232,-6.268007330795702,-6.2844198473455934,-6.319715425240428,-6.280276989875391,-6.307565806210859,-6.259511027050176,-6.231599044116164,-6.619788758288394,-6.619788758288394,-6.619788758288394,-6.619788758288394,-6.619788758288394,-6.619788758288394,-6.619788758288394,-6.619788758288394,-6.619788758288394,-6.619788758288394,-6.619788758288394,-6.619788758288394,-6.619788758288394,-6.619788758288394,-6.619788758288394,-6.619788758288394,-6.619788758288394,-6.619788758288394,-6.619788758288394,-6.619788758288394
-5.861631813260704,-5.877313004249295,-5.958656748039218,-5.859263782935407,-5.907195608681388,-5.933090994660059,-5.920637266296487,-5.819610504004982,-5.914317427489337,-5.966144914653361,-5.9758800738279465,-5.937382016711886,-5.964141339480259,-5.944793144693711,-5.947976444337289,-5.936959769032408,-5.946921816205006,-5.967266658430899,-6.006634898624716,-5.955205147024299,-6.522878745280337,-6.522878745280337,-6.522878745280337,-6.522878745280337,-6.522878745280337,-6.522878745280337,-6.522878745280337,-6.522878745280337,-6.522878745280337,-6.522878745280337,-6.522878745280337,-6.522878745280337,-6.522878745280337,-6.522878745280337,-6.522878745280337,-6.522878745280337,-6.522878745280337,-6.522878745280337,-6.522878745280337,-6.522878745280337
-5.897977221847341,-5.916995909448035,-6.027308086236743,-5.886570473927481,-5.950114879721923,-6.028109617429942,-5.991551063893017,-5.821415684465432,-5.979009763640344,-6.0417341235297535,-6.02221427303991,-6.02134000286719,-6.071421729363942,-6.047338965047096,-6.030901636067795,-6.028374652671318,-6.031810950778545,-6.063364335003563,-6.123975028234529,-6.04781663765612,-7.0,-7.0,-7.0,-7.0,-7.0,-7.0,-7.0,-7.0,-7.0,-7.0,-7.0,-7.0,-7.0,-7.0,-7.0,-7.0,-7.0,-7.0,-7.0,-7.0
-6.507193496218919,-6.54704126597795,-6.5468886893210865,-6.602043565465997,-6.474168119511431,-6.492898904264074,-6.516644537914646,-6.547210770071118,-6.638508474698775,-6.513694631546825,-6.547235377572946,-6.546614924275107,-6.5560394636049955,-6.514432605701651,-6.481200198149074,-6.501647817475469,-6.465573668949231,-6.4841791221323,-6.457398998750687,-6.535357680218556,-7.040958607678906,-7.040958607678906,-7.040958607678906,-7.040958607678906,-7.040958607678906,-7.040958607678906,-7.040958607678906,-7.040958607678906,-7.040958607678906,-7.040958607678906,-7.040958607678906,-7.040958607678906,-7.040958607678906,-7.040958607678906,-7.040958607678906,-7.040958607678906,-7.040958607678906,-7.040958607678906,-7.040958607678906,-7.040958607678906
-5.854328329591236,-5.779516917122271,-5.807997129600379,-5.775197772000587,-5.789775312592545,-5.80265800745914,-5.804727506722872,-5.8032225014596746,-5.773858420067318,-5.854437797404603,-5.832123313777815,-5.805301352339913,-5.8551661340399495,-5.822646450122876,-5.848815246374012,-5.832973103535484,-5.819904150875568,-5.837603935268824,-5.898394761750201,-5.815245856228798,-6.958607314841775,-6.958607314841775,-6.958607314841775,-6.958607314841775,-6.958607314841775,-6.958607314841775,-6.958607314841775,-6.958607314841775,-6.958607314841775,-6.958607314841775,-6.958607314841775,-6.958607314841775,-6.958607314841775,-6.958607314841775,-6.958607314841775,-6.958607314841775,-6.958607314841775,-6.958607314841775,-6.958607314841775,-6.958607314841775
-5.643619560968901,-5.603618929790661,-5.612243331105417,-5.58669455502164,-5.690177978836318,-5.6974544577685196,-5.692293843582689,-5.616289109815478,-5.642063873787857,-5.747161221129204,-5.756917335975658,-5.648959907333719,-5.779695024912355,-5.619137012196349,-5.7471570592730075,-5.699361364098266,-5.76188721747341,-5.635089045823759,-5.827984912069934,-5.741077799013649,-6.698970004336019,-6.698970004336019,-6.698970004336019,-6.698970004336019,-6.698970004336019,-6.698970004336019,-6.698970004336019,-6.698970004336019,-6.698970004336019,-6.698970004336019,-6.698970004336019,-6.698970004336019,-6.698970004336019,-6.698970004336019,-6.698970004336019,-6.698970004336019,-6.698970004336019,-6.698970004336019,-6.698970004336019,-6.698970004336019
-5.903555623491781,-5.828385145669014,-5.9327500942602835,-5.811751135386579,-5.952371244577465,-5.862795640293145,-5.982215055921794,-5.926168280097601,-5.801643525193075,-5.914804307500122,-5.874930199313148,-5.825697651350584,-5.921684606643142,-6.041876067179816,-6.030302396987835,-5.940452783264657,-6.017620213099,-5.995527208211226,-6.119321150184038,-5.948992537391841,-6.721246399047171,-6.721246399047171,-6.721246399047171,-6.721246399047171,-6.721246399047171,-6.721246399047171,-6.721246399047171,-6.721246399047171,-6.721246399047171,-6.721246399047171,-6.721246399047171,-6.721246399047171,-6.721246399047171,-6.721246399047171,-6.721246399047171,-6.721246399047171,-6.721246399047171,-6.721246399047171,-6.721246399047171,-6.721246399047171
-5.853324139108211,-5.823191820917006,-5.895079810787407,-5.776625265187596,-5.816447695657245,-5.858781803343697,-5.876772182826495,-5.807642111585534,-5.81033235516977,-5.874969366042791,-5.841373780041115,-5.874603870654424,-5.862056457089385,-5.899470282778941,-5.901408034792196,-5.847569130756407,-5.822136275635211,-5.896132030557359,-5.894884693850193,-5.8525263252684985,-5.091514981121351,-5.091514981121351,-5.091514981121351,-5.091514981121351,-5.091514981121351,-5.091514981121351,-5.091514981121351,-5.091514981121351,-5.091514981121351,-5.091514981121351,-5.091514981121351,-5.091514981121351,-5.091514981121351,-5.091514981121351,-5.091514981121351,-5.091514981121351,-5.091514981121351,-5.091514981121351,-5.091514981121351,-5.091514981121351
-5.829849993993238,-5.671763044437657,-5.561619997139993,-5.732948687933458,-5.68955656988094,-5.639580958555709,-5.664128757451693,-5.7537721054706275,-5.528516902388573,-5.837330437235026,-5.798576318367982,-5.634188901438908,-5.784791726572147,-5.54510844331979,-5.70827052376132,-5.854904719914124,-5.782637677058552,-5.674471549843669,-5.736386047512926,-5.7512301009762385,-6.431798275933005,-6.431798275933005,-6.431798275933005,-6.431798275933005,-6.431798275933005,-6.431798275933005,-6.431798275933005,-6.431798275933005,-6.431798275933005,-6.431798275933005,-6.431798275933005,-6.431798275933005,-6.431798275933005,-6.431798275933005,-6.431798275933005,-6.431798275933005,-6.431798275933005,-6.431798275933005,-6.431798275933005,-6.431798275933005
-5.727068953566536,-5.805148130960585,-5.969255125068862,-5.701626015761908,-5.815264989004645,-5.923276805632711,-5.928552099525212,-5.701140613828891,-5.821747403014015,-5.89054161331194,-5.838458622024457,-5.9373668338043935,-5.918113104436048,-6.022252373055533,-5.972852681929204,-5.860779458117154,-5.864710149951174,-5.968626702619427,-5.9803164798870485,-5.885974007416837,-6.920818753952375,-6.920818753952375,-6.920818753952375,-6.920818753952375,-6.920818753952375,-6.920818753952375,-6.920818753952375,-6.920818753952375,-6.920818753952375,-6.920818753952375,-6.920818753952375,-6.920818753952375,-6.920818753952375,-6.920818753952375,-6.920818753952375,-6.920818753952375,-6.920818753952375,-6.920818753952375,-6.920818753952375,-6.920818753952375
-5.701576150812733,-5.751650907947846,-5.927256093789493,-5.727255617659354,-5.866616797819414,-5.816276382718597,-5.906365354683217,-5.745424437618581,-5.7945749787544445,-5.863837315188198,-5.885584914400889,-5.831773688662518,-5.890562542365779,-5.970419463040028,-5.9184036309954156,-5.833543903402853,-5.915254803647579,-5.897458994091656,-6.025759956950813,-5.858416723987035,-6.292429823902063,-6.292429823902063,-6.292429823902063,-6.292429823902063,-6.292429823902063,-6.292429823902063,-6.292429823902063,-6.292429823902063,-6.292429823902063,-6.292429823902063,-6.292429823902063,-6.292429823902063,-6.292429823902063,-6.292429823902063,-6.292429823902063,-6.292429823902063,-6.292429823902063,-6.292429823902063,-6.292429823902063,-6.292429823902063
-5.8850151490146585,-5.813473134500744,-5.816587919375471,-5.811473449491091,-5.796454756164817,-5.826824188924113,-5.811985588335686,-5.819873871225711,-5.802127729374463,-5.902619216663627,-5.866276508958233,-5.841083154461048,-5.869719391038568,-5.818339562641453,-5.853231571634363,-5.876486499942219,-5.818830471611078,-5.862337582242415,-5.879492553476208,-5.8537927462039825,-6.102372908709558,-6.102372908709558,-6.102372908709558,-6.102372908709558,-6.102372908709558,-6.102372908709558,-6.102372908709558,-6.102372908709558,-6.102372908709558,-6.102372908709558,-6.102372908709558,-6.102372908709558,-6.102372908709558,-6.102372908709558,-6.102372908709558,-6.102372908709558,-6.102372908709558,-6.102372908709558,-6.102372908709558,-6.102372908709558
-5.737053940807794,-5.80215789350064,-6.036199540336324,-5.717363210258344,-5.879378417598334,-5.931827452420649,-6.002126842160076,-5.729588777677303,-5.814985883153289,-5.933189618821254,-5.887570450768873,-5.95314256207681,-5.9611231338550095,-6.116439848424691,-6.035101459020183,-5.91707646697336,-5.94516929845981,-6.041856985305566,-6.1095361796029914,-5.934572525018882,-6.619788758288394,-6.619788758288394,-6.619788758288394,-6.619788758288394,-6.619788758288394,-6.619788758288394,-6.619788758288394,-6.619788758288394,-6.619788758288394,-6.619788758288394,-6.619788758288394,-6.619788758288394,-6.619788758288394,-6.619788758288394,-6.619788758288394,-6.619788758288394,-6.619788758288394,-6.619788758288394,-6.619788758288394,-6.619788758288394
-5.584083777067756,-5.515014562693713,-5.551887734741452,-5.5019348825052,-5.556079905227042,-5.5238683463867275,-5.519895436333903,-5.541845193826035,-5.526795210954117,-5.595403179136473,-5.598479234072155,-5.519756652511311,-5.56049417526783,-5.564839354292367,-5.612612217305221,-5.535767076675036,-5.586861911815781,-5.5887839731330216,-5.628319995277065,-5.528034650323824,-6.3872161432802645,-6.3872161432802645,-6.3872161432802645,-6.3872161432802645,-6.3872161432802645,-6.3872161432802645,-6.3872161432802645,-6.3872161432802645,-6.3872161432802645,-6.3872161432802645,-6.3872161432802645,-6.3872161432802645,-6.3872161432802645,-6.3872161432802645,-6.3872161432802645,-6.3872161432802645,-6.3872161432802645,-6.3872161432802645,-6.3872161432802645,-6.3872161432802645
-6.002357605061434,-6.0456043547738725,-6.141817692677712,-6.050756558402206,-6.0956687982179805,-6.077167084839054,-6.1354496572399775,-6.023345556398054,-6.075823745359689,-6.1417141974900575,-6.142429247131246,-6.117005674611288,-6.167697119662108,-6.150032072757298,-6.093563123574122,-6.132416977147966,-6.123259737025378,-6.119923517919884,-6.20616158289911,-6.13874620409957,-6.920818753952375,-6.920818753952375,-6.920818753952375,-6.920818753952375,-6.920818753952375,-6.920818753952375,-6.920818753952375,-6.920818753952375,-6.920818753952375,-6.920818753952375,-6.920818753952375,-6.920818753952375,-6.920818753952375,-6.920818753952375,-6.920818753952375,-6.920818753952375,-6.920818753952375,-6.920818753952375,-6.920818753952375,-6.920818753952375
-5.6922021494673976,-5.751163838733421,-5.9193542036832785,-5.660770349683893,-5.787358419492915,-5.873722867718865,-5.8931673100179225,-5.674603826256482,-5.780815445121019,-5.8437669530597,-5.791416121898089,-5.879247154625631,-5.891387908934966,-5.984951786049445,-5.930246557520538,-5.826660072823998,-5.841384084334358,-5.912259404296395,-5.953024611048733,-5.85754730005914,-6.795880017344075,-6.795880017344075,-6.795880017344075,-6.795880017344075,-6.795880017344075,-6.795880017344075,-6.795880017344075,-6.795880017344075,-6.795880017344075,-6.795880017344075,-6.795880017344075,-6.795880017344075,-6.795880017344075,-6.795880017344075,-6.795880017344075,-6.795880017344075,-6.795880017344075,-6.795880017344075,-6.795880017344075,-6.795880017344075
-5.711390575875426,-5.786181487786007,-5.992814203741652,-5.7079087536364295,-5.833042635481266,-5.927951950767217,-5.960072945296376,-5.692287662390779,-5.819384198426124,-5.934898762529783,-5.875980534157808,-5.955280659638098,-5.9702926584928235,-6.060773465762159,-5.984843308591324,-5.914141077540023,-5.909028798813753,-5.996427046467495,-6.043983417108897,-5.9263754965312625,-6.080921907623926,-6.080921907623926,-6.080921907623926,-6.080921907623926,-6.080921907623926,-6.080921907623926,-6.080921907623926,-6.080921907623926,-6.080921907623926,-6.080921907623926,-6.080921907623926,-6.080921907623926,-6.080921907623926,-6.080921907623926,-6.080921907623926,-6.080921907623926,-6.080921907623926,-6.080921907623926,-6.080921907623926,-6.080921907623926
-6.134996176204059,-6.086963366354129,-6.087130148833289,-6.130619620117437,-6.099609080753855,-6.048829791945023,-6.110146395051451,-6.140683897923088,-6.089894604959507,-6.145177623142879,-6.1407041681589645,-6.089194941106646,-6.154103205393568,-6.072245511160643,-6.054382091516272,-6.140206495191708,-6.109646111807569,-6.0690041098636005,-6.129864831083422,-6.123402404595345,-6.920818753952375,-6.920818753952375,-6.920818753952375,-6.920818753952375,-6.920818753952375,-6.920818753952375,-6.920818753952375,-6.920818753952375,-6.920818753952375,-6.920818753952375,-6.920818753952375,-6.920818753952375,-6.920818753952375,-6.920818753952375,-6.920818753952375,-6.920818753952375,-6.920818753952375,-6.920818753952375,-6.920818753952375,-6.920818753952375
-5.735756993748261,-5.796744326131696,-6.003490148622639,-5.779763271588478,-5.926203431046099,-5.898477493050375,-5.988382825857911,-5.771723645229747,-5.8433342804185795,-5.9606252251055505,-5.952031771326555,-5.91856271253762,-5.979929982096337,-6.05417105767651,-5.979803276301725,-5.9490262114224395,-5.990449039463647,-5.9947696178996175,-6.117389644494904,-5.963884385046742,-6.356547323513812,-6.356547323513812,-6.356547323513812,-6.356547323513812,-6.356547323513812,-6.356547323513812,-6.356547323513812,-6.356547323513812,-6.356547323513812,-6.356547323513812,-6.356547323513812,-6.356547323513812,-6.356547323513812,-6.356547323513812,-6.356547323513812,-6.356547323513812,-6.356547323513812,-6.356547323513812,-6.356547323513812,-6.356547323513812
-5.680810708596517,-5.7651583659877215,-6.000501263467077,-5.656654341948716,-5.844841210639402,-5.917570830826669,-5.975708773988197,-5.67877906451176,-5.782220888694819,-5.876513489869701,-5.838766103771089,-5.924129728577264,-5.940854893314076,-6.082141821248411,-6.015219129485535,-5.8497781050108895,-5.92103267746886,-5.986013558298499,-6.0819862311793145,-5.87968886351573,-6.958607314841775,-6.958607314841775,-6.958607314841775,-6.958607314841775,-6.958607314841775,-6.958607314841775,-6.958607314841775,-6.958607314841775,-6.958607314841775,-6.958607314841775,-6.958607314841775,-6.958607314841775,-6.958607314841775,-6.958607314841775,-6.958607314841775,-6.958607314841775,-6.958607314841775,-6.958607314841775,-6.958607314841775,-6.958607314841775
-6.484697195360526,-6.378464260001306,-6.243253527283692,-6.464510313378763,-6.234020971625419,-6.181392269257671,-6.2277811317785865,-6.499963207679772,-6.4294083556216615,-6.325152784733918,-6.318584737080943,-6.248620771747517,-6.33724631837102,-6.2357828640398205,-6.212598778540357,-6.3607483639860005,-6.2354464570201555,-6.210242943128502,-6.165804475124345,-6.368523461497368,-5.721246399047171,-5.721246399047171,-5.721246399047171,-5.721246399047171,-5.721246399047171,-5.721246399047171,-5.721246399047171,-5.721246399047171,-5.721246399047171,-5.721246399047171,-5.721246399047171,-5.721246399047171,-5.721246399047171,-5.721246399047171,-5.721246399047171,-5.721246399047171,-5.721246399047171,-5.721246399047171,-5.721246399047171,-5.721246399047171
-6.353173928807453,-6.386380481941745,-6.402394750325988,-6.487735042467884,-6.434519581076595,-6.54184562980921,-6.4435863476364625,-6.3735324210770425,-6.496758240102231,-6.525491847991754,-6.480659791351643,-6.434537474744132,-6.593366838759847,-6.331802467865985,-6.3728323688756765,-6.660784210052451,-6.534973262914897,-6.4605990139413905,-6.598534617474859,-6.682008860245331,-6.481486060122113,-6.481486060122113,-6.481486060122113,-6.481486060122113,-6.481486060122113,-6.481486060122113,-6.481486060122113,-6.481486060122113,-6.481486060122113,-6.481486060122113,-6.481486060122113,-6.481486060122113,-6.481486060122113,-6.481486060122113,-6.481486060122113,-6.481486060122113,-6.481486060122113,-6.481486060122113,-6.481486060122113,-6.481486060122113
-6.236514033770734,-6.326771082636945,-6.4538758662406615,-6.24235562815854,-6.305613259288729,-6.2703975118610495,-6.358851598109311,-6.3098092881879735,-6.2681949568462505,-6.160934801642714,-6.203032692357676,-6.238261189362684,-6.27485235058479,-6.5122101918508415,-6.447039942859966,-6.230365330697281,-6.3965546877833,-6.455611715035909,-6.478049754198897,-6.223249923874109,-7.050609993355087,-7.050609993355087,-7.050609993355087,-7.050609993355087,-7.050609993355087,-7.050609993355087,-7.050609993355087,-7.050609993355087,-7.050609993355087,-7.050609993355087,-7.050609993355087,-7.050609993355087,-7.050609993355087,-7.050609993355087,-7.050609993355087,-7.050609993355087,-7.050609993355087,-7.050609993355087,-7.050609993355087,-7.050609993355087
-6.176838711923388,-6.005228027724334,-5.8285628793283495,-6.047395884613851,-5.871278985825417,-6.028715864831131,-5.900363503140236,-6.001875023131315,-5.94481284313603,-6.168731623276595,-6.083551255601201,-6.030415971442052,-6.142572038813322,-5.787909486767985,-5.978724048263808,-6.163610936079195,-5.963161224239089,-5.941791753468198,-5.994528914931677,-6.098694466870882,-6.769551078621726,-6.769551078621726,-6.769551078621726,-6.769551078621726,-6.769551078621726,-6.769551078621726,-6.769551078621726,-6.769551078621726,-6.769551078621726,-6.769551078621726,-6.769551078621726,-6.769551078621726,-6.769551078621726,-6.769551078621726,-6.769551078621726,-6.769551078621726,-6.769551078621726,-6.769551078621726,-6.769551078621726,-6.769551078621726
-6.417341205456564,-6.5117342827960725,-6.503494165519241,-6.459961417595074,-6.426905580926275,-6.422495534159683,-6.474607506178406,-6.485776464153417,-6.421250728001963,-6.3441183227760165,-6.383495088322996,-6.400812718763898,-6.430429688785223,-6.464280285957064,-6.48476277069677,-6.4116041890960975,-6.490993325575724,-6.484855161627776,-6.485018729590806,-6.386448720788438,-6.698970004336019,-6.698970004336019,-6.698970004336019,-6.698970004336019,-6.698970004336019,-6.698970004336019,-6.698970004336019,-6.698970004336019,-6.698970004336019,-6.698970004336019,-6.698970004336019,-6.698970004336019,-6.698970004336019,-6.698970004336019,-6.698970004336019,-6.698970004336019,-6.698970004336019,-6.698970004336019,-6.698970004336019,-6.698970004336019
-6.002406367296297,-5.856640422502125,-5.779245184023331,-5.857633816222376,-5.777107613115711,-5.878176152030001,-5.802047557770329,-5.856015434712752,-5.805332154068153,-5.982380081118935,-5.92418722324042,-5.877798322543098,-5.972756601530518,-5.773605402793733,-5.9267152891877135,-5.963098026533755,-5.875422483867147,-5.871998937151005,-5.9311759585849115,-5.92106027504145,-6.346787486224656,-6.346787486224656,-6.346787486224656,-6.346787486224656,-6.346787486224656,-6.346787486224656,-6.346787486224656,-6.346787486224656,-6.346787486224656,-6.346787486224656,-6.346787486224656,-6.346787486224656,-6.346787486224656,-6.346787486224656,-6.346787486224656,-6.346787486224656,-6.346787486224656,-6.346787486224656,-6.346787486224656,-6.346787486224656
-5.989387328192928,-5.876829397322312,-5.8736448277492235,-5.928070201166166,-5.907199903088941,-5.850926507079822,-5.889769287009961,-5.964532656432976,-5.8547066014602125,-5.961913782601057,-5.924364330990804,-5.853446741880462,-5.949793248918166,-5.898512346165937,-5.907860263843679,-5.982752839546076,-5.962013504483257,-5.936742391998282,-5.985246890023988,-5.927319245473598,-6.958607314841775,-6.958607314841775,-6.958607314841775,-6.958607314841775,-6.958607314841775,-6.958607314841775,-6.958607314841775,-6.958607314841775,-6.958607314841775,-6.958607314841775,-6.958607314841775,-6.958607314841775,-6.958607314841775,-6.958607314841775,-6.958607314841775,-6.958607314841775,-6.958607314841775,-6.958607314841775,-6.958607314841775,-6.958607314841775
-5.897434143589695,-6.012520761671457,-6.123895132135167,-5.981127201881499,-6.10404387522118,-6.0417022959465605,-6.124871975782888,-5.9745687196478405,-6.009182498030312,-6.060424378878878,-6.060860005681655,-6.049017821927104,-6.171133737004582,-6.219048974839919,-6.124045729594117,-6.094797087800113,-6.205859986917525,-6.146358464572333,-6.256259643624214,-6.077891464718579,-6.6777807052660805,-6.6777807052660805,-6.6777807052660805,-6.6777807052660805,-6.6777807052660805,-6.6777807052660805,-6.6777807052660805,-6.6777807052660805,-6.6777807052660805,-6.6777807052660805,-6.6777807052660805,-6.6777807052660805,-6.6777807052660805,-6.6777807052660805,-6.6777807052660805,-6.6777807052660805,-6.6777807052660805,-6.6777807052660805,-6.6777807052660805,-6.6777807052660805
-6.075938575864558,-5.964854836836181,-5.970429456800013,-6.050726741795616,-5.999164008443713,-5.957658031227901,-6.011474522007105,-6.052070584034601,-5.971267617191848,-6.103662314451143,-6.080450603709352,-5.9965495269949365,-6.122001942781104,-5.969469476423321,-5.966118966961764,-6.111095791947758,-6.052309826571529,-5.984445427536009,-6.092287828184681,-6.057738327914145,-6.275724130399211,-6.275724130399211,-6.275724130399211,-6.275724130399211,-6.275724130399211,-6.275724130399211,-6.275724130399211,-6.275724130399211,-6.275724130399211,-6.275724130399211,-6.275724130399211,-6.275724130399211,-6.275724130399211,-6.275724130399211,-6.275724130399211,-6.275724130399211,-6.275724130399211,-6.275724130399211,-6.275724130399211,-6.275724130399211
-6.279213805616043,-6.197171903386189,-6.134342380953296,-6.316266492674928,-6.068187461275176,-6.438315749475124,-6.134449541572275,-6.097574789638935,-6.485429768821978,-6.566033430736882,-6.467511885238466,-6.459191575707555,-6.559899786473874,-6.021249928594736,-6.2064909504562475,-6.560277226212818,-6.175269132983406,-6.23135308674957,-6.358728807106129,-6.6452206074496525,-6.795880017344075,-6.795880017344075,-6.795880017344075,-6.795880017344075,-6.795880017344075,-6.795880017344075,-6.795880017344075,-6.795880017344075,-6.795880017344075,-6.795880017344075,-6.795880017344075,-6.795880017344075,-6.795880017344075,-6.795880017344075,-6.795880017344075,-6.795880017344075,-6.795880017344075,-6.795880017344075,-6.795880017344075,-6.795880017344075
-5.954880697905316,-6.073269608847102,-6.1136313055018245,-6.019835159342907,-6.112633866856676,-5.979036233273123,-6.094232909356953,-6.073516616583843,-6.0040077135590995,-5.950351439973515,-5.988659097157296,-5.992624041751742,-6.011776095872358,-6.150598978873409,-6.055938756539495,-5.971267638770331,-6.111037738778435,-6.079592637263765,-6.052932308637599,-5.961090969745698,-5.568636235841013,-5.568636235841013,-5.568636235841013,-5.568636235841013,-5.568636235841013,-5.568636235841013,-5.568636235841013,-5.568636235841013,-5.568636235841013,-5.568636235841013,-5.568636235841013,-5.568636235841013,-5.568636235841013,-5.568636235841013,-5.568636235841013,-5.568636235841013,-5.568636235841013,-5.568636235841013,-5.568636235841013,-5.568636235841013
-5.923404838125121,-6.056772334959354,-6.0219343690887435,-6.011262829939105,-6.025222912155347,-6.030299891847755,-5.997497504297039,-5.9462947022250825,-6.070212510212351,-6.066660297984308,-6.07809189830153,-6.0771534748203635,-6.1043042527131455,-6.030423778471493,-6.00263079866768,-6.017098825601689,-6.045741014607668,-6.01769770877194,-6.012296392256942,-6.03337354843007,-6.886056647693163,-6.886056647693163,-6.886056647693163,-6.886056647693163,-6.886056647693163,-6.886056647693163,-6.886056647693163,-6.886056647693163,-6.886056647693163,-6.886056647693163,-6.886056647693163,-6.886056647693163,-6.886056647693163,-6.886056647693163,-6.886056647693163,-6.886056647693163,-6.886056647693163,-6.886056647693163,-6.886056647693163,-6.886056647693163
-6.0743227517885074,-6.088214707549582,-6.00993456495106,-6.0944374866254805,-6.044831410325151,-5.992942707016031,-6.003742937359785,-6.088381008729092,-6.114018986776637,-6.057905625473317,-6.07857465653986,-6.0624015979957635,-6.061757497831071,-5.975847136096922,-5.94559372247868,-5.995460691733623,-5.981232426237879,-5.947854618015477,-5.92801120628878,-6.023314265186354,-6.958607314841775,-6.958607314841775,-6.958607314841775,-6.958607314841775,-6.958607314841775,-6.958607314841775,-6.958607314841775,-6.958607314841775,-6.958607314841775,-6.958607314841775,-6.958607314841775,-6.958607314841775,-6.958607314841775,-6.958607314841775,-6.958607314841775,-6.958607314841775,-6.958607314841775,-6.958607314841775,-6.958607314841775,-6.958607314841775
-5.881393978409608,-6.002073885656381,-5.957325742719128,-5.9605819272615905,-5.976251843666567,-5.963285186791526,-5.922584121684326,-5.90478764780277,-6.01626660611121,-5.995965399515464,-6.013389531782521,-6.005867774503586,-6.0034645465391625,-5.948318440215753,-5.926671628243152,-5.9375585662349195,-5.959726893163127,-5.943695767518837,-5.911679643952294,-5.967688633463881,-6.6777807052660805,-6.6777807052660805,-6.6777807052660805,-6.6777807052660805,-6.6777807052660805,-6.6777807052660805,-6.6777807052660805,-6.6777807052660805,-6.6777807052660805,-6.6777807052660805,-6.6777807052660805,-6.6777807052660805,-6.6777807052660805,-6.6777807052660805,-6.6777807052660805,-6.6777807052660805,-6.6777807052660805,-6.6777807052660805,-6.6777807052660805,-6.6777807052660805
-5.960566614469529,-6.081544115164012,-6.027238297771303,-6.051239430521959,-6.023604919265031,-6.07813218792749,-6.009514365407785,-5.9532734377455965,-6.125074447120177,-6.135339556421163,-6.12886746351521,-6.134121075339588,-6.168654018797722,-6.023609644786265,-6.006706788263756,-6.082681133696481,-6.048056789282212,-6.031279901708551,-6.02549590758975,-6.102103017239073,-6.552841968657781,-6.552841968657781,-6.552841968657781,-6.552841968657781,-6.552841968657781,-6.552841968657781,-6.552841968657781,-6.552841968657781,-6.552841968657781,-6.552841968657781,-6.552841968657781,-6.552841968657781,-6.552841968657781,-6.552841968657781,-6.552841968657781,-6.552841968657781,-6.552841968657781,-6.552841968657781,-6.552841968657781,-6.552841968657781
-5.9709985587684695,-6.1038111283983385,-6.138892188335699,-6.048695710929276,-6.122962052582148,-6.009133890290466,-6.107402329289751,-6.085684060116816,-6.04989185407791,-5.980368601475719,-6.025981847493344,-6.028914967560033,-6.039753393725969,-6.166664422907634,-6.075275092575478,-5.993179099586911,-6.118009611981299,-6.098932069534872,-6.064625120872898,-5.992887602310797,-6.698970004336019,-6.698970004336019,-6.698970004336019,-6.698970004336019,-6.698970004336019,-6.698970004336019,-6.698970004336019,-6.698970004336019,-6.698970004336019,-6.698970004336019,-6.698970004336019,-6.698970004336019,-6.698970004336019,-6.698970004336019,-6.698970004336019,-6.698970004336019,-6.698970004336019,-6.698970004336019,-6.698970004336019,-6.698970004336019
-5.865351297951214,-5.964951584667314,-5.952238257453155,-5.941456509672444,-5.9985874215353165,-5.92761669486214,-5.931008208331329,-5.918271657353864,-5.973968742941464,-5.953951547152063,-5.97177498126897,-5.955077165651881,-5.979065452565653,-5.96232882251875,-5.912788392016032,-5.9222908010291935,-5.980063465026924,-5.928971018242732,-5.930475223054027,-5.950699075161431,-6.552841968657781,-6.552841968657781,-6.552841968657781,-6.552841968657781,-6.552841968657781,-6.552841968657781,-6.552841968657781,-6.552841968657781,-6.552841968657781,-6.552841968657781,-6.552841968657781,-6.552841968657781,-6.552841968657781,-6.552841968657781,-6.552841968657781,-6.552841968657781,-6.552841968657781,-6.552841968657781,-6.552841968657781,-6.552841968657781
-5.9772879265183105,-5.983084643513026,-5.936478814303074,-5.997623254143697,-5.992669114028966,-5.90570129096739,-5.929829193956447,-6.002703316911916,-6.015970349563061,-5.978952859174114,-5.988832455627333,-5.962811722075968,-5.980884769243488,-5.930179994363917,-5.878377623744299,-5.925341606799488,-5.9412239183033355,-5.8932159611250885,-5.892983134818087,-5.947236582351874,-6.795880017344075,-6.795880017344075,-6.795880017344075,-6.795880017344075,-6.795880017344075,-6.795880017344075,-6.795880017344075,-6.795880017344075,-6.795880017344075,-6.795880017344075,-6.795880017344075,-6.795880017344075,-6.795880017344075,-6.795880017344075,-6.795880017344075,-6.795880017344075,-6.795880017344075,-6.795880017344075,-6.795880017344075,-6.795880017344075
-6.224751638644351,-6.293027133865529,-6.2247569100022835,-6.261515372092276,-6.233195976232522,-6.151966728499911,-6.214586657961806,-6.29503757726095,-6.23328338834632,-6.1550354974988615,-6.186789781630909,-6.189872168515825,-6.166506670072303,-6.197464147482979,-6.162077291073545,-6.145113403159415,-6.188952586040949,-6.176391392694217,-6.109744055592811,-6.148072170705487,-6.958607314841775,-6.958607314841775,-6.958607314841775,-6.958607314841775,-6.958607314841775,-6.958607314841775,-6.958607314841775,-6.958607314841775,-6.958607314841775,-6.958607314841775,-6.958607314841775,-6.958607314841775,-6.958607314841775,-6.958607314841775,-6.958607314841775,-6.958607314841775,-6.958607314841775,-6.958607314841775,-6.958607314841775,-6.958607314841775
-6.075382661799208,-6.067661565040117,-5.990515739800116,-6.085326594072904,-6.0241112586925585,-5.968289651076534,-5.984908033801426,-6.0826190704542755,-6.097486570354082,-6.045250466343549,-6.0620249096774295,-6.041591052369775,-6.0481686641392045,-5.959350381906355,-5.923713357440513,-5.989961815157902,-5.957434821405951,-5.930199886493066,-5.9085232800352046,-6.0146476686445345,-6.698970004336019,-6.698970004336019,-6.698970004336019,-6.698970004336019,-6.698970004336019,-6.698970004336019,-6.698970004336019,-6.698970004336019,-6.698970004336019,-6.698970004336019,-6.698970004336019,-6.698970004336019,-6.698970004336019,-6.698970004336019,-6.698970004336019,-6.698970004336019,-6.698970004336019,-6.698970004336019,-6.698970004336019,-6.698970004336019
-6.019527091563622,-6.16144474183745,-6.2071406363235075,-6.047269983369954,-6.205974645913039,-6.120090836119684,-6.183814706670277,-6.104582655359022,-6.00324656707979,-5.965528001094708,-6.0193662255916305,-6.049147490392688,-6.103773596548501,-6.24998158914486,-6.240035076648941,-6.039864830966414,-6.258676422275183,-6.223579924200355,-6.275480259165657,-6.018430638805078,-6.958607314841775,-6.958607314841775,-6.958607314841775,-6.958607314841775,-6.958607314841775,-6.958607314841775,-6.958607314841775,-6.958607314841775,-6.958607314841775,-6.958607314841775,-6.958607314841775,-6.958607314841775,-6.958607314841775,-6.958607314841775,-6.958607314841775,-6.958607314841775,-6.958607314841775,-6.958607314841775,-6.958607314841775,-6.958607314841775
-6.1595078533531336,-6.181156112946076,-6.148210327918689,-6.181222411839644,-6.1632620089257175,-6.081663763814988,-6.155981449505065,-6.214752910136931,-6.1189961010169105,-6.111143261569432,-6.123627237468965,-6.105123609452554,-6.133666766402467,-6.137786663330897,-6.108589181511104,-6.130554491571434,-6.164432729798428,-6.134753298880712,-6.102086540292389,-6.098551425616984,-6.958607314841775,-6.958607314841775,-6.958607314841775,-6.958607314841775,-6.958607314841775,-6.958607314841775,-6.958607314841775,-6.958607314841775,-6.958607314841775,-6.958607314841775,-6.958607314841775,-6.958607314841775,-6.958607314841775,-6.958607314841775,-6.958607314841775,-6.958607314841775,-6.958607314841775,-6.958607314841775,-6.958607314841775,-6.958607314841775
-6.222827443325257,-6.293717009320145,-6.465608379635452,-6.281058585786611,-6.347188853329931,-6.368746575620332,-6.4102121450620135,-6.297332715806398,-6.347794277660043,-6.339328783507448,-6.356646130228188,-6.374303087166346,-6.374850510738338,-6.466835683120784,-6.455875543927236,-6.354916815397869,-6.413643440862865,-6.466971252603366,-6.494031804600182,-6.3727011125160296,-7.0,-7.0,-7.0,-7.0,-7.0,-7.0,-7.0,-7.0,-7.0,-7.0,-7.0,-7.0,-7.0,-7.0,-7.0,-7.0,-7.0,-7.0,-7.0,-7.0
